product_id,mean,median,std,min,max,iqr,cv,price_range,price_spread_ratio
00016268-c85a-48c6-a324-91796e478f84,9900.0,9900.0,0.0,9900.0,9900.0,0.0,0.0,0.0,1.0
000b6128-67e8-4077-a072-83f5878ca24c,46900.0,46900.0,0.0,46900.0,46900.0,0.0,0.0,0.0,1.0
0013e71c-9b69-49b1-8bf7-8e766543422c,8995.0,8995.0,0.0,8995.0,8995.0,0.0,0.0,0.0,1.0
001cdbb0-796b-4faf-9cc8-06e6aca46956,2575.0,2575.0,0.0,2575.0,2575.0,0.0,0.0,0.0,1.0
0020e5c0-5db9-4b0b-a740-6c1a21b9c2fe,995.0,995.0,0.0,995.0,995.0,0.0,0.0,0.0,1.0
002ae34a-c6ed-49e7-8182-fd160e840f4e,28900.0,28900.0,0.0,28900.0,28900.0,0.0,0.0,0.0,1.0
0030030c-27a6-4e8c-a520-1c1b7e0fc3d5,1895.0,1895.0,0.0,1895.0,1895.0,0.0,0.0,0.0,1.0
00354832-0e1c-43b0-9c0e-28e7dbd70de7,1535.0,1535.0,0.0,1535.0,1535.0,0.0,0.0,0.0,1.0
003cd2d2-5cb3-4ed1-b740-d7aee7bf5a7d,375.0,375.0,0.0,375.0,375.0,0.0,0.0,0.0,1.0
004146d4-d3c3-415e-9b63-99599e173279,695.0,695.0,0.0,695.0,695.0,0.0,0.0,0.0,1.0
00494abd-16d1-4261-a473-85b40c4ce825,945.0,945.0,0.0,945.0,945.0,0.0,0.0,0.0,1.0
0049f487-ceaa-400e-a644-eda11261ba00,6150.0,6150.0,0.0,6150.0,6150.0,0.0,0.0,0.0,1.0
004b4fcc-5c6e-407d-8d4b-383575e62853,3800.0,3800.0,0.0,3800.0,3800.0,0.0,0.0,0.0,1.0
004e04a5-bbc5-441f-91b2-14b563c02b01,745.0,745.0,0.0,745.0,745.0,0.0,0.0,0.0,1.0
006685db-07a0-4a57-b7f3-197faae83c92,4700.0,4700.0,0.0,4700.0,4700.0,0.0,0.0,0.0,1.0
006fe32a-4ffa-4e51-b0de-a42671abff47,2195.0,2195.0,0.0,2195.0,2195.0,0.0,0.0,0.0,1.0
007271aa-b9ba-48b6-995c-a49699b739d4,895.0,895.0,0.0,895.0,895.0,0.0,0.0,0.0,1.0
0078075f-a4f1-46fc-8276-2b23142c9bb5,995.0,995.0,0.0,995.0,995.0,0.0,0.0,0.0,1.0
0079f70d-053c-4058-9bb5-75e5944e8627,11900.0,11900.0,0.0,11900.0,11900.0,0.0,0.0,0.0,1.0
009565b9-e72e-4572-96a1-2a9f1e400805,1595.0,1595.0,0.0,1595.0,1595.0,0.0,0.0,0.0,1.0
00a439a9-1f10-4c23-b900-bca7b90b3b1f,575.0,575.0,0.0,575.0,575.0,0.0,0.0,0.0,1.0
00a5e687-7249-423c-9f46-178e0865b70d,9500.0,9500.0,0.0,9500.0,9500.0,0.0,0.0,0.0,1.0
00aa5bfe-23ac-440e-87e7-fbe973f55c7a,1895.0,1895.0,0.0,1895.0,1895.0,0.0,0.0,0.0,1.0
00b46c3c-18e0-4833-b531-d3e295a61bd3,11.0,11.0,0.0,11.0,11.0,0.0,0.0,0.0,1.0
00ba3828-cdc0-42b3-b40f-f2eec55059ff,6790.0,6790.0,0.0,6790.0,6790.0,0.0,0.0,0.0,1.0
00bba2bf-daab-4021-bb7c-e35952ac6bae,2720.0,2720.0,0.0,2720.0,2720.0,0.0,0.0,0.0,1.0
00bbd5b1-61c9-418c-9865-2d5e1a8597b7,599.0,599.0,0.0,599.0,599.0,0.0,0.0,0.0,1.0
00beaf20-e9cf-4c7d-a67c-526b0158223b,3995.0,3995.0,0.0,3995.0,3995.0,0.0,0.0,0.0,1.0
00c01476-16ef-4fbc-ad32-4ffdcc469b06,1995.0,1995.0,0.0,1995.0,1995.0,0.0,0.0,0.0,1.0
00c0fb85-7172-4426-a6bc-3c96da18138a,4050.0,4050.0,0.0,4050.0,4050.0,0.0,0.0,0.0,1.0
00c70d7b-18c2-44f5-baf8-c55a92a3c9b7,2295.0,2295.0,0.0,2295.0,2295.0,0.0,0.0,0.0,1.0
00d04298-4d04-4998-8134-597befa009e2,5495.0,5495.0,0.0,5495.0,5495.0,0.0,0.0,0.0,1.0
00d1624f-6572-444b-afcf-f9e2d4a98aa3,6900.0,6900.0,0.0,6900.0,6900.0,0.0,0.0,0.0,1.0
00d1bc26-a494-496c-877f-0dc8ec331119,445.0,445.0,0.0,445.0,445.0,0.0,0.0,0.0,1.0
00d82cc4-d021-49a0-bd52-60035d612f48,33900.0,33900.0,0.0,33900.0,33900.0,0.0,0.0,0.0,1.0
00dfc22d-0076-4531-9b78-1c2a605890d8,895.0,895.0,0.0,895.0,895.0,0.0,0.0,0.0,1.0
00ee520e-fe51-4ea2-8173-ad048584d7ce,7200.0,7200.0,0.0,7200.0,7200.0,0.0,0.0,0.0,1.0
00f49797-b97b-49b7-8a2c-ab9986160b34,5500.0,5500.0,0.0,5500.0,5500.0,0.0,0.0,0.0,1.0
00f61584-1a03-42d6-ad05-77508a6c36d8,2850.0,2850.0,0.0,2850.0,2850.0,0.0,0.0,0.0,1.0
00f968fa-6aa5-4719-bed8-a40541d5754a,6995.0,6995.0,0.0,6995.0,6995.0,0.0,0.0,0.0,1.0
00fcc1b3-264f-4cb7-ac45-ff2d2c148f38,4995.0,4995.0,0.0,4995.0,4995.0,0.0,0.0,0.0,1.0
00fdb420-645d-4f1b-bc87-3a4f57bfb028,800.0,800.0,0.0,800.0,800.0,0.0,0.0,0.0,1.0
01023cad-5b84-457d-b9b2-da022313aeaf,795.0,795.0,0.0,795.0,795.0,0.0,0.0,0.0,1.0
0104e318-8b57-4acb-899f-a03628a0333a,3695.0,3695.0,0.0,3695.0,3695.0,0.0,0.0,0.0,1.0
010b7304-b4c0-4f1c-b2b6-a53ecafa1f81,169.0,169.0,0.0,169.0,169.0,0.0,0.0,0.0,1.0
010cf237-abe9-4fc1-8901-1084bda175a3,650.0,650.0,0.0,650.0,650.0,0.0,0.0,0.0,1.0
010db33d-8079-43d5-9e48-398e534712f3,595.0,595.0,0.0,595.0,595.0,0.0,0.0,0.0,1.0
010de69f-be0e-4a5a-9a3b-96b8f9b1284c,9900.0,9900.0,0.0,9900.0,9900.0,0.0,0.0,0.0,1.0
0120a661-7483-48ff-9bdb-628035b55381,3160.0,3160.0,0.0,3160.0,3160.0,0.0,0.0,0.0,1.0
0120ebd0-0614-4300-837d-1046c275091a,845.0,845.0,0.0,845.0,845.0,0.0,0.0,0.0,1.0
013dc5d0-f1e5-4854-b57d-63c16693eea9,895.0,895.0,0.0,895.0,895.0,0.0,0.0,0.0,1.0
013e191d-87c5-4c04-a7b3-c02fad3b8c8e,1495.0,1495.0,0.0,1495.0,1495.0,0.0,0.0,0.0,1.0
0146f900-6aa1-491b-ac7f-1d8236a8985d,1295.0,1295.0,0.0,1295.0,1295.0,0.0,0.0,0.0,1.0
01508f4f-8f6e-4861-b68a-d37f91ee4c06,5495.0,5495.0,0.0,5495.0,5495.0,0.0,0.0,0.0,1.0
0156b4b9-df82-4d77-aa44-5f9ea131a7be,2295.0,2295.0,0.0,2295.0,2295.0,0.0,0.0,0.0,1.0
0157076d-3e42-424f-8a5f-d3ab8da96604,12900.0,12900.0,0.0,12900.0,12900.0,0.0,0.0,0.0,1.0
015edaac-148f-476e-9b6b-a89e7a71fb19,3799.0,3799.0,0.0,3799.0,3799.0,0.0,0.0,0.0,1.0
01602d37-deb7-442a-9bba-ce0995ea2e19,12900.0,12900.0,0.0,12900.0,12900.0,0.0,0.0,0.0,1.0
016490d7-78d2-42c2-af10-f4a051c8e713,1330.02,1330.02,0.0,1330.02,1330.02,0.0,0.0,0.0,1.0
016ad5bb-0713-4d33-b37e-67908861f612,14900.0,14900.0,0.0,14900.0,14900.0,0.0,0.0,0.0,1.0
01700e6f-7551-4388-b67a-66c8f617d1a2,299.0,299.0,0.0,299.0,299.0,0.0,0.0,0.0,1.0
01805dba-d7ca-4e6b-9d99-ebe2fee3b4ee,8400.0,8400.0,0.0,8400.0,8400.0,0.0,0.0,0.0,1.0
01954da6-b108-411b-8c26-0fd04294de27,2150.0,2150.0,0.0,2150.0,2150.0,0.0,0.0,0.0,1.0
01956d98-6427-4888-aefc-79b61b01ba1e,1450.0,1450.0,0.0,1450.0,1450.0,0.0,0.0,0.0,1.0
01981acc-c64c-40af-8c7a-f5f491bf7295,12900.0,12900.0,0.0,12900.0,12900.0,0.0,0.0,0.0,1.0
01982d49-e945-4a02-801c-4b0f1610b278,1300.0,1300.0,0.0,1300.0,1300.0,0.0,0.0,0.0,1.0
0198e2d2-24cb-4fea-8c62-9d3be0def7f0,1595.0,1595.0,0.0,1595.0,1595.0,0.0,0.0,0.0,1.0
01abb26f-6a87-496e-a40a-ce09c0ddfde9,4295.0,4295.0,0.0,4295.0,4295.0,0.0,0.0,0.0,1.0
01b25b7f-1ca5-4b85-aeaf-6ef160981d8f,1745.0,1745.0,0.0,1745.0,1745.0,0.0,0.0,0.0,1.0
01b598f7-4d94-47c7-a9fc-bb29147f3e6d,56900.0,56900.0,0.0,56900.0,56900.0,0.0,0.0,0.0,1.0
01c49f71-7860-4853-8982-b719ae3581ec,15900.0,15900.0,0.0,15900.0,15900.0,0.0,0.0,0.0,1.0
01c5cf06-5d78-4aaa-bb5a-e7ad6c68d9a0,295.0,295.0,0.0,295.0,295.0,0.0,0.0,0.0,1.0
01cb566c-9392-443c-84d9-4196d8d686a5,499.0,499.0,0.0,499.0,499.0,0.0,0.0,0.0,1.0
01d5eba6-fd71-48a8-914f-2128b253c612,21500.0,21500.0,0.0,21500.0,21500.0,0.0,0.0,0.0,1.0
01d7b3b8-afa7-48e9-a432-0486a6d3c345,4995.0,4995.0,0.0,4995.0,4995.0,0.0,0.0,0.0,1.0
01d922bc-4a4d-43ff-b959-5d9f9cfa236a,375.0,375.0,0.0,375.0,375.0,0.0,0.0,0.0,1.0
01dc13eb-5ed4-4c15-84db-ddd7abf3800c,13900.0,13900.0,0.0,13900.0,13900.0,0.0,0.0,0.0,1.0
01ec426c-dc84-405d-9cdf-ec805aeb3120,7995.0,7995.0,0.0,7995.0,7995.0,0.0,0.0,0.0,1.0
01fe5787-03e2-460f-a8f8-d96c04fecdae,2999.0,2999.0,0.0,2999.0,2999.0,0.0,0.0,0.0,1.0
020737cb-f0b4-40f0-bc5a-0f1d842ce663,2995.0,2995.0,0.0,2995.0,2995.0,0.0,0.0,0.0,1.0
02112676-55e9-47fb-8cb4-9379bcae73d9,595.0,595.0,0.0,595.0,595.0,0.0,0.0,0.0,1.0
021295fa-3f3f-4cdd-b003-9453e5f9e400,1195.0,1195.0,0.0,1195.0,1195.0,0.0,0.0,0.0,1.0
021a8a90-5f25-46a2-9266-1166cae36dbe,2395.0,2395.0,0.0,2395.0,2395.0,0.0,0.0,0.0,1.0
021d7ac9-9ccf-4347-9ff1-631ab31e3579,8900.0,8900.0,0.0,8900.0,8900.0,0.0,0.0,0.0,1.0
021e55bc-ad5f-4eb3-80e3-1f39234fbe7b,8495.0,8495.0,0.0,8495.0,8495.0,0.0,0.0,0.0,1.0
0226c7a8-c3ce-4358-8643-3be4d6959122,4500.0,4500.0,0.0,4500.0,4500.0,0.0,0.0,0.0,1.0
02273f42-13f7-4e21-8b2c-9720354eb78f,15900.0,15900.0,0.0,15900.0,15900.0,0.0,0.0,0.0,1.0
022cfaa0-0957-4421-90a3-fdbdc04f2771,1290.0,1290.0,0.0,1290.0,1290.0,0.0,0.0,0.0,1.0
02370b0e-c577-4e07-ac6a-9770fddb0917,11900.0,11900.0,0.0,11900.0,11900.0,0.0,0.0,0.0,1.0
024df3b0-a2ff-48d3-8b7a-f0507847267a,4200.0,4200.0,0.0,4200.0,4200.0,0.0,0.0,0.0,1.0
0257af1a-3964-477d-8d60-e3a048e437fc,5995.0,5995.0,0.0,5995.0,5995.0,0.0,0.0,0.0,1.0
025a79e1-e2d1-4d89-90d7-67bcadf963b1,990.0,990.0,0.0,990.0,990.0,0.0,0.0,0.0,1.0
025b5bf0-450b-4e13-b3dc-107ce02fce49,1395.0,1395.0,0.0,1395.0,1395.0,0.0,0.0,0.0,1.0
025cf8fd-6aad-4eb3-9fd1-298d218a1145,5000.0,5000.0,0.0,5000.0,5000.0,0.0,0.0,0.0,1.0
02702c11-0fd8-4523-8d6e-ce9288b95666,1395.0,1395.0,0.0,1395.0,1395.0,0.0,0.0,0.0,1.0
02720b80-52a8-40ca-811f-fda4a73b03ba,995.0,995.0,0.0,995.0,995.0,0.0,0.0,0.0,1.0
027f9d03-ed52-47ea-8e8d-4455ece97657,2995.0,2995.0,0.0,2995.0,2995.0,0.0,0.0,0.0,1.0
02891305-52c6-4b86-9243-d2931a86be62,185.0,185.0,0.0,185.0,185.0,0.0,0.0,0.0,1.0
028f6b3e-359d-4f5f-aa42-21dc794986c5,16900.0,16900.0,0.0,16900.0,16900.0,0.0,0.0,0.0,1.0
02972d19-79c1-4ecd-bf5f-dd9c13708d1c,3595.0,3595.0,0.0,3595.0,3595.0,0.0,0.0,0.0,1.0
02a7d49f-5464-4aa7-9a59-ea1bf7054c3e,1575.0,1575.0,0.0,1575.0,1575.0,0.0,0.0,0.0,1.0
02b0d900-8f09-4fc0-af56-f24411ca7c4b,5495.0,5495.0,0.0,5495.0,5495.0,0.0,0.0,0.0,1.0
02b2d18e-7d83-4867-bdc9-b0301d03f6e4,23900.0,23900.0,0.0,23900.0,23900.0,0.0,0.0,0.0,1.0
02ba1a0a-3491-41ed-b69a-ddd19fda991b,5995.0,5995.0,0.0,5995.0,5995.0,0.0,0.0,0.0,1.0
02bb6a44-09ea-43b1-84c4-dcbd97c60111,52900.0,52900.0,0.0,52900.0,52900.0,0.0,0.0,0.0,1.0
02c78831-79b5-4912-9a58-625c0696138f,6695.0,6695.0,0.0,6695.0,6695.0,0.0,0.0,0.0,1.0
02c9231c-2c89-45a0-91d9-5b7efb4f1775,3250.0,3250.0,0.0,3250.0,3250.0,0.0,0.0,0.0,1.0
02eea1a9-bd7c-4afd-83a5-cd3fc0daf229,1495.0,1495.0,0.0,1495.0,1495.0,0.0,0.0,0.0,1.0
02f24807-7778-4806-9b0f-e5c75b34f7b9,995.0,995.0,0.0,995.0,995.0,0.0,0.0,0.0,1.0
03019e6e-b216-4bc8-ac7b-9104301dca7f,90.0,90.0,0.0,90.0,90.0,0.0,0.0,0.0,1.0
03051a16-cede-4ecf-a3ed-e165857ee4b9,5895.0,5895.0,0.0,5895.0,5895.0,0.0,0.0,0.0,1.0
030ecb2b-14de-498a-a790-a26976db77dd,5995.0,5995.0,0.0,5995.0,5995.0,0.0,0.0,0.0,1.0
03172562-17af-4b30-ae15-ed62b6769929,2195.0,2195.0,0.0,2195.0,2195.0,0.0,0.0,0.0,1.0
0318fe62-3cfb-4624-bc53-97847082c503,845.0,845.0,0.0,845.0,845.0,0.0,0.0,0.0,1.0
03210d31-86b9-4296-80e4-583fff3dfa62,1595.0,1595.0,0.0,1595.0,1595.0,0.0,0.0,0.0,1.0
032b241b-21eb-4816-9473-8934c6ca80a9,2695.0,2695.0,0.0,2695.0,2695.0,0.0,0.0,0.0,1.0
033182d3-3c43-4af3-a7eb-225664dd7739,8900.0,8900.0,0.0,8900.0,8900.0,0.0,0.0,0.0,1.0
0334f479-32ad-49f3-aea8-3f632f67650c,495.0,495.0,0.0,495.0,495.0,0.0,0.0,0.0,1.0
033cb2e6-f7ec-4049-93df-f9d489f1d7dc,7300.0,7300.0,0.0,7300.0,7300.0,0.0,0.0,0.0,1.0
034300a3-d0c8-4405-8a77-488e836b21f3,845.0,845.0,0.0,845.0,845.0,0.0,0.0,0.0,1.0
03562223-51b7-4254-8105-d8e0f4851463,1795.0,1795.0,0.0,1795.0,1795.0,0.0,0.0,0.0,1.0
03587a5b-fbea-434e-878b-404fb6b9ba95,565.0,565.0,0.0,565.0,565.0,0.0,0.0,0.0,1.0
035d3cd2-3bd8-4378-88d4-0dd0df045a08,11200.0,11200.0,0.0,11200.0,11200.0,0.0,0.0,0.0,1.0
035f7931-9a9c-4c68-b9a1-b46d07a6e960,3895.0,3895.0,0.0,3895.0,3895.0,0.0,0.0,0.0,1.0
0368d4d9-c89f-4815-95aa-a7997e3f67c8,7295.0,7295.0,0.0,7295.0,7295.0,0.0,0.0,0.0,1.0
036dcb69-dba2-4629-81cb-9eb87bbfa7de,895.0,895.0,0.0,895.0,895.0,0.0,0.0,0.0,1.0
0373a2ee-c839-44e7-b984-9badb430649b,11900.0,11900.0,0.0,11900.0,11900.0,0.0,0.0,0.0,1.0
037c6c1b-2ab0-4f2b-a43b-8652c648e576,2480.0,2480.0,0.0,2480.0,2480.0,0.0,0.0,0.0,1.0
03838745-58a9-41f6-bc27-9e794bccfb9d,175.0,175.0,0.0,175.0,175.0,0.0,0.0,0.0,1.0
038fb2af-1eb1-422a-b1d8-72e023cd9a1c,945.0,945.0,0.0,945.0,945.0,0.0,0.0,0.0,1.0
0390d068-54a0-4b19-8dde-b3e76c57b9d3,13500.0,13500.0,0.0,13500.0,13500.0,0.0,0.0,0.0,1.0
0393cba9-860f-4a0e-940e-9d195f879c2c,2695.0,2695.0,0.0,2695.0,2695.0,0.0,0.0,0.0,1.0
0397fe17-8f55-46ea-8861-124ea476aa51,19900.0,19900.0,0.0,19900.0,19900.0,0.0,0.0,0.0,1.0
039ae97b-6a3c-4dd3-a253-c08958153720,125.0,125.0,0.0,125.0,125.0,0.0,0.0,0.0,1.0
039dcc43-714a-4619-9440-e52858d02b25,3495.0,3495.0,0.0,3495.0,3495.0,0.0,0.0,0.0,1.0
039e8495-44e6-40cc-9968-bee9ed1cdd5c,3600.0,3600.0,0.0,3600.0,3600.0,0.0,0.0,0.0,1.0
039fb822-6fdc-4b7b-b9eb-ff9ba793760d,265.0,265.0,0.0,265.0,265.0,0.0,0.0,0.0,1.0
03a0c98d-24d7-4387-9ce5-bb7ce9a8d0aa,1345.0,1345.0,0.0,1345.0,1345.0,0.0,0.0,0.0,1.0
03a9ceb2-0848-4db2-92a5-b1fdb83372b5,8995.0,8995.0,0.0,8995.0,8995.0,0.0,0.0,0.0,1.0
03ae9dcd-dea9-4d0e-b87b-7818513bc6d4,10500.0,10500.0,0.0,10500.0,10500.0,0.0,0.0,0.0,1.0
03b1c7d2-fc12-4eb8-a92f-e4ecbce66ced,4810.0,4810.0,0.0,4810.0,4810.0,0.0,0.0,0.0,1.0
03bd9fa2-aefd-4133-868a-1e2061bbaa73,395.0,395.0,0.0,395.0,395.0,0.0,0.0,0.0,1.0
03c208b4-e6c0-4c3b-88af-9665811ee7ff,1095.0,1095.0,0.0,1095.0,1095.0,0.0,0.0,0.0,1.0
03c681ed-1e1f-413c-abb8-31575cea430e,15500.0,15500.0,0.0,15500.0,15500.0,0.0,0.0,0.0,1.0
03cd680e-065d-40af-9160-3547ab299133,1295.0,1295.0,0.0,1295.0,1295.0,0.0,0.0,0.0,1.0
03d079c9-14c0-4597-b7e3-91283bd9a62b,13900.0,13900.0,0.0,13900.0,13900.0,0.0,0.0,0.0,1.0
03d1713d-9060-4cc7-a4f6-8a71bed7f0db,11900.0,11900.0,0.0,11900.0,11900.0,0.0,0.0,0.0,1.0
03dabc27-6770-426c-8d69-07a862152d06,17900.0,17900.0,0.0,17900.0,17900.0,0.0,0.0,0.0,1.0
03db8052-4191-4182-abc0-6c04ce2e3171,13900.0,13900.0,0.0,13900.0,13900.0,0.0,0.0,0.0,1.0
03e3bc67-6bc3-43fb-93f6-561f206a619b,3995.0,3995.0,0.0,3995.0,3995.0,0.0,0.0,0.0,1.0
03ed62cb-d4ed-4f7a-b311-67567afb8caf,1795.0,1795.0,0.0,1795.0,1795.0,0.0,0.0,0.0,1.0
03edc6a5-2795-4db1-b539-a3e5003dc556,3399.0,3399.0,0.0,3399.0,3399.0,0.0,0.0,0.0,1.0
03f1e0e9-44c9-49b0-8714-304bc6ddccaa,545.0,545.0,0.0,545.0,545.0,0.0,0.0,0.0,1.0
03f33afb-cb5d-45cc-a21f-bcd2a6095ba0,2795.0,2795.0,0.0,2795.0,2795.0,0.0,0.0,0.0,1.0
03f3894d-2f91-4bdd-9e3e-4c656ba026b0,995.0,995.0,0.0,995.0,995.0,0.0,0.0,0.0,1.0
03f913cb-658d-4547-91a9-52baa996324a,2595.0,2595.0,0.0,2595.0,2595.0,0.0,0.0,0.0,1.0
040380dc-7d65-40f4-b8f4-dbfaea6b9080,775.0,775.0,0.0,775.0,775.0,0.0,0.0,0.0,1.0
040677a6-174b-4592-80d6-40373ffb6b92,4400.0,4400.0,0.0,4400.0,4400.0,0.0,0.0,0.0,1.0
0408515c-2f97-42a8-b542-9ff1800d3b6a,595.0,595.0,0.0,595.0,595.0,0.0,0.0,0.0,1.0
0415ef53-6bb6-4d9e-b278-380a19605ab9,14900.0,14900.0,0.0,14900.0,14900.0,0.0,0.0,0.0,1.0
042122ec-cc66-4acd-91e9-eae821c57148,15900.0,15900.0,0.0,15900.0,15900.0,0.0,0.0,0.0,1.0
042815de-5b4f-4a26-891b-95216d3222e4,55.0,55.0,0.0,55.0,55.0,0.0,0.0,0.0,1.0
042ec3c2-ce39-4eba-b49f-5a1034c4f526,8500.0,8500.0,0.0,8500.0,8500.0,0.0,0.0,0.0,1.0
0431c821-5735-49e7-965c-5cbe6c44f11c,895.0,895.0,0.0,895.0,895.0,0.0,0.0,0.0,1.0
0436d2c4-c684-4158-aa95-a55c320fd0ce,1195.0,1195.0,0.0,1195.0,1195.0,0.0,0.0,0.0,1.0
04429b32-96c1-4f02-9ed6-092307d8bb25,1250.0,1250.0,0.0,1250.0,1250.0,0.0,0.0,0.0,1.0
0443a0f7-e3b8-4f52-a420-1f9a0156974d,29900.0,29900.0,0.0,29900.0,29900.0,0.0,0.0,0.0,1.0
044b790b-c015-4e2f-94db-47953ea174ca,17900.0,17900.0,0.0,17900.0,17900.0,0.0,0.0,0.0,1.0
044e560d-c557-463e-b8a9-521fe21d64d1,100.0,100.0,0.0,100.0,100.0,0.0,0.0,0.0,1.0
044f4196-2b9d-4152-931a-d4a0be3fd827,9400.0,9400.0,0.0,9400.0,9400.0,0.0,0.0,0.0,1.0
0452ae9c-264c-473b-a995-b3fbe2aac001,2500.0,2500.0,0.0,2500.0,2500.0,0.0,0.0,0.0,1.0
0454fed9-b97d-4217-824b-5cf181862831,115.0,115.0,0.0,115.0,115.0,0.0,0.0,0.0,1.0
045adbda-4f32-4459-b51f-3737d810bb51,10900.0,10900.0,0.0,10900.0,10900.0,0.0,0.0,0.0,1.0
045c6ead-0630-4cb3-97f5-c86a7843e07b,1885.0,1885.0,0.0,1885.0,1885.0,0.0,0.0,0.0,1.0
04663450-940a-4c85-aa7e-801e3dd55d12,140.0,140.0,0.0,140.0,140.0,0.0,0.0,0.0,1.0
046bc401-a6b2-405c-a9b7-3814454bc770,445.0,445.0,0.0,445.0,445.0,0.0,0.0,0.0,1.0
046e9324-fafe-4038-b2b9-1862a33473ff,4495.0,4495.0,0.0,4495.0,4495.0,0.0,0.0,0.0,1.0
047d8014-4a1f-440f-b7e0-dcb77f540a2e,17900.0,17900.0,0.0,17900.0,17900.0,0.0,0.0,0.0,1.0
047e626f-8cc9-4164-a049-46ec0bbf5f2d,1875.0,1875.0,0.0,1875.0,1875.0,0.0,0.0,0.0,1.0
047f7756-2804-44d2-899d-5de59fdb2a9e,10500.0,10500.0,0.0,10500.0,10500.0,0.0,0.0,0.0,1.0
0489063d-e0b3-4c23-812d-127a495a5cec,4795.0,4795.0,0.0,4795.0,4795.0,0.0,0.0,0.0,1.0
049001c8-2609-4dcf-a714-a09eac869c3b,14900.0,14900.0,0.0,14900.0,14900.0,0.0,0.0,0.0,1.0
0496bd85-2d22-4b9f-963c-c311172d1f3e,3695.0,3695.0,0.0,3695.0,3695.0,0.0,0.0,0.0,1.0
0496e0b1-58da-40d1-888d-9ec5787e6f23,5500.0,5500.0,0.0,5500.0,5500.0,0.0,0.0,0.0,1.0
04971d01-83e4-4fa9-9b10-2bdfb88de386,1295.0,1295.0,0.0,1295.0,1295.0,0.0,0.0,0.0,1.0
049e9f9d-f9c5-495c-911a-c6ffca2c5868,1295.0,1295.0,0.0,1295.0,1295.0,0.0,0.0,0.0,1.0
04ab9bc2-150a-472a-9ae3-6a5ca02410bf,3200.0,3200.0,0.0,3200.0,3200.0,0.0,0.0,0.0,1.0
04b4c765-0606-42d6-9eee-f5a213ab1987,445.0,445.0,0.0,445.0,445.0,0.0,0.0,0.0,1.0
04b9f32c-a4bd-4c9b-8a56-1edea8fb2336,12900.0,12900.0,0.0,12900.0,12900.0,0.0,0.0,0.0,1.0
04ba5e2c-ad37-497d-88e0-a21586397560,470.0,470.0,0.0,470.0,470.0,0.0,0.0,0.0,1.0
04c0233b-d96d-4892-ba1f-12bbd5dc63c8,29900.0,29900.0,0.0,29900.0,29900.0,0.0,0.0,0.0,1.0
04c36c88-a775-4456-890f-2a7b7f037305,9900.0,9900.0,0.0,9900.0,9900.0,0.0,0.0,0.0,1.0
04cb3bb0-4b7d-46c5-9cd8-243094f984b4,5499.0,5499.0,0.0,5499.0,5499.0,0.0,0.0,0.0,1.0
04cc395c-9d8e-4a4f-859f-2cad1dbca889,12900.0,12900.0,0.0,12900.0,12900.0,0.0,0.0,0.0,1.0
04cc3dec-915a-439a-a4e2-bcb46050e226,2500.0,2500.0,0.0,2500.0,2500.0,0.0,0.0,0.0,1.0
04d01acf-3f66-481d-b642-bd35c42c9e46,54900.0,54900.0,0.0,54900.0,54900.0,0.0,0.0,0.0,1.0
04ddf87c-96a9-4b6a-ad06-8c8ef650bbff,13900.0,13900.0,0.0,13900.0,13900.0,0.0,0.0,0.0,1.0
04e4964c-55ce-41d0-a0a2-53f31ebf4d6c,1995.0,1995.0,0.0,1995.0,1995.0,0.0,0.0,0.0,1.0
04ed4b8b-3a2f-4484-aed3-2d1120fbbef7,9900.0,9900.0,0.0,9900.0,9900.0,0.0,0.0,0.0,1.0
04f91958-e511-4fd7-9386-2aeb80b2e9af,10900.0,10900.0,0.0,10900.0,10900.0,0.0,0.0,0.0,1.0
04fdd93e-e4bb-4982-8102-b155b6e069f9,995.0,995.0,0.0,995.0,995.0,0.0,0.0,0.0,1.0
04feb0d9-5580-47ff-bc1d-1cc237d777d1,1295.0,1295.0,0.0,1295.0,1295.0,0.0,0.0,0.0,1.0
050a55fb-b8e5-446c-b3ff-29845b9b0c75,4050.0,4050.0,0.0,4050.0,4050.0,0.0,0.0,0.0,1.0
050b1752-55d6-4970-9f44-7ea1d4509899,37900.0,37900.0,0.0,37900.0,37900.0,0.0,0.0,0.0,1.0
050b3b57-c8ef-49b2-8d3d-54232552fbbf,2900.0,2900.0,0.0,2900.0,2900.0,0.0,0.0,0.0,1.0
05129691-4788-4d24-9f9f-cc021cde4cc3,2999.0,2999.0,0.0,2999.0,2999.0,0.0,0.0,0.0,1.0
0513298b-e6b2-46e2-88bd-59751e0b97d9,745.0,745.0,0.0,745.0,745.0,0.0,0.0,0.0,1.0
0516da2c-c08e-4d05-bcc8-8949128290e8,995.0,995.0,0.0,995.0,995.0,0.0,0.0,0.0,1.0
051d631a-d2d5-4e35-b352-7b2e53f67d17,1195.0,1195.0,0.0,1195.0,1195.0,0.0,0.0,0.0,1.0
0522e355-37c2-4f9b-8d44-c80be2553d1d,2990.0,2990.0,0.0,2990.0,2990.0,0.0,0.0,0.0,1.0
0527a434-7e62-4a30-ac76-dc4d4e1ef817,18900.0,18900.0,0.0,18900.0,18900.0,0.0,0.0,0.0,1.0
0528cf21-3382-418d-8bb6-ef7d3e3b6b48,5495.0,5495.0,0.0,5495.0,5495.0,0.0,0.0,0.0,1.0
0528f2d1-f4ca-4092-adef-e14f7b3fd264,2800.0,2800.0,0.0,2800.0,2800.0,0.0,0.0,0.0,1.0
052cd318-475b-40b7-b0f7-71811f9e0fe2,3995.0,3995.0,0.0,3995.0,3995.0,0.0,0.0,0.0,1.0
0531104b-ecbc-4d76-9357-b6c031ccc708,3995.0,3995.0,0.0,3995.0,3995.0,0.0,0.0,0.0,1.0
0549da69-eb48-484d-a2ba-833dd5496d44,1995.0,1995.0,0.0,1995.0,1995.0,0.0,0.0,0.0,1.0
054c5e0a-a19c-42d4-8de0-4fba3202b684,26900.0,26900.0,0.0,26900.0,26900.0,0.0,0.0,0.0,1.0
0556f86c-7e6f-40cb-b321-cfe70c1ae384,10900.0,10900.0,0.0,10900.0,10900.0,0.0,0.0,0.0,1.0
055d72e3-9813-4d1a-b57c-e12986ebefd8,595.0,595.0,0.0,595.0,595.0,0.0,0.0,0.0,1.0
0578daa8-ce24-41d5-9ca6-544391c6f23e,5750.0,5750.0,0.0,5750.0,5750.0,0.0,0.0,0.0,1.0
05840845-797d-4397-8549-a53680ea0bc1,1295.0,1295.0,0.0,1295.0,1295.0,0.0,0.0,0.0,1.0
05851082-24b2-408c-bf1b-7a3955338d6d,57900.0,57900.0,0.0,57900.0,57900.0,0.0,0.0,0.0,1.0
05854969-b884-4069-85f0-01fbae3d1708,645.0,645.0,0.0,645.0,645.0,0.0,0.0,0.0,1.0
0589bb5c-2525-456a-a3b6-832674072e68,17900.0,17900.0,0.0,17900.0,17900.0,0.0,0.0,0.0,1.0
05a3645f-7c8c-46c5-b78a-7fe66f6039ad,1295.0,1295.0,0.0,1295.0,1295.0,0.0,0.0,0.0,1.0
05a9f541-dfc8-4b1c-99b1-f0d83253e3e3,445.0,445.0,0.0,445.0,445.0,0.0,0.0,0.0,1.0
05ad1173-104b-44ed-8da4-75e1b5f64474,12900.0,12900.0,0.0,12900.0,12900.0,0.0,0.0,0.0,1.0
05b716b1-252f-485f-8471-c8dce8af963a,11900.0,11900.0,0.0,11900.0,11900.0,0.0,0.0,0.0,1.0
05bb6637-a894-4f1f-ba29-0ef32163baeb,1095.0,1095.0,0.0,1095.0,1095.0,0.0,0.0,0.0,1.0
05bc3249-2457-4a3f-898a-43933c1025fc,1100.0,1100.0,0.0,1100.0,1100.0,0.0,0.0,0.0,1.0
05bf2aa8-6e12-4c58-b441-244c0d515c61,1795.0,1795.0,0.0,1795.0,1795.0,0.0,0.0,0.0,1.0
05c27547-25ff-445b-a246-2e6a8b38b5d7,9500.0,9500.0,0.0,9500.0,9500.0,0.0,0.0,0.0,1.0
05c9868d-7787-45ee-a74d-0a033a4c9b12,285.0,285.0,0.0,285.0,285.0,0.0,0.0,0.0,1.0
05cba8ad-1bcb-41d0-aa06-5572fc260409,1095.0,1095.0,0.0,1095.0,1095.0,0.0,0.0,0.0,1.0
05cd95a2-4377-445d-a577-9c78856789f6,1795.0,1795.0,0.0,1795.0,1795.0,0.0,0.0,0.0,1.0
05ce7e12-1d0a-4879-b40e-4b995071a422,3200.0,3200.0,0.0,3200.0,3200.0,0.0,0.0,0.0,1.0
05d2382d-e2dc-4b06-864f-0d4a17320f33,19900.0,19900.0,0.0,19900.0,19900.0,0.0,0.0,0.0,1.0
05d5da7f-f249-4b50-94fe-d09d1eec974c,5295.0,5295.0,0.0,5295.0,5295.0,0.0,0.0,0.0,1.0
05d8e316-f9a9-4f28-b8b9-4a4299a446de,15900.0,15900.0,0.0,15900.0,15900.0,0.0,0.0,0.0,1.0
05fd01ed-9fca-4633-9c40-5384d1f370ae,995.0,995.0,0.0,995.0,995.0,0.0,0.0,0.0,1.0
06053c07-d2ba-494d-a927-7e7b61dacd2e,2600.0,2600.0,0.0,2600.0,2600.0,0.0,0.0,0.0,1.0
060d237f-a6e5-48ba-bf9b-3718172c3b3f,80.0,80.0,0.0,80.0,80.0,0.0,0.0,0.0,1.0
060eb183-ac1a-4998-a1b0-be8ab4fbb0dc,2395.0,2395.0,0.0,2395.0,2395.0,0.0,0.0,0.0,1.0
06125795-ead3-49fa-9e1a-9716c29f767b,20900.0,20900.0,0.0,20900.0,20900.0,0.0,0.0,0.0,1.0
0616e244-21e5-4bd2-b33b-52ec3d58364a,37900.0,37900.0,0.0,37900.0,37900.0,0.0,0.0,0.0,1.0
06229444-c173-48e2-874e-992a567e43bf,6495.0,6495.0,0.0,6495.0,6495.0,0.0,0.0,0.0,1.0
0623ffb3-131a-4544-a038-2340f074ff94,5295.0,5295.0,0.0,5295.0,5295.0,0.0,0.0,0.0,1.0
062eb7cd-1370-400c-9545-98ad6ee3bc07,13900.0,13900.0,0.0,13900.0,13900.0,0.0,0.0,0.0,1.0
06304bc7-680a-4edb-8628-5c89f7dc799e,795.0,795.0,0.0,795.0,795.0,0.0,0.0,0.0,1.0
06368f76-d337-42ad-ba84-511fb8e2480b,995.0,995.0,0.0,995.0,995.0,0.0,0.0,0.0,1.0
0636be64-c339-4e13-a10c-efcd685125bd,7495.0,7495.0,0.0,7495.0,7495.0,0.0,0.0,0.0,1.0
063bfe8e-d33e-4351-86ab-25c5ea1e8b9d,1295.0,1295.0,0.0,1295.0,1295.0,0.0,0.0,0.0,1.0
064c2ab0-0dc4-482f-b673-fb4d4252a5f9,7495.0,7495.0,0.0,7495.0,7495.0,0.0,0.0,0.0,1.0
064e1cbb-4ae0-45d7-803a-d31756f370ba,990.0,990.0,0.0,990.0,990.0,0.0,0.0,0.0,1.0
064ffc70-15dd-4b56-aa8b-73dbbe1b5456,1995.0,1995.0,0.0,1995.0,1995.0,0.0,0.0,0.0,1.0
06648802-22c9-41b9-bb6d-2651547df4fd,2345.0,2345.0,0.0,2345.0,2345.0,0.0,0.0,0.0,1.0
0671bb07-1d66-4ff2-aa33-82a2fb6fe343,39900.0,39900.0,0.0,39900.0,39900.0,0.0,0.0,0.0,1.0
0686ea07-8e3c-48af-8dcd-258e6e2bc4f3,44900.0,44900.0,0.0,44900.0,44900.0,0.0,0.0,0.0,1.0
0689b94d-9dcc-4768-b089-9fa4b452a7fb,7795.0,7795.0,0.0,7795.0,7795.0,0.0,0.0,0.0,1.0
06991608-3502-4df1-bb11-dc40464b3ba9,1210.0,1210.0,0.0,1210.0,1210.0,0.0,0.0,0.0,1.0
069e7995-1254-41e3-9853-a6952e8b58c1,225.0,225.0,0.0,225.0,225.0,0.0,0.0,0.0,1.0
069f79b7-47a4-41f8-ab76-5e141da3b8ce,3995.0,3995.0,0.0,3995.0,3995.0,0.0,0.0,0.0,1.0
06a24511-86bf-4f03-8099-6f63d8442a8e,13900.0,13900.0,0.0,13900.0,13900.0,0.0,0.0,0.0,1.0
06af5574-19d7-40ca-bd58-e27ba92a5e77,5995.0,5995.0,0.0,5995.0,5995.0,0.0,0.0,0.0,1.0
06b53fcd-8df0-4772-84c7-d3241f7a24cc,1765.0,1765.0,0.0,1765.0,1765.0,0.0,0.0,0.0,1.0
06bbc643-61bd-4f80-a190-ce3611f928de,1395.0,1395.0,0.0,1395.0,1395.0,0.0,0.0,0.0,1.0
06c24217-5102-4296-9e71-cd4733a2b7d5,465.0,465.0,0.0,465.0,465.0,0.0,0.0,0.0,1.0
06c382e0-d74d-4e0b-9572-305c217f0fa3,27900.0,27900.0,0.0,27900.0,27900.0,0.0,0.0,0.0,1.0
06c51e5e-6111-4c6c-b616-1887dc77015e,13900.0,13900.0,0.0,13900.0,13900.0,0.0,0.0,0.0,1.0
06cb4cf1-e075-48cb-91a9-cb6a40b2c35d,9900.0,9900.0,0.0,9900.0,9900.0,0.0,0.0,0.0,1.0
06d67548-3fa0-4ebc-a6ca-5438edc3ff97,13900.0,13900.0,0.0,13900.0,13900.0,0.0,0.0,0.0,1.0
06d6bdc3-f9c5-45a1-bc81-8f3b9eed186c,9900.0,9900.0,0.0,9900.0,9900.0,0.0,0.0,0.0,1.0
06da225e-4602-4729-a965-43511c2f3e13,860.0,860.0,0.0,860.0,860.0,0.0,0.0,0.0,1.0
06da4760-334f-456b-a995-ab699e458496,395.0,395.0,0.0,395.0,395.0,0.0,0.0,0.0,1.0
06db09e6-a033-41f3-a51f-e29fddd47b41,2400.0,2400.0,0.0,2400.0,2400.0,0.0,0.0,0.0,1.0
06e11bd9-4733-4505-b7e2-183984924bc3,3100.0,3100.0,0.0,3100.0,3100.0,0.0,0.0,0.0,1.0
06e30bf7-28de-4668-b649-0dbb62f0a271,1795.0,1795.0,0.0,1795.0,1795.0,0.0,0.0,0.0,1.0
06eabff8-6ff1-44ec-92d5-4f5b64e8b5d5,8995.0,8995.0,0.0,8995.0,8995.0,0.0,0.0,0.0,1.0
06f3658b-dc33-4aa0-81b4-8d29b87cf54b,315.0,315.0,0.0,315.0,315.0,0.0,0.0,0.0,1.0
06fc6634-4980-4d16-8ca4-ac81b403bb9a,3595.0,3595.0,0.0,3595.0,3595.0,0.0,0.0,0.0,1.0
06fe5aea-48e2-4b31-9caa-452a25bc16c7,1195.0,1195.0,0.0,1195.0,1195.0,0.0,0.0,0.0,1.0
07066d9c-4f67-488f-b03a-1f72ac94573b,5995.0,5995.0,0.0,5995.0,5995.0,0.0,0.0,0.0,1.0
070b0557-9b09-4f45-90dd-113bb57ef18b,610.0,610.0,0.0,610.0,610.0,0.0,0.0,0.0,1.0
070ef7dd-04e1-4015-a9bc-02786824d9bb,335.0,335.0,0.0,335.0,335.0,0.0,0.0,0.0,1.0
070fbb99-58b5-45c6-b88a-f2b8fb2d5e61,2795.0,2795.0,0.0,2795.0,2795.0,0.0,0.0,0.0,1.0
070fcd24-9ac8-41cf-a4d5-c77258b4fd5c,4995.0,4995.0,0.0,4995.0,4995.0,0.0,0.0,0.0,1.0
07108e85-e7b4-472c-9a65-d7569819ada7,1625.0,1625.0,0.0,1625.0,1625.0,0.0,0.0,0.0,1.0
07159b7c-2d07-4ff9-aee6-370d3dbe9339,480.0,480.0,0.0,480.0,480.0,0.0,0.0,0.0,1.0
07181a52-b6b6-4bb0-af18-75e1c02cd0b9,3160.0,3160.0,0.0,3160.0,3160.0,0.0,0.0,0.0,1.0
07199eb4-df3f-4268-a139-b83f2c2111c3,795.0,795.0,0.0,795.0,795.0,0.0,0.0,0.0,1.0
0721d89f-a6c0-493d-ab47-47f4764babe4,1595.0,1595.0,0.0,1595.0,1595.0,0.0,0.0,0.0,1.0
0723cf83-c5bd-4725-9ef6-7b1c56ed890c,1295.0,1295.0,0.0,1295.0,1295.0,0.0,0.0,0.0,1.0
0726c24f-64a3-4e90-a126-ea2711140696,1195.0,1195.0,0.0,1195.0,1195.0,0.0,0.0,0.0,1.0
072a1b9a-9820-4771-9eb2-8d6a49c82294,2995.0,2995.0,0.0,2995.0,2995.0,0.0,0.0,0.0,1.0
07330d9f-3c61-43a8-9467-edd5def22074,945.0,945.0,0.0,945.0,945.0,0.0,0.0,0.0,1.0
073509b3-6f50-4713-bc6f-037d8d8aea88,14900.0,14900.0,0.0,14900.0,14900.0,0.0,0.0,0.0,1.0
073e4d66-b75c-428f-8df1-c2cb68a69a69,10500.0,10500.0,0.0,10500.0,10500.0,0.0,0.0,0.0,1.0
074b2904-bd87-4ddb-be72-fb0487c843ab,2399.0,2399.0,0.0,2399.0,2399.0,0.0,0.0,0.0,1.0
074bdf9e-f1c8-42e9-aba5-830392681734,8900.0,8900.0,0.0,8900.0,8900.0,0.0,0.0,0.0,1.0
074c6a97-463c-4eee-ba3d-78d227e4e022,14500.0,14500.0,0.0,14500.0,14500.0,0.0,0.0,0.0,1.0
074ea476-826d-43ac-87b8-79afd7a6d819,8995.0,8995.0,0.0,8995.0,8995.0,0.0,0.0,0.0,1.0
075fb0c3-a3c0-4f41-983c-863af01d10d2,22900.0,22900.0,0.0,22900.0,22900.0,0.0,0.0,0.0,1.0
0764281a-8689-4bed-a153-2284974d9faa,695.0,695.0,0.0,695.0,695.0,0.0,0.0,0.0,1.0
0765635a-d87c-4ea6-b714-03b4c79f1308,2695.0,2695.0,0.0,2695.0,2695.0,0.0,0.0,0.0,1.0
0766c6c3-66d6-41b7-b597-0c1eaf07aedd,2365.0,2365.0,0.0,2365.0,2365.0,0.0,0.0,0.0,1.0
076f4b83-3bc6-4c2a-854a-d82514564f04,14900.0,14900.0,0.0,14900.0,14900.0,0.0,0.0,0.0,1.0
077e67a7-1d95-4fa1-af2d-58b7cf356baf,1950.0,1950.0,0.0,1950.0,1950.0,0.0,0.0,0.0,1.0
077f263d-0ad0-4388-9a1b-1d1d382274f2,7495.0,7495.0,0.0,7495.0,7495.0,0.0,0.0,0.0,1.0
0786b0c1-a16e-455e-b3ac-cbcd303b5f83,535.0,535.0,0.0,535.0,535.0,0.0,0.0,0.0,1.0
07890072-a264-4f0f-8fc9-abadcc56e055,12500.0,12500.0,0.0,12500.0,12500.0,0.0,0.0,0.0,1.0
078d7b71-5f40-4a79-9308-eba45532ffbd,22900.0,22900.0,0.0,22900.0,22900.0,0.0,0.0,0.0,1.0
07965691-cc73-4755-8601-24ba61d45e4c,14900.0,14900.0,0.0,14900.0,14900.0,0.0,0.0,0.0,1.0
07976a7e-fc3d-4c24-8b7c-81fc00dffb4a,14900.0,14900.0,0.0,14900.0,14900.0,0.0,0.0,0.0,1.0
079d415a-5755-456f-b0e1-4d8b33e70242,1995.0,1995.0,0.0,1995.0,1995.0,0.0,0.0,0.0,1.0
07ad6b73-8166-48ee-9bdc-f430c52a5c71,7995.0,7995.0,0.0,7995.0,7995.0,0.0,0.0,0.0,1.0
07aed25e-168d-47cf-9f56-917ca0b04f63,3795.0,3795.0,0.0,3795.0,3795.0,0.0,0.0,0.0,1.0
07afa87a-a42f-41ec-86e3-57d45d2bc2d2,8995.0,8995.0,0.0,8995.0,8995.0,0.0,0.0,0.0,1.0
07b1856f-0e62-48e0-b190-ad6ad557a36a,645.0,645.0,0.0,645.0,645.0,0.0,0.0,0.0,1.0
07b48363-61d3-45e7-a6ac-3a8615b87580,3995.0,3995.0,0.0,3995.0,3995.0,0.0,0.0,0.0,1.0
07bcdcd9-69a5-4e6e-84c9-e3af27634c9a,10900.0,10900.0,0.0,10900.0,10900.0,0.0,0.0,0.0,1.0
07bdbe7f-0a3f-4c0b-8b5c-8e227674dc16,1315.0,1315.0,0.0,1315.0,1315.0,0.0,0.0,0.0,1.0
07bdc9eb-bf49-46c7-b61d-6209b18496d7,4400.0,4400.0,0.0,4400.0,4400.0,0.0,0.0,0.0,1.0
07cbca89-92cf-4c54-a3a9-56ea28a63911,4495.0,4495.0,0.0,4495.0,4495.0,0.0,0.0,0.0,1.0
07dba08e-488e-407c-819e-2510719c428c,2695.0,2695.0,0.0,2695.0,2695.0,0.0,0.0,0.0,1.0
07e8a155-18c7-4632-aeb2-5e753a12ef66,38900.0,38900.0,0.0,38900.0,38900.0,0.0,0.0,0.0,1.0
07eeb8ad-288f-45eb-a90e-fa2922605539,1595.0,1595.0,0.0,1595.0,1595.0,0.0,0.0,0.0,1.0
07f76962-7439-4834-8b01-6cd42d88c46c,9900.0,9900.0,0.0,9900.0,9900.0,0.0,0.0,0.0,1.0
07fdcba6-1467-4d91-93af-60393aba4197,840.0,840.0,0.0,840.0,840.0,0.0,0.0,0.0,1.0
08020b12-63b9-48a1-86c5-cf8462f64bb1,4200.0,4200.0,0.0,4200.0,4200.0,0.0,0.0,0.0,1.0
080484b5-ea16-4fb3-af62-4cd13fd2c4c7,21900.0,21900.0,0.0,21900.0,21900.0,0.0,0.0,0.0,1.0
081347a7-dda0-4cd5-8754-eec2ea255360,6500.0,6500.0,0.0,6500.0,6500.0,0.0,0.0,0.0,1.0
081a9f59-930a-4c99-a9ef-b32cbab922a8,29900.0,29900.0,0.0,29900.0,29900.0,0.0,0.0,0.0,1.0
081bbf19-2b8b-408e-b9c6-9ef77dada64d,5995.0,5995.0,0.0,5995.0,5995.0,0.0,0.0,0.0,1.0
0823c45a-6318-4296-95b7-dfa4a73134fb,24900.0,24900.0,0.0,24900.0,24900.0,0.0,0.0,0.0,1.0
0828424c-d000-482c-98b8-cb2a4b14cc4a,14900.0,14900.0,0.0,14900.0,14900.0,0.0,0.0,0.0,1.0
08292e79-414a-4293-99f7-c76142fe31a3,695.0,695.0,0.0,695.0,695.0,0.0,0.0,0.0,1.0
0829e972-7d74-4701-914d-f14b362a67eb,540.0,540.0,0.0,540.0,540.0,0.0,0.0,0.0,1.0
082f7e21-23eb-4e09-be25-4ba6a3d319ce,3995.0,3995.0,0.0,3995.0,3995.0,0.0,0.0,0.0,1.0
083e3402-78bf-4781-991b-026b0ccecf98,3800.0,3800.0,0.0,3800.0,3800.0,0.0,0.0,0.0,1.0
083fe27d-c8b9-46d3-a460-2f30a4474edd,1795.0,1795.0,0.0,1795.0,1795.0,0.0,0.0,0.0,1.0
0852afa3-c70e-4a39-9b5e-592b9e668737,2795.0,2795.0,0.0,2795.0,2795.0,0.0,0.0,0.0,1.0
0859da94-2df6-4544-a363-2b63c3affa23,3110.0,3110.0,0.0,3110.0,3110.0,0.0,0.0,0.0,1.0
085ac38f-d7ff-4694-b5ad-abc1e658b12d,845.0,845.0,0.0,845.0,845.0,0.0,0.0,0.0,1.0
086374e0-a82d-437d-8afc-677be3b5fbd7,5995.0,5995.0,0.0,5995.0,5995.0,0.0,0.0,0.0,1.0
086d1aea-a225-4807-8cd6-3e254773f649,795.0,795.0,0.0,795.0,795.0,0.0,0.0,0.0,1.0
086d9607-58e7-4dd2-93d5-e2da2508d910,895.0,895.0,0.0,895.0,895.0,0.0,0.0,0.0,1.0
086e6a9e-e446-4753-9738-8b24c7d7a5fc,27900.0,27900.0,0.0,27900.0,27900.0,0.0,0.0,0.0,1.0
08700abc-661f-4dd0-bff8-ba04c3dd4330,1895.0,1895.0,0.0,1895.0,1895.0,0.0,0.0,0.0,1.0
08742465-8ce8-4bfb-80dd-562c2b6c77c9,545.0,545.0,0.0,545.0,545.0,0.0,0.0,0.0,1.0
08753f13-c3f1-4ca8-bfe6-718078dd0716,2090.0,2090.0,0.0,2090.0,2090.0,0.0,0.0,0.0,1.0
0879705c-9fd3-41a3-ab32-5ac9b61fba0d,9900.0,9900.0,0.0,9900.0,9900.0,0.0,0.0,0.0,1.0
087e6824-c10e-4208-95f3-3127df40b4ad,499.0,499.0,0.0,499.0,499.0,0.0,0.0,0.0,1.0
0884b7af-1609-4062-afee-2c06f2e0f004,545.0,545.0,0.0,545.0,545.0,0.0,0.0,0.0,1.0
088759a5-b119-45e2-a683-45b0d568ca97,2445.0,2445.0,0.0,2445.0,2445.0,0.0,0.0,0.0,1.0
088e773f-56fc-43da-a3a3-4f188ec8c28d,545.0,545.0,0.0,545.0,545.0,0.0,0.0,0.0,1.0
0898ac85-8064-4d1b-b258-830bc82f8a32,1045.0,1045.0,0.0,1045.0,1045.0,0.0,0.0,0.0,1.0
08a70d10-fe73-4c4f-9565-fd435d4f2ded,6900.0,6900.0,0.0,6900.0,6900.0,0.0,0.0,0.0,1.0
08a77bad-bd67-4036-988b-8c792e73a867,12900.0,12900.0,0.0,12900.0,12900.0,0.0,0.0,0.0,1.0
08ab0d7c-6a41-4ffd-b18c-4f14a9c7c801,13900.0,13900.0,0.0,13900.0,13900.0,0.0,0.0,0.0,1.0
08b06a8a-b145-42f5-8a15-a5fe69795a75,10900.0,10900.0,0.0,10900.0,10900.0,0.0,0.0,0.0,1.0
08b72af4-7561-41f8-ae0a-717a7a787265,845.0,845.0,0.0,845.0,845.0,0.0,0.0,0.0,1.0
08b85ab7-813b-4bf9-b9ec-29d1c8bba1f2,38900.0,38900.0,0.0,38900.0,38900.0,0.0,0.0,0.0,1.0
08c17dae-bd68-4769-9812-a8741c3e239e,695.0,695.0,0.0,695.0,695.0,0.0,0.0,0.0,1.0
08cac031-25ef-4e91-8ded-648ddee3a42b,9900.0,9900.0,0.0,9900.0,9900.0,0.0,0.0,0.0,1.0
08ccd73f-b12c-40da-a571-da1657baff74,10500.0,10500.0,0.0,10500.0,10500.0,0.0,0.0,0.0,1.0
08d9c091-cae8-4fbe-bc6c-a1239d64cab5,3495.0,3495.0,0.0,3495.0,3495.0,0.0,0.0,0.0,1.0
08e089d7-ceea-4533-beb0-ec75535e5179,595.0,595.0,0.0,595.0,595.0,0.0,0.0,0.0,1.0
08e770b7-90cf-4282-9ddd-4e8fe2ee5f15,890.0,890.0,0.0,890.0,890.0,0.0,0.0,0.0,1.0
08f9f42a-6bf3-4fc5-a853-9e87b8cdf888,7495.0,7495.0,0.0,7495.0,7495.0,0.0,0.0,0.0,1.0
08fcc576-43b1-42bd-be4e-8f9624e7db80,5900.0,5900.0,0.0,5900.0,5900.0,0.0,0.0,0.0,1.0
08fea461-f5e0-46b5-8a88-0a1618aa30a5,17900.0,17900.0,0.0,17900.0,17900.0,0.0,0.0,0.0,1.0
08fff33f-81bf-4e50-8a69-fe58bbcf4425,2095.0,2095.0,0.0,2095.0,2095.0,0.0,0.0,0.0,1.0
0904e35d-cda2-4980-81b7-89ccaa539a94,2900.0,2900.0,0.0,2900.0,2900.0,0.0,0.0,0.0,1.0
09081dfe-abe0-43bd-a9ed-f279f7055b3f,895.0,895.0,0.0,895.0,895.0,0.0,0.0,0.0,1.0
090e74a9-3473-40a1-8182-7cb1d186a0cd,1695.0,1695.0,0.0,1695.0,1695.0,0.0,0.0,0.0,1.0
09116a9d-2d4a-4357-8933-8b84996c2538,2500.0,2500.0,0.0,2500.0,2500.0,0.0,0.0,0.0,1.0
09125146-ec57-4481-86bd-22a5ddf79c83,299.0,299.0,0.0,299.0,299.0,0.0,0.0,0.0,1.0
0912fef8-6964-4745-88c2-de2005865efd,2040.0,2040.0,0.0,2040.0,2040.0,0.0,0.0,0.0,1.0
0913611b-6253-4bb6-a5c6-ac40c5cee8f9,795.0,795.0,0.0,795.0,795.0,0.0,0.0,0.0,1.0
092a3734-cbaa-4977-ad51-0eb1d9fc75a0,1245.0,1245.0,0.0,1245.0,1245.0,0.0,0.0,0.0,1.0
092c9462-a03c-4735-9895-c6988ef1ef9b,1095.0,1095.0,0.0,1095.0,1095.0,0.0,0.0,0.0,1.0
092f7fa4-ed87-4bbc-ae51-5fccfa122b91,890.0,890.0,0.0,890.0,890.0,0.0,0.0,0.0,1.0
0930115e-d13d-4484-afce-7cd3bff9adb7,12500.0,12500.0,0.0,12500.0,12500.0,0.0,0.0,0.0,1.0
0933d131-3a1c-4963-b108-9c1e45ce443d,2995.0,2995.0,0.0,2995.0,2995.0,0.0,0.0,0.0,1.0
093706e6-caa3-48a8-bc29-30dfedaf16ba,28900.0,28900.0,0.0,28900.0,28900.0,0.0,0.0,0.0,1.0
0937ff48-5404-49d9-8142-c0cef00d3daf,10900.0,10900.0,0.0,10900.0,10900.0,0.0,0.0,0.0,1.0
093f0c02-ad88-4fa3-8cfc-99b606da76f4,470.0,470.0,0.0,470.0,470.0,0.0,0.0,0.0,1.0
0940d74b-6cb0-493a-b288-baf5e694294a,10900.0,10900.0,0.0,10900.0,10900.0,0.0,0.0,0.0,1.0
09483666-0465-4c75-b7c6-bed4f648262a,1995.0,1995.0,0.0,1995.0,1995.0,0.0,0.0,0.0,1.0
0948ee28-bba6-4c76-a7ea-f24bce0006c6,1795.0,1795.0,0.0,1795.0,1795.0,0.0,0.0,0.0,1.0
094ea700-ab7b-4703-a0b2-4a629eeff22a,17500.0,17500.0,0.0,17500.0,17500.0,0.0,0.0,0.0,1.0
0953556b-3501-47b2-8e9b-6205a2271a7e,1395.0,1395.0,0.0,1395.0,1395.0,0.0,0.0,0.0,1.0
09544078-d15c-4138-b6ab-1260772c6929,995.0,995.0,0.0,995.0,995.0,0.0,0.0,0.0,1.0
09660be8-945d-4e4c-8a0a-6cb6a40d7105,495.0,495.0,0.0,495.0,495.0,0.0,0.0,0.0,1.0
096bacca-b7f8-472d-899f-b43069798d2c,1000.0,1000.0,0.0,1000.0,1000.0,0.0,0.0,0.0,1.0
096e9691-71c2-470d-9e26-9635fab63fa3,16500.0,16500.0,0.0,16500.0,16500.0,0.0,0.0,0.0,1.0
096f7dba-0435-497a-bb54-b609bd8756fa,745.0,745.0,0.0,745.0,745.0,0.0,0.0,0.0,1.0
097f9778-430d-4b0b-908c-531038b8f51b,2999.0,2999.0,0.0,2999.0,2999.0,0.0,0.0,0.0,1.0
09840a8e-d70d-4f48-995e-f50c12df907c,65.0,65.0,0.0,65.0,65.0,0.0,0.0,0.0,1.0
099508ba-4a3a-47e3-b60a-4a55a1d969ed,165.0,165.0,0.0,165.0,165.0,0.0,0.0,0.0,1.0
09a277d2-eb14-41f3-9acf-221e1070d46a,9590.0,9590.0,0.0,9590.0,9590.0,0.0,0.0,0.0,1.0
09b18463-5842-4dc3-a4a9-86e17d02d31f,1495.0,1495.0,0.0,1495.0,1495.0,0.0,0.0,0.0,1.0
09bacecc-e5e3-4f4e-9d98-fc1749d1df78,1995.0,1995.0,0.0,1995.0,1995.0,0.0,0.0,0.0,1.0
09c4151d-dd9c-469d-bff4-fbef9b6e977f,25900.0,25900.0,0.0,25900.0,25900.0,0.0,0.0,0.0,1.0
09c8df62-d0e1-4c0b-87a6-2926712481af,2495.0,2495.0,0.0,2495.0,2495.0,0.0,0.0,0.0,1.0
09ca1363-27e1-4929-93c1-da136e60a28e,495.0,495.0,0.0,495.0,495.0,0.0,0.0,0.0,1.0
09d1afc9-ffef-45f8-8229-6a4a405fa75e,4495.0,4495.0,0.0,4495.0,4495.0,0.0,0.0,0.0,1.0
09d4343c-581f-4c59-941f-bfdb4a4a4689,1095.0,1095.0,0.0,1095.0,1095.0,0.0,0.0,0.0,1.0
09d7d301-ff63-457c-989c-cc8758db6b98,215.0,215.0,0.0,215.0,215.0,0.0,0.0,0.0,1.0
09d7e9e6-1a60-4a68-8546-8c3d32fa1b80,4495.0,4495.0,0.0,4495.0,4495.0,0.0,0.0,0.0,1.0
09e580da-2dc4-48a4-82d1-d60d3ffe82b5,13500.0,13500.0,0.0,13500.0,13500.0,0.0,0.0,0.0,1.0
09e76bee-b0c1-45ab-8f7b-41dd36182e1e,2095.0,2095.0,0.0,2095.0,2095.0,0.0,0.0,0.0,1.0
09eea5bc-b37d-4098-a920-1b5e100c1af1,995.0,995.0,0.0,995.0,995.0,0.0,0.0,0.0,1.0
09f0fae1-bf15-4301-b68c-77272215ee3e,2300.0,2300.0,0.0,2300.0,2300.0,0.0,0.0,0.0,1.0
09fda5da-cb3a-49f1-802b-5471af777e88,27900.0,27900.0,0.0,27900.0,27900.0,0.0,0.0,0.0,1.0
0a097b8b-ccbd-4b2d-adbd-27adb6215b6d,9495.0,9495.0,0.0,9495.0,9495.0,0.0,0.0,0.0,1.0
0a0a2d1b-dad1-4060-868f-2166b71e4c3c,495.0,495.0,0.0,495.0,495.0,0.0,0.0,0.0,1.0
0a0bcae7-61ec-4ea8-b318-3691469cd900,265.0,265.0,0.0,265.0,265.0,0.0,0.0,0.0,1.0
0a0ddbdf-fa95-43b1-af08-fe5febe31f4f,2900.0,2900.0,0.0,2900.0,2900.0,0.0,0.0,0.0,1.0
0a171867-4938-4125-966a-caa26dcb2363,36900.0,36900.0,0.0,36900.0,36900.0,0.0,0.0,0.0,1.0
0a1b4b42-9a4c-48c9-8cd1-ae9efe07c70e,745.0,745.0,0.0,745.0,745.0,0.0,0.0,0.0,1.0
0a1f13b9-b202-4ec6-ba10-d63092fbb003,5695.0,5695.0,0.0,5695.0,5695.0,0.0,0.0,0.0,1.0
0a216795-da0a-4dd6-b020-253a288edad9,1225.0,1225.0,0.0,1225.0,1225.0,0.0,0.0,0.0,1.0
0a22fdec-cd94-43a0-a115-3b3c67be5f19,190.0,190.0,0.0,190.0,190.0,0.0,0.0,0.0,1.0
0a245744-1bf7-4253-b60d-c5e8b477dfdc,1795.0,1795.0,0.0,1795.0,1795.0,0.0,0.0,0.0,1.0
0a2e2491-8c9e-4ac5-8526-bbb4c1c505fd,3595.0,3595.0,0.0,3595.0,3595.0,0.0,0.0,0.0,1.0
0a2f49a4-8713-4148-af57-0e4d69cdc1e9,31900.0,31900.0,0.0,31900.0,31900.0,0.0,0.0,0.0,1.0
0a3a2978-9aba-469a-bf5b-c90ca9dcdc18,495.0,495.0,0.0,495.0,495.0,0.0,0.0,0.0,1.0
0a3f58d6-ae1d-4db4-b89b-e5a63f038742,4500.0,4500.0,0.0,4500.0,4500.0,0.0,0.0,0.0,1.0
0a460569-3681-46f7-b460-2d5b77163cc3,27900.0,27900.0,0.0,27900.0,27900.0,0.0,0.0,0.0,1.0
0a4772b4-a8bd-4254-bfcd-6b49abd96de1,875.0,875.0,0.0,875.0,875.0,0.0,0.0,0.0,1.0
0a4ab7e9-b1d0-4e23-8f88-3b2e15956121,945.0,945.0,0.0,945.0,945.0,0.0,0.0,0.0,1.0
0a515f69-ab2b-4879-b419-43488ec92448,675.0,675.0,0.0,675.0,675.0,0.0,0.0,0.0,1.0
0a5bba93-9a9c-4679-82d4-3d07484e40d2,16900.0,16900.0,0.0,16900.0,16900.0,0.0,0.0,0.0,1.0
0a64cf56-682d-42f2-a396-4f4ffec88eed,2595.0,2595.0,0.0,2595.0,2595.0,0.0,0.0,0.0,1.0
0a651d66-4236-476e-8cfd-d52c1727d6db,895.0,895.0,0.0,895.0,895.0,0.0,0.0,0.0,1.0
0a686edf-6f4e-4a44-a402-4dc299edd6f2,15900.0,15900.0,0.0,15900.0,15900.0,0.0,0.0,0.0,1.0
0a6e7a9c-0575-459c-a52c-dd77206f7af1,42900.0,42900.0,0.0,42900.0,42900.0,0.0,0.0,0.0,1.0
0a730bc9-e009-474b-ae56-eeeb3c2cb17c,2995.0,2995.0,0.0,2995.0,2995.0,0.0,0.0,0.0,1.0
0a7602d9-79f6-4421-8cca-193d73b15385,49900.0,49900.0,0.0,49900.0,49900.0,0.0,0.0,0.0,1.0
0a77f5ac-ec83-4ceb-866b-326e347faddd,14900.0,14900.0,0.0,14900.0,14900.0,0.0,0.0,0.0,1.0
0a7dd170-90d5-480b-8d7c-d9614299dce7,295.0,295.0,0.0,295.0,295.0,0.0,0.0,0.0,1.0
0a8b2fc0-4450-4cf6-ab74-a40745be4db5,11900.0,11900.0,0.0,11900.0,11900.0,0.0,0.0,0.0,1.0
0a8bde20-812f-41c9-9033-d1ad178f3127,5995.0,5995.0,0.0,5995.0,5995.0,0.0,0.0,0.0,1.0
0a9c5e02-1ca7-4810-82be-6bec8dfa44bb,10500.0,10500.0,0.0,10500.0,10500.0,0.0,0.0,0.0,1.0
0ab235dd-0475-4a82-879f-b6dd888d279e,4995.0,4995.0,0.0,4995.0,4995.0,0.0,0.0,0.0,1.0
0ac06a69-6316-41ce-8878-eeb00db73855,3295.0,3295.0,0.0,3295.0,3295.0,0.0,0.0,0.0,1.0
0ac335a1-63f7-4840-b406-064bbc97cccf,36900.0,36900.0,0.0,36900.0,36900.0,0.0,0.0,0.0,1.0
0acd9817-62fa-4f84-8be2-1d7010a2ad69,225.0,225.0,0.0,225.0,225.0,0.0,0.0,0.0,1.0
0ad57fb6-8219-42a6-86c1-4d3e610e0876,2995.0,2995.0,0.0,2995.0,2995.0,0.0,0.0,0.0,1.0
0aef1582-f600-4a7e-9ab2-3fbdb233d496,595.0,595.0,0.0,595.0,595.0,0.0,0.0,0.0,1.0
0aef2d36-e360-492a-9dc1-b5af34022d19,1050.0,1050.0,0.0,1050.0,1050.0,0.0,0.0,0.0,1.0
0af7e50f-7fb3-4940-8e79-337ba3e7a635,3595.0,3595.0,0.0,3595.0,3595.0,0.0,0.0,0.0,1.0
0afcde49-5259-4d9b-8cb2-9f421ddeebc2,2095.0,2095.0,0.0,2095.0,2095.0,0.0,0.0,0.0,1.0
0b061e39-c86c-4a68-bb53-05e1d58c586f,2495.0,2495.0,0.0,2495.0,2495.0,0.0,0.0,0.0,1.0
0b0a023e-4346-43a4-80b8-05c90231244c,775.0,775.0,0.0,775.0,775.0,0.0,0.0,0.0,1.0
0b14c01e-cd77-4a4e-8d32-b72042c7ce85,465.0,465.0,0.0,465.0,465.0,0.0,0.0,0.0,1.0
0b18906a-1157-49da-8668-26c9a4186f08,995.0,995.0,0.0,995.0,995.0,0.0,0.0,0.0,1.0
0b19fa4e-4b8d-41c2-9e33-96377dc62207,3995.0,3995.0,0.0,3995.0,3995.0,0.0,0.0,0.0,1.0
0b2ba154-0e3a-4943-9456-722c788964ba,695.0,695.0,0.0,695.0,695.0,0.0,0.0,0.0,1.0
0b478e70-ebf7-4aff-8aab-9cc6ae0f3428,5350.0,5350.0,0.0,5350.0,5350.0,0.0,0.0,0.0,1.0
0b4df713-4be7-4f69-8218-0fd76e9f916f,5295.0,5295.0,0.0,5295.0,5295.0,0.0,0.0,0.0,1.0
0b6a4c39-d1a6-400d-884d-2826c2567170,4490.0,4490.0,0.0,4490.0,4490.0,0.0,0.0,0.0,1.0
0b6b4c89-f8b3-4928-8e3a-47522765f70a,4495.0,4495.0,0.0,4495.0,4495.0,0.0,0.0,0.0,1.0
0b776e1f-c0de-494a-a423-cba31ccb90ae,1050.0,1050.0,0.0,1050.0,1050.0,0.0,0.0,0.0,1.0
0b7cc542-69b7-4304-b015-89659badfa2f,15900.0,15900.0,0.0,15900.0,15900.0,0.0,0.0,0.0,1.0
0b90213b-fe9a-4c04-82d6-b70f5389440c,14900.0,14900.0,0.0,14900.0,14900.0,0.0,0.0,0.0,1.0
0b994abb-ed62-4f6f-b3c0-1d43736ed5f7,550.0,550.0,0.0,550.0,550.0,0.0,0.0,0.0,1.0
0b9d082b-8a93-47a1-927e-0f8de47c0f7f,23900.0,23900.0,0.0,23900.0,23900.0,0.0,0.0,0.0,1.0
0ba7772a-c9de-429a-92f0-4ab03fd02914,7200.0,7200.0,0.0,7200.0,7200.0,0.0,0.0,0.0,1.0
0ba93f22-2a04-4997-aa7d-e4e2dfa6dea5,545.0,545.0,0.0,545.0,545.0,0.0,0.0,0.0,1.0
0bab086d-5388-4b49-aad3-06d2213b5fe2,6295.0,6295.0,0.0,6295.0,6295.0,0.0,0.0,0.0,1.0
0baf14bd-218a-40c6-b530-c1eded3405d7,3995.0,3995.0,0.0,3995.0,3995.0,0.0,0.0,0.0,1.0
0bb2c1d4-0e5d-4442-8cfc-d490cdfd2f04,12900.0,12900.0,0.0,12900.0,12900.0,0.0,0.0,0.0,1.0
0bb6a7a7-09bb-46be-9f22-c34b752f2e0d,395.0,395.0,0.0,395.0,395.0,0.0,0.0,0.0,1.0
0bb9633e-c1a8-4691-b690-aab05c9ee65c,3695.0,3695.0,0.0,3695.0,3695.0,0.0,0.0,0.0,1.0
0bc13c0d-8d09-4437-946b-523c08b765d4,840.0,840.0,0.0,840.0,840.0,0.0,0.0,0.0,1.0
0bd1e5c9-264b-4991-877d-a4ca0feb7a20,675.0,675.0,0.0,675.0,675.0,0.0,0.0,0.0,1.0
0be88c01-da2f-4141-bd9a-2b7362885bb4,6295.0,6295.0,0.0,6295.0,6295.0,0.0,0.0,0.0,1.0
0bfbbe86-fefd-4761-b130-5ad8b57f499c,18900.0,18900.0,0.0,18900.0,18900.0,0.0,0.0,0.0,1.0
0bfc8d4f-035e-42f7-8130-b4edee80557d,14900.0,14900.0,0.0,14900.0,14900.0,0.0,0.0,0.0,1.0
0c008ec4-6272-4bfb-81d8-88de2a0c3462,3995.0,3995.0,0.0,3995.0,3995.0,0.0,0.0,0.0,1.0
0c0427ce-874e-42f3-be45-523de398f1f1,7995.0,7995.0,0.0,7995.0,7995.0,0.0,0.0,0.0,1.0
0c08a20e-c9c5-4ea9-8b71-e3a4f6de5411,36900.0,36900.0,0.0,36900.0,36900.0,0.0,0.0,0.0,1.0
0c0e742b-5078-4562-bb58-ef9c1d930341,4495.0,4495.0,0.0,4495.0,4495.0,0.0,0.0,0.0,1.0
0c1f5bf0-9719-4fd6-ba32-f30a9b5fdad9,2295.0,2295.0,0.0,2295.0,2295.0,0.0,0.0,0.0,1.0
0c20d72d-3954-4d53-a9eb-d1fbd32c8ad7,52900.0,52900.0,0.0,52900.0,52900.0,0.0,0.0,0.0,1.0
0c2442bc-e672-4723-8af2-8fbb155ac250,13500.0,13500.0,0.0,13500.0,13500.0,0.0,0.0,0.0,1.0
0c28f91a-1650-4192-89ce-ab969dde19c2,13900.0,13900.0,0.0,13900.0,13900.0,0.0,0.0,0.0,1.0
0c32d046-624a-4969-862a-8c0c34d3f27e,14500.0,14500.0,0.0,14500.0,14500.0,0.0,0.0,0.0,1.0
0c33739e-bfe2-40b0-9dbd-f3aa9d5a3c1d,22.0,22.0,0.0,22.0,22.0,0.0,0.0,0.0,1.0
0c35dc50-374b-4e50-b998-ba72193e5153,16900.0,16900.0,0.0,16900.0,16900.0,0.0,0.0,0.0,1.0
0c40e8e6-fd40-4d15-9afa-e357346addcb,11900.0,11900.0,0.0,11900.0,11900.0,0.0,0.0,0.0,1.0
0c47802b-8de1-4a0f-af81-5ff9aa98d3e4,7200.0,7200.0,0.0,7200.0,7200.0,0.0,0.0,0.0,1.0
0c479e0f-e6e0-4e62-9ada-6de1c57fbafa,1595.0,1595.0,0.0,1595.0,1595.0,0.0,0.0,0.0,1.0
0c4a2bd8-1a5e-4959-89f4-2c3fc9e76e54,2800.0,2800.0,0.0,2800.0,2800.0,0.0,0.0,0.0,1.0
0c4ee5c8-bf9d-43ab-82ab-e6dacb484482,535.0,535.0,0.0,535.0,535.0,0.0,0.0,0.0,1.0
0c58b7d4-a6ff-4c9c-8bd9-3cde4e962624,25900.0,25900.0,0.0,25900.0,25900.0,0.0,0.0,0.0,1.0
0c5910d3-3887-42e5-aa82-a6fb49ac5811,1099.0,1099.0,0.0,1099.0,1099.0,0.0,0.0,0.0,1.0
0c5a5d17-7fc0-4d52-9dac-c510b3a8009b,5695.0,5695.0,0.0,5695.0,5695.0,0.0,0.0,0.0,1.0
0c5a9642-3ead-4f93-9a98-c94c7a0b955c,1895.0,1895.0,0.0,1895.0,1895.0,0.0,0.0,0.0,1.0
0c77e44f-d08d-410a-b3cd-829ae6f4d1bd,3250.0,3250.0,0.0,3250.0,3250.0,0.0,0.0,0.0,1.0
0c788e3e-25a7-4991-b892-f57ec9775a5f,2095.0,2095.0,0.0,2095.0,2095.0,0.0,0.0,0.0,1.0
0c7d3a35-f7b0-4319-9958-c4790d82dba1,22900.0,22900.0,0.0,22900.0,22900.0,0.0,0.0,0.0,1.0
0c7ea166-ff9d-4cf0-b5f0-739099ef0b1f,675.0,675.0,0.0,675.0,675.0,0.0,0.0,0.0,1.0
0c8602e2-d529-4836-b7a5-1a0b243a0cb6,1995.0,1995.0,0.0,1995.0,1995.0,0.0,0.0,0.0,1.0
0c87f224-f373-4646-8dfb-dbe2d81e185e,1595.0,1595.0,0.0,1595.0,1595.0,0.0,0.0,0.0,1.0
0c8dbcdb-61e4-42ff-8390-3f26782ec060,3595.0,3595.0,0.0,3595.0,3595.0,0.0,0.0,0.0,1.0
0ca2a087-e182-4d62-ab07-578d1a3ba40f,2995.0,2995.0,0.0,2995.0,2995.0,0.0,0.0,0.0,1.0
0ca47d19-4319-4abc-84f1-c7ff00c803d8,7995.0,7995.0,0.0,7995.0,7995.0,0.0,0.0,0.0,1.0
0cb735bd-6dce-41c4-aae1-a8ba9c33dc61,645.0,645.0,0.0,645.0,645.0,0.0,0.0,0.0,1.0
0cc0e337-ade8-4198-8aa1-46c70e06b388,7295.0,7295.0,0.0,7295.0,7295.0,0.0,0.0,0.0,1.0
0cc3ee64-c515-4755-87a6-ed2ebc069c17,2499.0,2499.0,0.0,2499.0,2499.0,0.0,0.0,0.0,1.0
0cce2091-30fc-441b-9f7b-f1ed1ca770c2,1810.0,1810.0,0.0,1810.0,1810.0,0.0,0.0,0.0,1.0
0cd43ee5-056e-4a65-8ad9-af49024bc6f4,995.0,995.0,0.0,995.0,995.0,0.0,0.0,0.0,1.0
0cd9bb78-a8de-43dd-b8b9-044954c29986,545.0,545.0,0.0,545.0,545.0,0.0,0.0,0.0,1.0
0ce70742-33f9-47f1-9a35-aeaf2e683606,3850.0,3850.0,0.0,3850.0,3850.0,0.0,0.0,0.0,1.0
0ceb8435-d2e0-4442-8a42-5876c126d75b,16900.0,16900.0,0.0,16900.0,16900.0,0.0,0.0,0.0,1.0
0d039b93-5957-4140-b610-f21e79062894,295.0,295.0,0.0,295.0,295.0,0.0,0.0,0.0,1.0
0d07fe58-c870-4b3a-bfe0-cff6c93067b2,1650.0,1650.0,0.0,1650.0,1650.0,0.0,0.0,0.0,1.0
0d0bb086-f3fb-482f-9bd4-e60bd79cd361,3045.0,3045.0,0.0,3045.0,3045.0,0.0,0.0,0.0,1.0
0d178cce-f3f9-422c-85fc-a0a6215efd5c,10900.0,10900.0,0.0,10900.0,10900.0,0.0,0.0,0.0,1.0
0d17dcd9-aa3d-4d83-be8c-fdb6b205a982,3250.0,3250.0,0.0,3250.0,3250.0,0.0,0.0,0.0,1.0
0d1b5c6b-3ede-4a99-9e6d-c36e9eb6f16a,995.0,995.0,0.0,995.0,995.0,0.0,0.0,0.0,1.0
0d1db0e4-01fa-4060-a9b9-0ead96d668da,2900.0,2900.0,0.0,2900.0,2900.0,0.0,0.0,0.0,1.0
0d27d8a7-164c-4270-a2c8-388defeb48d6,595.0,595.0,0.0,595.0,595.0,0.0,0.0,0.0,1.0
0d2f0677-179c-41bb-b4e4-571833d44fbf,15900.0,15900.0,0.0,15900.0,15900.0,0.0,0.0,0.0,1.0
0d3b118c-752c-4e7a-a88f-416b1e0e3a9a,15900.0,15900.0,0.0,15900.0,15900.0,0.0,0.0,0.0,1.0
0d4068ba-9e35-4efb-afdf-911027210cc0,8995.0,8995.0,0.0,8995.0,8995.0,0.0,0.0,0.0,1.0
0d4e8875-9b62-4ae9-ad62-db92bf0cd8dd,3495.0,3495.0,0.0,3495.0,3495.0,0.0,0.0,0.0,1.0
0d4fe7a1-0969-4530-bc7f-7b4e0545188e,14900.0,14900.0,0.0,14900.0,14900.0,0.0,0.0,0.0,1.0
0d51dd53-a048-4c7b-97df-5dbcc2546f99,1295.0,1295.0,0.0,1295.0,1295.0,0.0,0.0,0.0,1.0
0d57be06-c51a-4f0a-895a-ee5a9a1b21b3,365.0,365.0,0.0,365.0,365.0,0.0,0.0,0.0,1.0
0d5a7ed5-246e-48f2-aae9-60494b579f61,9900.0,9900.0,0.0,9900.0,9900.0,0.0,0.0,0.0,1.0
0d5fad63-f600-419d-9001-4e81b15aa5ca,2700.0,2700.0,0.0,2700.0,2700.0,0.0,0.0,0.0,1.0
0d6a0ac9-c992-47ce-ad07-67ed73af4ee0,895.0,895.0,0.0,895.0,895.0,0.0,0.0,0.0,1.0
0d7229a2-d794-438a-9b2e-5a0f11507098,295.0,295.0,0.0,295.0,295.0,0.0,0.0,0.0,1.0
0d753055-b247-4b6b-81b9-5e9a215ac4af,11900.0,11900.0,0.0,11900.0,11900.0,0.0,0.0,0.0,1.0
0d780664-8ace-42db-af12-ce9b04a28e19,595.0,595.0,0.0,595.0,595.0,0.0,0.0,0.0,1.0
0d795917-4f34-4c9e-8c0d-87751c5f7edf,695.0,695.0,0.0,695.0,695.0,0.0,0.0,0.0,1.0
0d7ba787-6699-43cf-b17f-604043d5a173,455.0,455.0,0.0,455.0,455.0,0.0,0.0,0.0,1.0
0d7f8653-ce9f-4082-b62c-e2857f7422a1,4995.0,4995.0,0.0,4995.0,4995.0,0.0,0.0,0.0,1.0
0d84be2d-964d-40cf-8b8b-81cfd0c55f64,3500.0,3500.0,0.0,3500.0,3500.0,0.0,0.0,0.0,1.0
0d902dc1-7762-488a-a6b8-90fd04317dcd,4980.0,4980.0,0.0,4980.0,4980.0,0.0,0.0,0.0,1.0
0d9cf2b7-d905-45db-93a9-30a0437e36c7,26900.0,26900.0,0.0,26900.0,26900.0,0.0,0.0,0.0,1.0
0d9f4c04-236e-4156-8b55-6ae8ea248497,2100.0,2100.0,0.0,2100.0,2100.0,0.0,0.0,0.0,1.0
0da13cff-343c-42d2-b3fb-7af287c49d0e,1195.0,1195.0,0.0,1195.0,1195.0,0.0,0.0,0.0,1.0
0da485ca-7c3d-403d-b6c5-ad58808b46a1,3150.0,3150.0,0.0,3150.0,3150.0,0.0,0.0,0.0,1.0
0db61faf-9f8c-481b-8467-2754abd88474,4390.0,4390.0,0.0,4390.0,4390.0,0.0,0.0,0.0,1.0
0dc3d94d-94fd-460f-95a9-5ced8e2f191b,4900.0,4900.0,0.0,4900.0,4900.0,0.0,0.0,0.0,1.0
0dc79c46-9856-407d-b978-af9a162028e5,31900.0,31900.0,0.0,31900.0,31900.0,0.0,0.0,0.0,1.0
0dc8474c-8c24-46f3-ab60-ab570df73922,10900.0,10900.0,0.0,10900.0,10900.0,0.0,0.0,0.0,1.0
0de82937-cdfc-4632-9e43-b1ab006422df,330.0,330.0,0.0,330.0,330.0,0.0,0.0,0.0,1.0
0dea7b8d-efcf-40e4-bd69-1e2e10f28f82,4495.0,4495.0,0.0,4495.0,4495.0,0.0,0.0,0.0,1.0
0dee746c-369b-458d-8f5e-6023d46601ae,8900.0,8900.0,0.0,8900.0,8900.0,0.0,0.0,0.0,1.0
0df997ff-4731-4114-9866-7dcbc5c2418d,170.0,170.0,0.0,170.0,170.0,0.0,0.0,0.0,1.0
0dfc5c6a-6741-4031-8ff1-47ae33939cbb,1045.0,1045.0,0.0,1045.0,1045.0,0.0,0.0,0.0,1.0
0e0153c7-dbf3-468e-8cb4-aecbbe3bcf7a,2800.0,2800.0,0.0,2800.0,2800.0,0.0,0.0,0.0,1.0
0e051feb-3a23-4963-8c09-8c69b23b9736,14900.0,14900.0,0.0,14900.0,14900.0,0.0,0.0,0.0,1.0
0e0c980a-4a60-47f2-a243-6bd1e52cda1d,6000.0,6000.0,0.0,6000.0,6000.0,0.0,0.0,0.0,1.0
0e0dc7c5-1f53-4fc0-9cee-79b1466d0a90,545.0,545.0,0.0,545.0,545.0,0.0,0.0,0.0,1.0
0e127cbb-7765-4f5f-9d07-9113b07ab904,445.0,445.0,0.0,445.0,445.0,0.0,0.0,0.0,1.0
0e15709d-416c-4cb8-8ed0-bca69aaa3bb3,7900.0,7900.0,0.0,7900.0,7900.0,0.0,0.0,0.0,1.0
0e164810-9400-4177-94f4-0687777cf40a,1750.0,1750.0,0.0,1750.0,1750.0,0.0,0.0,0.0,1.0
0e1dbdc7-e8c5-4b05-b118-0564601d9e69,8995.0,8995.0,0.0,8995.0,8995.0,0.0,0.0,0.0,1.0
0e2742e4-9d7f-4a82-8dea-148957178ccd,11900.0,11900.0,0.0,11900.0,11900.0,0.0,0.0,0.0,1.0
0e2d54c2-4340-48f4-b50e-5c14ecb8f828,12900.0,12900.0,0.0,12900.0,12900.0,0.0,0.0,0.0,1.0
0e31f64d-e9b6-4bb8-87fa-c763ee69a283,695.0,695.0,0.0,695.0,695.0,0.0,0.0,0.0,1.0
0e332d90-7c99-4a79-82df-2dfd13bfef7a,2200.0,2200.0,0.0,2200.0,2200.0,0.0,0.0,0.0,1.0
0e33ec67-0e06-41df-9aa9-035c8f6cf0a8,1295.0,1295.0,0.0,1295.0,1295.0,0.0,0.0,0.0,1.0
0e35e537-298c-4333-a857-748db910637b,16900.0,16900.0,0.0,16900.0,16900.0,0.0,0.0,0.0,1.0
0e3d2748-8be0-48d5-8946-5924135f98c4,895.0,895.0,0.0,895.0,895.0,0.0,0.0,0.0,1.0
0e40a407-8c81-473f-8fc0-85b0a64fea47,26900.0,26900.0,0.0,26900.0,26900.0,0.0,0.0,0.0,1.0
0e489f02-d993-4822-b923-e6020d3d910d,18500.0,18500.0,0.0,18500.0,18500.0,0.0,0.0,0.0,1.0
0e791760-7d79-4abb-9ce5-dd7ad4ecc1ca,2695.0,2695.0,0.0,2695.0,2695.0,0.0,0.0,0.0,1.0
0e79c9e6-c6f6-44ee-a0e7-3cc20661a812,1095.0,1095.0,0.0,1095.0,1095.0,0.0,0.0,0.0,1.0
0e807d4e-42e5-4205-a3d7-18647e47c063,1500.0,1500.0,0.0,1500.0,1500.0,0.0,0.0,0.0,1.0
0e811756-117e-4161-9273-0507b41aae3e,630.0,630.0,0.0,630.0,630.0,0.0,0.0,0.0,1.0
0e82a8f7-fb7a-4e68-bc27-d80c007cf01b,2795.0,2795.0,0.0,2795.0,2795.0,0.0,0.0,0.0,1.0
0e879748-daca-4673-a86b-ec8676509a18,3695.0,3695.0,0.0,3695.0,3695.0,0.0,0.0,0.0,1.0
0e88eaf5-1cff-45ec-8bbb-a9e243ec7153,2600.0,2600.0,0.0,2600.0,2600.0,0.0,0.0,0.0,1.0
0e8cb87a-8cc4-4ff1-80d1-beda33b54430,2800.0,2800.0,0.0,2800.0,2800.0,0.0,0.0,0.0,1.0
0e9d270c-d3b1-4d2f-bd0b-47d439301879,6500.0,6500.0,0.0,6500.0,6500.0,0.0,0.0,0.0,1.0
0e9eda96-c3a5-4312-b0eb-ad896b182f16,3799.0,3799.0,0.0,3799.0,3799.0,0.0,0.0,0.0,1.0
0eaa9539-d8c4-4569-a957-e7ae239f7357,11900.0,11900.0,0.0,11900.0,11900.0,0.0,0.0,0.0,1.0
0eaad2bc-0a4e-430a-91ed-2d08c7f39c80,205.0,205.0,0.0,205.0,205.0,0.0,0.0,0.0,1.0
0eab9205-cf85-49cf-9971-94769cb8ae8a,3400.0,3400.0,0.0,3400.0,3400.0,0.0,0.0,0.0,1.0
0eb5425b-6d06-4973-821d-3ec8d83a8daf,2150.0,2150.0,0.0,2150.0,2150.0,0.0,0.0,0.0,1.0
0eb86394-b311-40d0-9e78-fb38bb5f0d2b,16900.0,16900.0,0.0,16900.0,16900.0,0.0,0.0,0.0,1.0
0ec3dccd-8ca8-42a5-8c84-ba8453a4a8dc,9500.0,9500.0,0.0,9500.0,9500.0,0.0,0.0,0.0,1.0
0ec9e862-41d5-4adb-9578-ed8f70470da4,595.0,595.0,0.0,595.0,595.0,0.0,0.0,0.0,1.0
0ecb1cb5-5726-40b0-9f1c-8651c0a4cc8e,3799.0,3799.0,0.0,3799.0,3799.0,0.0,0.0,0.0,1.0
0ecdea2f-3325-457b-b6fc-9efadefb83a9,745.0,745.0,0.0,745.0,745.0,0.0,0.0,0.0,1.0
0ee73403-c671-4e33-a531-7b731a2ab61f,17900.0,17900.0,0.0,17900.0,17900.0,0.0,0.0,0.0,1.0
0eecc8a4-78ed-4165-9bb5-0ede3d8d8b1b,540.0,540.0,0.0,540.0,540.0,0.0,0.0,0.0,1.0
0eee0048-25fa-4f23-a662-7b38e85bf683,8980.0,8980.0,0.0,8980.0,8980.0,0.0,0.0,0.0,1.0
0eefd763-9981-4280-8b74-2ac309a76e2e,1795.0,1795.0,0.0,1795.0,1795.0,0.0,0.0,0.0,1.0
0ef2f900-286c-49c4-ba33-aa2144cac111,1495.0,1495.0,0.0,1495.0,1495.0,0.0,0.0,0.0,1.0
0ef313a7-1e54-4042-8a72-9afcae5dd0ac,1495.0,1495.0,0.0,1495.0,1495.0,0.0,0.0,0.0,1.0
0ef4935e-9fc7-4d2f-a216-59ee97a2e571,15900.0,15900.0,0.0,15900.0,15900.0,0.0,0.0,0.0,1.0
0ef72f61-8567-46c3-8905-3a6bd73c86aa,215.0,215.0,0.0,215.0,215.0,0.0,0.0,0.0,1.0
0ef75305-885c-4a05-8a83-aa395a48aedb,1090.0,1090.0,0.0,1090.0,1090.0,0.0,0.0,0.0,1.0
0eff69f3-fadf-4a04-98ef-7a6973601199,8900.0,8900.0,0.0,8900.0,8900.0,0.0,0.0,0.0,1.0
0f00c5b1-5726-455d-a9cb-48d97e1cc12f,1499.0,1499.0,0.0,1499.0,1499.0,0.0,0.0,0.0,1.0
0f025594-b64f-431a-a3fa-334a4e751134,1795.0,1795.0,0.0,1795.0,1795.0,0.0,0.0,0.0,1.0
0f04daa7-4993-4942-8ebb-8cb82ecb600b,845.0,845.0,0.0,845.0,845.0,0.0,0.0,0.0,1.0
0f0e892c-852b-4d41-b19e-35c338032955,3695.0,3695.0,0.0,3695.0,3695.0,0.0,0.0,0.0,1.0
0f114a50-396b-4edb-9874-08f8dd5b58a2,1045.0,1045.0,0.0,1045.0,1045.0,0.0,0.0,0.0,1.0
0f1f49d2-d7fe-4d2e-9156-21554ca504e2,1050.0,1050.0,0.0,1050.0,1050.0,0.0,0.0,0.0,1.0
0f22742b-8359-41de-bb98-d5ec2d3623ee,229.0,229.0,0.0,229.0,229.0,0.0,0.0,0.0,1.0
0f2f2fdb-98e6-44be-99ed-0b6fc67af28e,8995.0,8995.0,0.0,8995.0,8995.0,0.0,0.0,0.0,1.0
0f3561b9-0f23-40d9-9c52-c7513e6399b8,1045.0,1045.0,0.0,1045.0,1045.0,0.0,0.0,0.0,1.0
0f4435a2-1c47-4faa-a700-07ce99e41aeb,2095.0,2095.0,0.0,2095.0,2095.0,0.0,0.0,0.0,1.0
0f48d611-2b1e-4c63-b36e-3f131d4adeea,1295.0,1295.0,0.0,1295.0,1295.0,0.0,0.0,0.0,1.0
0f4e27bd-3a52-4189-819e-fa89f6f12cc9,7495.0,7495.0,0.0,7495.0,7495.0,0.0,0.0,0.0,1.0
0f52f33c-a397-4e2e-b6fd-df792fff1b1c,6995.0,6995.0,0.0,6995.0,6995.0,0.0,0.0,0.0,1.0
0f545081-fc34-4cfc-8eb8-048cb95a00e0,8495.0,8495.0,0.0,8495.0,8495.0,0.0,0.0,0.0,1.0
0f5a7a9e-1c7e-4e3a-a6fc-3ff24a8bb33f,5495.0,5495.0,0.0,5495.0,5495.0,0.0,0.0,0.0,1.0
0f645dcc-21b7-4f00-bc35-6a74390847e0,4195.0,4195.0,0.0,4195.0,4195.0,0.0,0.0,0.0,1.0
0f7220a9-01ab-489e-8fc7-d45f5b407e3a,165.0,165.0,0.0,165.0,165.0,0.0,0.0,0.0,1.0
0f7e6687-161a-4ba8-8dd7-28298c12a04c,1145.0,1145.0,0.0,1145.0,1145.0,0.0,0.0,0.0,1.0
0f8bd8c7-38b2-4b3e-a9e7-4ebd7455aa83,9900.0,9900.0,0.0,9900.0,9900.0,0.0,0.0,0.0,1.0
0f8be229-b162-4037-9acb-fa04822279ca,3495.0,3495.0,0.0,3495.0,3495.0,0.0,0.0,0.0,1.0
0fa6d5da-7484-45ee-ac33-736ee319c473,4200.0,4200.0,0.0,4200.0,4200.0,0.0,0.0,0.0,1.0
0fbcfffb-8fb3-473f-b1bd-907525dfa8fc,35900.0,35900.0,0.0,35900.0,35900.0,0.0,0.0,0.0,1.0
0fbf0b78-c05b-4fe7-804f-7b2c347cfee8,3495.0,3495.0,0.0,3495.0,3495.0,0.0,0.0,0.0,1.0
0fcf2fb0-0437-48ab-8f67-5db286f89bae,1695.0,1695.0,0.0,1695.0,1695.0,0.0,0.0,0.0,1.0
0fd2177f-ff62-4b6a-b9f8-5da710aa40d8,1245.0,1245.0,0.0,1245.0,1245.0,0.0,0.0,0.0,1.0
0fd4723b-3384-4868-86e1-4e6e68e51afd,2700.0,2700.0,0.0,2700.0,2700.0,0.0,0.0,0.0,1.0
0fdb6775-b9ab-4aa0-b500-90f88e49c48c,1850.0,1850.0,0.0,1850.0,1850.0,0.0,0.0,0.0,1.0
0fdcde1d-56b1-4ebb-b4a5-c668a45287c1,1795.0,1795.0,0.0,1795.0,1795.0,0.0,0.0,0.0,1.0
0fdd8cb6-274b-40eb-b880-471ff55f3b16,995.0,995.0,0.0,995.0,995.0,0.0,0.0,0.0,1.0
0fdf8a81-5ecf-4332-840d-5fda4f6094d5,3995.0,3995.0,0.0,3995.0,3995.0,0.0,0.0,0.0,1.0
0fe95e5f-e403-4d1c-8f9c-7c9c7362ec45,475.0,475.0,0.0,475.0,475.0,0.0,0.0,0.0,1.0
0ff9cfbd-4bc9-48a3-b50a-f4d1f28dd8fb,995.0,995.0,0.0,995.0,995.0,0.0,0.0,0.0,1.0
0ffc6393-86eb-4819-afa8-c18b86c38dfa,2795.0,2795.0,0.0,2795.0,2795.0,0.0,0.0,0.0,1.0
10060675-c0f0-4db9-9060-90cf6ece3458,7900.0,7900.0,0.0,7900.0,7900.0,0.0,0.0,0.0,1.0
1008251c-4b71-44b4-9aeb-61e1d360aedd,695.0,695.0,0.0,695.0,695.0,0.0,0.0,0.0,1.0
100c2741-e88d-44b7-abc2-9c02564594e1,5495.0,5495.0,0.0,5495.0,5495.0,0.0,0.0,0.0,1.0
10157451-6712-48ce-9892-59f5b9dba38a,49900.0,49900.0,0.0,49900.0,49900.0,0.0,0.0,0.0,1.0
1016a16c-196d-48f0-89ca-1534224b5991,14900.0,14900.0,0.0,14900.0,14900.0,0.0,0.0,0.0,1.0
101e80ce-4ce4-496e-a6c1-09bebcaea147,2699.0,2699.0,0.0,2699.0,2699.0,0.0,0.0,0.0,1.0
10214e0c-5625-42d0-acd3-9cc9921a0466,15900.0,15900.0,0.0,15900.0,15900.0,0.0,0.0,0.0,1.0
10225b67-b1fd-4ea8-8040-86253675e752,495.0,495.0,0.0,495.0,495.0,0.0,0.0,0.0,1.0
102c9752-0f66-4436-9d58-c06a8a725e79,1995.0,1995.0,0.0,1995.0,1995.0,0.0,0.0,0.0,1.0
102dccea-08ec-40fe-acac-64bd94471233,6995.0,6995.0,0.0,6995.0,6995.0,0.0,0.0,0.0,1.0
1036db8d-53e6-4e04-b286-08bd797677da,645.0,645.0,0.0,645.0,645.0,0.0,0.0,0.0,1.0
1049f3f4-5682-417b-afaf-f6f942a98c3c,2095.0,2095.0,0.0,2095.0,2095.0,0.0,0.0,0.0,1.0
104c5ca7-3eeb-45be-9cd5-baf41220441b,425.0,425.0,0.0,425.0,425.0,0.0,0.0,0.0,1.0
1050917e-8ab8-4b04-bca4-ca4bf3709400,1395.0,1395.0,0.0,1395.0,1395.0,0.0,0.0,0.0,1.0
1052ad69-7084-4afa-b505-20df7a60283d,2195.0,2195.0,0.0,2195.0,2195.0,0.0,0.0,0.0,1.0
10549801-fc25-4564-9b5f-193c4dd7b3d4,240.0,240.0,0.0,240.0,240.0,0.0,0.0,0.0,1.0
1059c1fe-4490-4a2a-b80e-94d67383115f,2850.0,2850.0,0.0,2850.0,2850.0,0.0,0.0,0.0,1.0
105a7eb3-9ebd-47b2-a859-2714af57e1ad,2195.0,2195.0,0.0,2195.0,2195.0,0.0,0.0,0.0,1.0
1063a214-18a6-4746-bc10-6fd58f7975e4,345.0,345.0,0.0,345.0,345.0,0.0,0.0,0.0,1.0
10663181-14f0-4844-8fb1-5fcde6ece56b,10900.0,10900.0,0.0,10900.0,10900.0,0.0,0.0,0.0,1.0
1072c1b3-0343-4897-99bd-f650f94c76a8,2995.0,2995.0,0.0,2995.0,2995.0,0.0,0.0,0.0,1.0
1072e1ae-bc88-4827-bdf7-720353045e57,10500.0,10500.0,0.0,10500.0,10500.0,0.0,0.0,0.0,1.0
10734ef2-5656-42a9-96e9-c2f141010fbf,1695.0,1695.0,0.0,1695.0,1695.0,0.0,0.0,0.0,1.0
107e2edb-0055-4014-a51b-3e8898cf87fb,13900.0,13900.0,0.0,13900.0,13900.0,0.0,0.0,0.0,1.0
1080d2d9-e895-419d-813e-517050c3cd16,2145.0,2145.0,0.0,2145.0,2145.0,0.0,0.0,0.0,1.0
109315a7-81ce-4f24-af21-c4d5072d0cc2,16900.0,16900.0,0.0,16900.0,16900.0,0.0,0.0,0.0,1.0
109d7383-a590-4add-a6f3-93e02f48d29b,13900.0,13900.0,0.0,13900.0,13900.0,0.0,0.0,0.0,1.0
10a0e5a0-a981-41da-8c85-9fbd54f14c1a,2900.0,2900.0,0.0,2900.0,2900.0,0.0,0.0,0.0,1.0
10ab44ad-5fa6-4230-8d02-c3dcbaea3554,15500.0,15500.0,0.0,15500.0,15500.0,0.0,0.0,0.0,1.0
10ae81a0-3a0c-4af4-8de1-425043ae51fa,10900.0,10900.0,0.0,10900.0,10900.0,0.0,0.0,0.0,1.0
10b1cfe0-a565-462f-b113-eeca54e3c2f3,445.0,445.0,0.0,445.0,445.0,0.0,0.0,0.0,1.0
10bfc690-82e4-40dc-836a-7386930a5568,2770.0,2770.0,0.0,2770.0,2770.0,0.0,0.0,0.0,1.0
10c67f67-9940-4f90-a275-e5b9ab975217,1695.0,1695.0,0.0,1695.0,1695.0,0.0,0.0,0.0,1.0
10c97c0d-3c29-4efb-b2b2-9b0a2abca567,465.0,465.0,0.0,465.0,465.0,0.0,0.0,0.0,1.0
10cfb600-a74c-4a3f-b67a-ce55e619eb39,16900.0,16900.0,0.0,16900.0,16900.0,0.0,0.0,0.0,1.0
10da51ff-e537-4f50-8e86-84007bbeadc3,189.0,189.0,0.0,189.0,189.0,0.0,0.0,0.0,1.0
10e5f73b-1cd6-4cc3-bd52-842c6d7db4ea,15900.0,15900.0,0.0,15900.0,15900.0,0.0,0.0,0.0,1.0
10e9d3f6-c109-450e-9c3d-84afd55e4e47,11900.0,11900.0,0.0,11900.0,11900.0,0.0,0.0,0.0,1.0
11038be9-817d-4cf7-b57d-5dec82538462,2195.0,2195.0,0.0,2195.0,2195.0,0.0,0.0,0.0,1.0
110e613d-d206-4dac-8ce6-21aac858d825,695.0,695.0,0.0,695.0,695.0,0.0,0.0,0.0,1.0
11136460-9c61-4eb6-90ff-ad12b8650fbe,795.0,795.0,0.0,795.0,795.0,0.0,0.0,0.0,1.0
1132b77a-f3ef-4610-8b8d-c18a5bb99e85,895.0,895.0,0.0,895.0,895.0,0.0,0.0,0.0,1.0
1138e83b-1726-4f79-995f-dbbba4da8fd5,2795.0,2795.0,0.0,2795.0,2795.0,0.0,0.0,0.0,1.0
1140b6a8-f7ab-4649-b30f-15844183d674,845.0,845.0,0.0,845.0,845.0,0.0,0.0,0.0,1.0
11417ff9-56fe-48d9-9522-e940cb03c60b,695.0,695.0,0.0,695.0,695.0,0.0,0.0,0.0,1.0
11470018-2ff6-4417-bd17-97c96cd64fd6,7900.0,7900.0,0.0,7900.0,7900.0,0.0,0.0,0.0,1.0
114a56ae-0ab7-45fa-97ba-537dc50b3a33,1195.0,1195.0,0.0,1195.0,1195.0,0.0,0.0,0.0,1.0
1153e09b-d8c6-48e2-90c8-689ea6ff5f10,3995.0,3995.0,0.0,3995.0,3995.0,0.0,0.0,0.0,1.0
1160fdc1-83da-44a5-b00c-f6091c985e18,1695.0,1695.0,0.0,1695.0,1695.0,0.0,0.0,0.0,1.0
116195a8-210f-40bf-b9bc-f2a066384e73,15900.0,15900.0,0.0,15900.0,15900.0,0.0,0.0,0.0,1.0
116ec1de-de04-4674-bf78-4c53bd3ea3c0,195.0,195.0,0.0,195.0,195.0,0.0,0.0,0.0,1.0
11722867-5547-471d-9571-114e95fb126f,795.0,795.0,0.0,795.0,795.0,0.0,0.0,0.0,1.0
117ffd6a-ccf9-431e-ade9-7465d40afb31,2050.0,2050.0,0.0,2050.0,2050.0,0.0,0.0,0.0,1.0
11842b1d-018e-49a9-ac6f-fca304faa761,6995.0,6995.0,0.0,6995.0,6995.0,0.0,0.0,0.0,1.0
1184b3b5-d92d-4374-adab-03757a1d4dc3,3195.0,3195.0,0.0,3195.0,3195.0,0.0,0.0,0.0,1.0
11861070-6f9f-450f-98a7-e26bb7c503dd,1695.0,1695.0,0.0,1695.0,1695.0,0.0,0.0,0.0,1.0
118b2d31-76eb-4d7d-90f6-03937e2df8a5,16900.0,16900.0,0.0,16900.0,16900.0,0.0,0.0,0.0,1.0
1190067e-207f-4048-a3e5-96eeeb33e3cf,1195.0,1195.0,0.0,1195.0,1195.0,0.0,0.0,0.0,1.0
11930271-19fa-4f6b-a02f-b8db24f72af7,845.0,845.0,0.0,845.0,845.0,0.0,0.0,0.0,1.0
1195c78a-bcfa-4d14-a8d4-c4f56541df11,675.0,675.0,0.0,675.0,675.0,0.0,0.0,0.0,1.0
119b16f0-8ee7-4519-8722-0bec9301bdf4,100.0,100.0,0.0,100.0,100.0,0.0,0.0,0.0,1.0
119d9290-ccb2-46f0-ba8c-e20e8edd92f0,12500.0,12500.0,0.0,12500.0,12500.0,0.0,0.0,0.0,1.0
11a30ea8-9523-4ed7-b212-f167cb77519f,2295.0,2295.0,0.0,2295.0,2295.0,0.0,0.0,0.0,1.0
11b35827-83f4-4769-be4f-d80eb29be226,3495.0,3495.0,0.0,3495.0,3495.0,0.0,0.0,0.0,1.0
11b8154a-05c5-4a96-88be-1c78397321ec,345.0,345.0,0.0,345.0,345.0,0.0,0.0,0.0,1.0
11ba0794-9010-44e8-afa7-c12ddcb3c279,5995.0,5995.0,0.0,5995.0,5995.0,0.0,0.0,0.0,1.0
11c5f04f-043e-4df3-833c-975ad92e8e69,3800.0,3800.0,0.0,3800.0,3800.0,0.0,0.0,0.0,1.0
11c71894-84e5-4a93-97c8-ed371409f008,16900.0,16900.0,0.0,16900.0,16900.0,0.0,0.0,0.0,1.0
11ca1397-5ca3-4ed5-af62-25062ca3d58d,3295.0,3295.0,0.0,3295.0,3295.0,0.0,0.0,0.0,1.0
11cfea26-29f6-4671-a881-6e062857b58a,16900.0,16900.0,0.0,16900.0,16900.0,0.0,0.0,0.0,1.0
11d62546-bf79-40ff-a35e-3019e5e4d258,24900.0,24900.0,0.0,24900.0,24900.0,0.0,0.0,0.0,1.0
11d8948d-0ec2-4ea6-86c8-974387d85875,16000.0,16000.0,0.0,16000.0,16000.0,0.0,0.0,0.0,1.0
11daece7-9b34-45f1-a378-f7c0e15536c3,5500.0,5500.0,0.0,5500.0,5500.0,0.0,0.0,0.0,1.0
11df0997-5bab-412b-9d18-b4e6659fcf02,1145.0,1145.0,0.0,1145.0,1145.0,0.0,0.0,0.0,1.0
11e12de9-76d7-4a6b-9308-99bbe1d50cc9,845.0,845.0,0.0,845.0,845.0,0.0,0.0,0.0,1.0
11e321c1-ac73-48e3-bca5-f8b753008948,3800.0,3800.0,0.0,3800.0,3800.0,0.0,0.0,0.0,1.0
11eebd8b-7522-4811-8aad-77501b1223d3,11900.0,11900.0,0.0,11900.0,11900.0,0.0,0.0,0.0,1.0
11fa86f7-f202-4f63-be92-b18022a0d764,6495.0,6495.0,0.0,6495.0,6495.0,0.0,0.0,0.0,1.0
11fe4034-b394-43c0-9621-9e2dd61e9f7b,1900.0,1900.0,0.0,1900.0,1900.0,0.0,0.0,0.0,1.0
1202cd52-7f37-4125-8928-1e71e4c1b16c,1520.0,1520.0,0.0,1520.0,1520.0,0.0,0.0,0.0,1.0
120d86c4-89ba-446b-9e32-d1e456225968,2295.0,2295.0,0.0,2295.0,2295.0,0.0,0.0,0.0,1.0
120f1fc8-bf51-4a14-ac45-3026a258a88a,3995.0,3995.0,0.0,3995.0,3995.0,0.0,0.0,0.0,1.0
12107bbe-38b3-40cf-85fa-052a0ecb7e20,395.0,395.0,0.0,395.0,395.0,0.0,0.0,0.0,1.0
121295c5-f784-4288-8dd1-24d96a2809f4,3395.0,3395.0,0.0,3395.0,3395.0,0.0,0.0,0.0,1.0
1222ccde-8dec-483b-bf03-a3b1a90fd71e,15900.0,15900.0,0.0,15900.0,15900.0,0.0,0.0,0.0,1.0
12305100-cf14-4ae1-bed1-7f00180594c5,5130.0,5130.0,0.0,5130.0,5130.0,0.0,0.0,0.0,1.0
12338212-3508-4da1-8e85-a4eb1510f6cb,1995.0,1995.0,0.0,1995.0,1995.0,0.0,0.0,0.0,1.0
123604f1-8a82-41bb-a151-9aca242e321c,799.0,799.0,0.0,799.0,799.0,0.0,0.0,0.0,1.0
123cb30f-26b0-4888-a922-89a616ee9152,4495.0,4495.0,0.0,4495.0,4495.0,0.0,0.0,0.0,1.0
1246b577-abf8-45e2-8d6c-c76402872252,14900.0,14900.0,0.0,14900.0,14900.0,0.0,0.0,0.0,1.0
12557b89-dcc7-49c2-a9cb-795316a872d7,4690.0,4690.0,0.0,4690.0,4690.0,0.0,0.0,0.0,1.0
1255b908-a4cf-41c2-9b41-bf56e23c2846,595.0,595.0,0.0,595.0,595.0,0.0,0.0,0.0,1.0
125bbd26-6bf9-4c30-9857-75ba1a2a8d9a,3495.0,3495.0,0.0,3495.0,3495.0,0.0,0.0,0.0,1.0
125c92c0-fbbe-4639-aa83-ed00b1f78375,6495.0,6495.0,0.0,6495.0,6495.0,0.0,0.0,0.0,1.0
126294e6-c635-4b8e-99b3-57a1ad4afa57,15900.0,15900.0,0.0,15900.0,15900.0,0.0,0.0,0.0,1.0
1263ba56-5894-4c13-b99e-99c9b788959a,11900.0,11900.0,0.0,11900.0,11900.0,0.0,0.0,0.0,1.0
12652508-abc7-4b75-8bdd-856f60e71895,9900.0,9900.0,0.0,9900.0,9900.0,0.0,0.0,0.0,1.0
12812abe-0756-4737-8b65-58131186a821,4995.0,4995.0,0.0,4995.0,4995.0,0.0,0.0,0.0,1.0
12895315-c966-4e3c-ac6c-205672b11251,1799.0,1799.0,0.0,1799.0,1799.0,0.0,0.0,0.0,1.0
128db847-9f8f-40d6-9bc3-75a611aad26f,7995.0,7995.0,0.0,7995.0,7995.0,0.0,0.0,0.0,1.0
1291b688-a3ed-4287-9225-baeaf6beed23,1950.0,1950.0,0.0,1950.0,1950.0,0.0,0.0,0.0,1.0
1298d3ae-2be3-4d4f-b25a-ebbd482ed25e,1050.0,1050.0,0.0,1050.0,1050.0,0.0,0.0,0.0,1.0
129ddc5a-b064-405a-a93c-e75efada3720,130.0,130.0,0.0,130.0,130.0,0.0,0.0,0.0,1.0
12a21657-0fcc-4937-b73d-9be61333ba91,4995.0,4995.0,0.0,4995.0,4995.0,0.0,0.0,0.0,1.0
12ad9336-9a60-4686-9b25-266cea6ca252,4490.0,4490.0,0.0,4490.0,4490.0,0.0,0.0,0.0,1.0
12b05c38-890e-44e4-bc9e-25accd7e86fd,1095.0,1095.0,0.0,1095.0,1095.0,0.0,0.0,0.0,1.0
12bac448-1114-4755-b562-9af78a6f1cb4,9900.0,9900.0,0.0,9900.0,9900.0,0.0,0.0,0.0,1.0
12be40b1-854f-46a1-944b-1f6f73217cbd,4495.0,4495.0,0.0,4495.0,4495.0,0.0,0.0,0.0,1.0
12c2dbe1-e381-4eda-94ed-e338059cecae,295.0,295.0,0.0,295.0,295.0,0.0,0.0,0.0,1.0
12c49680-4885-4ead-a967-4338a4630876,695.0,695.0,0.0,695.0,695.0,0.0,0.0,0.0,1.0
12c49a76-5c8e-44d7-97ab-15f0f68499f0,505.0,505.0,0.0,505.0,505.0,0.0,0.0,0.0,1.0
12c7c275-7887-4f50-b107-7889f3f57757,3895.0,3895.0,0.0,3895.0,3895.0,0.0,0.0,0.0,1.0
12c951a7-6c61-4c07-900e-22bd3cce8e90,5995.0,5995.0,0.0,5995.0,5995.0,0.0,0.0,0.0,1.0
12cadabc-1743-4aa2-bf03-33e6ad104670,540.0,540.0,0.0,540.0,540.0,0.0,0.0,0.0,1.0
12cf9528-7b95-4ee2-b245-ff5111cd3a2b,14900.0,14900.0,0.0,14900.0,14900.0,0.0,0.0,0.0,1.0
12d20110-7335-4149-9945-b8cbc0e29955,570.0,570.0,0.0,570.0,570.0,0.0,0.0,0.0,1.0
12e1fff8-b349-4de9-ace3-9abbe24caac4,14900.0,14900.0,0.0,14900.0,14900.0,0.0,0.0,0.0,1.0
12e463d3-b1f4-4109-8a5d-be4a67de803d,390.0,390.0,0.0,390.0,390.0,0.0,0.0,0.0,1.0
12e70f2e-9d33-4486-9be8-61ee8b24054c,545.0,545.0,0.0,545.0,545.0,0.0,0.0,0.0,1.0
12f34a7b-dab6-4634-a47d-2e40eb2a2425,2399.0,2399.0,0.0,2399.0,2399.0,0.0,0.0,0.0,1.0
12fa4a61-b134-4f9b-87fb-ad4e3bf51e54,2995.0,2995.0,0.0,2995.0,2995.0,0.0,0.0,0.0,1.0
12faa3c7-5a81-4b7c-8e21-8085954bb86f,1495.0,1495.0,0.0,1495.0,1495.0,0.0,0.0,0.0,1.0
12fc98b3-2fb5-4bcc-be73-93f908aebe28,13900.0,13900.0,0.0,13900.0,13900.0,0.0,0.0,0.0,1.0
12fecb6d-7c98-4887-8da8-582ec20ef485,5595.0,5595.0,0.0,5595.0,5595.0,0.0,0.0,0.0,1.0
13008f46-e390-4909-8a56-25ef4ed79827,5995.0,5995.0,0.0,5995.0,5995.0,0.0,0.0,0.0,1.0
130534a4-cec6-4cd4-a1d0-c729abd29ad4,575.0,575.0,0.0,575.0,575.0,0.0,0.0,0.0,1.0
1308dbfa-3a79-48c1-a619-d2df731c6b33,2800.0,2800.0,0.0,2800.0,2800.0,0.0,0.0,0.0,1.0
130a3a6c-62e5-4813-97d4-1815fd605150,845.0,845.0,0.0,845.0,845.0,0.0,0.0,0.0,1.0
130d799e-b2fc-4a31-a9e9-ad859460d8f8,1995.0,1995.0,0.0,1995.0,1995.0,0.0,0.0,0.0,1.0
131096b3-667a-49da-b81b-07211f95219f,11900.0,11900.0,0.0,11900.0,11900.0,0.0,0.0,0.0,1.0
13189810-3879-4ef7-88d1-2ff3de147f96,1395.0,1395.0,0.0,1395.0,1395.0,0.0,0.0,0.0,1.0
131c1f0f-05d7-44ca-ad6f-a936e56a6574,10900.0,10900.0,0.0,10900.0,10900.0,0.0,0.0,0.0,1.0
131c8c53-b00a-41f8-85a0-8e6caf3b78de,595.0,595.0,0.0,595.0,595.0,0.0,0.0,0.0,1.0
132440e3-19e1-4ed6-8dcf-831b386ed739,3000.0,3000.0,0.0,3000.0,3000.0,0.0,0.0,0.0,1.0
13270b6e-2c92-45f8-86fc-eb674a7525e2,1499.0,1499.0,0.0,1499.0,1499.0,0.0,0.0,0.0,1.0
132bbd97-c1e6-4473-bd19-bea3e468f4a9,3995.0,3995.0,0.0,3995.0,3995.0,0.0,0.0,0.0,1.0
133608be-8f13-4157-b75c-921a6ddf0b6e,8195.0,8195.0,0.0,8195.0,8195.0,0.0,0.0,0.0,1.0
134a8548-880d-4526-94b7-a602e5423b26,8900.0,8900.0,0.0,8900.0,8900.0,0.0,0.0,0.0,1.0
134acd9f-5ada-4801-a663-61daef8fe300,3595.0,3595.0,0.0,3595.0,3595.0,0.0,0.0,0.0,1.0
134aea34-9b96-4474-bb2f-c0993c6265dc,1395.0,1395.0,0.0,1395.0,1395.0,0.0,0.0,0.0,1.0
134e669e-f7ef-4fee-9bee-c99ad55d6b83,895.0,895.0,0.0,895.0,895.0,0.0,0.0,0.0,1.0
13573ad7-ee71-40be-a0de-554711f739cc,695.0,695.0,0.0,695.0,695.0,0.0,0.0,0.0,1.0
13583dda-ad89-4a19-a377-459b1c557fb1,2499.0,2499.0,0.0,2499.0,2499.0,0.0,0.0,0.0,1.0
135ac0df-c11c-4049-8193-214c75f6e037,1995.0,1995.0,0.0,1995.0,1995.0,0.0,0.0,0.0,1.0
135d6661-1d57-41a7-ba17-e442fd99c11b,17900.0,17900.0,0.0,17900.0,17900.0,0.0,0.0,0.0,1.0
1364c3d4-2715-496d-887c-39f8031d091e,2790.0,2790.0,0.0,2790.0,2790.0,0.0,0.0,0.0,1.0
136eb753-c80a-437e-9371-94d7186da8fd,44900.0,44900.0,0.0,44900.0,44900.0,0.0,0.0,0.0,1.0
136f251f-5d62-4249-9223-91e0cd16db0f,8995.0,8995.0,0.0,8995.0,8995.0,0.0,0.0,0.0,1.0
137161b3-8d22-492a-a127-6dfb56529356,11900.0,11900.0,0.0,11900.0,11900.0,0.0,0.0,0.0,1.0
13729090-437d-4892-aab1-4f05a5aa3115,10900.0,10900.0,0.0,10900.0,10900.0,0.0,0.0,0.0,1.0
13762cfa-b756-4c89-a7da-bdaf5fb035e5,445.0,445.0,0.0,445.0,445.0,0.0,0.0,0.0,1.0
137d080b-227e-4ef4-a558-1707b58e4701,16900.0,16900.0,0.0,16900.0,16900.0,0.0,0.0,0.0,1.0
137daf6d-60bb-4a42-8845-03b780b407fd,2700.0,2700.0,0.0,2700.0,2700.0,0.0,0.0,0.0,1.0
137f3fad-9c84-4011-957b-59b982a8c8f6,50.0,50.0,0.0,50.0,50.0,0.0,0.0,0.0,1.0
138af26d-58cc-4e77-b048-e98869944304,745.0,745.0,0.0,745.0,745.0,0.0,0.0,0.0,1.0
138f53eb-cd1a-473f-89ce-1d7e6b76b05f,3250.0,3250.0,0.0,3250.0,3250.0,0.0,0.0,0.0,1.0
139960b6-287c-4775-a29e-8f67b0e8e810,14900.0,14900.0,0.0,14900.0,14900.0,0.0,0.0,0.0,1.0
139a6da8-e897-43e7-805e-024de8a1ae28,1695.0,1695.0,0.0,1695.0,1695.0,0.0,0.0,0.0,1.0
139e6cfc-f941-425a-b388-e5b6e7330a2f,1400.0,1400.0,0.0,1400.0,1400.0,0.0,0.0,0.0,1.0
13a2f771-bab6-4da1-a0a3-76e7a73829af,95.0,95.0,0.0,95.0,95.0,0.0,0.0,0.0,1.0
13b1480f-44fc-4837-b69d-cbba4d0f6f5b,32900.0,32900.0,0.0,32900.0,32900.0,0.0,0.0,0.0,1.0
13b416be-d354-481e-a193-d53bb34ccdd1,995.0,995.0,0.0,995.0,995.0,0.0,0.0,0.0,1.0
13c11883-fa40-4dbc-b93a-bbf5e0d0050c,1095.0,1095.0,0.0,1095.0,1095.0,0.0,0.0,0.0,1.0
13c52dbf-9214-4652-a52b-bb656b1fd111,1795.0,1795.0,0.0,1795.0,1795.0,0.0,0.0,0.0,1.0
13c5b4e3-abbb-410a-b216-79adb3198554,36900.0,36900.0,0.0,36900.0,36900.0,0.0,0.0,0.0,1.0
13c98e64-53de-437d-90ae-4cccd69ca95e,3150.0,3150.0,0.0,3150.0,3150.0,0.0,0.0,0.0,1.0
13cbb3c2-ecee-46d7-83e7-27440f9ef144,5495.0,5495.0,0.0,5495.0,5495.0,0.0,0.0,0.0,1.0
13d04a8b-8eec-4fc0-af5a-49fc2fb26801,645.0,645.0,0.0,645.0,645.0,0.0,0.0,0.0,1.0
13d269bc-807e-4c78-8d06-7fd075cc4a92,600.0,600.0,0.0,600.0,600.0,0.0,0.0,0.0,1.0
13d4f7ab-f7a1-4f65-b2a8-887d7d75ba7a,995.0,995.0,0.0,995.0,995.0,0.0,0.0,0.0,1.0
13e79fca-993d-4750-b3ea-a222dd2a7da0,1695.0,1695.0,0.0,1695.0,1695.0,0.0,0.0,0.0,1.0
13ed1169-e76e-468b-b9e2-e1fb17c32361,445.0,445.0,0.0,445.0,445.0,0.0,0.0,0.0,1.0
1406c238-c12c-404c-a786-5d287deb20d9,10900.0,10900.0,0.0,10900.0,10900.0,0.0,0.0,0.0,1.0
14076a19-0f87-42f1-94be-61fb57b40382,895.0,895.0,0.0,895.0,895.0,0.0,0.0,0.0,1.0
14166800-d34e-44d3-837e-2290442e31ac,34900.0,34900.0,0.0,34900.0,34900.0,0.0,0.0,0.0,1.0
14193b40-e9b3-4ac5-9a3b-1e79bc404c98,3995.0,3995.0,0.0,3995.0,3995.0,0.0,0.0,0.0,1.0
142178cf-e64e-4bb1-96b8-fe0ec6c91dfa,2800.0,2800.0,0.0,2800.0,2800.0,0.0,0.0,0.0,1.0
14242b58-f801-4376-9ec7-86727c83370e,50.0,50.0,0.0,50.0,50.0,0.0,0.0,0.0,1.0
1424681d-a98e-4549-89f3-e37ac4275988,1345.0,1345.0,0.0,1345.0,1345.0,0.0,0.0,0.0,1.0
1428f3c3-3cf3-4a4a-853a-53789390dfea,1695.0,1695.0,0.0,1695.0,1695.0,0.0,0.0,0.0,1.0
1430346f-36ae-4036-941b-fa4eb3902314,2699.0,2699.0,0.0,2699.0,2699.0,0.0,0.0,0.0,1.0
1431126a-9a75-4191-9a85-84b2978305f2,3795.0,3795.0,0.0,3795.0,3795.0,0.0,0.0,0.0,1.0
1435e4bf-f877-434c-8915-dec59968746a,10900.0,10900.0,0.0,10900.0,10900.0,0.0,0.0,0.0,1.0
1440dea7-d6e1-4d7a-bd72-01ce24c9594d,55.0,55.0,0.0,55.0,55.0,0.0,0.0,0.0,1.0
144a0fde-662a-403e-bccb-f76f31f96dbc,335.0,335.0,0.0,335.0,335.0,0.0,0.0,0.0,1.0
144b20c2-b0b3-4d5a-942b-0afb8de9f055,1995.0,1995.0,0.0,1995.0,1995.0,0.0,0.0,0.0,1.0
14537638-ae43-4896-a47b-f531abef1eb9,440.0,440.0,0.0,440.0,440.0,0.0,0.0,0.0,1.0
1455a124-b94f-4a83-85b0-020af3ae86b3,8995.0,8995.0,0.0,8995.0,8995.0,0.0,0.0,0.0,1.0
1461832c-791a-48d6-96c4-f1f7d966616b,4495.0,4495.0,0.0,4495.0,4495.0,0.0,0.0,0.0,1.0
14714469-64e8-4a8c-a16e-6448653866ae,4630.0,4630.0,0.0,4630.0,4630.0,0.0,0.0,0.0,1.0
1479a7b8-c687-4e88-9b75-7972f71e5539,1275.0,1275.0,0.0,1275.0,1275.0,0.0,0.0,0.0,1.0
148c9b92-e51d-47d4-830f-d4a6665642eb,1795.0,1795.0,0.0,1795.0,1795.0,0.0,0.0,0.0,1.0
14978697-9b48-4fe9-9b97-d65ac2e1e606,3295.0,3295.0,0.0,3295.0,3295.0,0.0,0.0,0.0,1.0
149a769c-f687-4629-a817-65efb7b7379b,2895.0,2895.0,0.0,2895.0,2895.0,0.0,0.0,0.0,1.0
149b868e-b9e4-42c6-a791-3cbd91dabd40,11900.0,11900.0,0.0,11900.0,11900.0,0.0,0.0,0.0,1.0
14a375c1-be65-456e-a53f-a91fe5d609b6,12500.0,12500.0,0.0,12500.0,12500.0,0.0,0.0,0.0,1.0
14ae5c2b-1ae1-4fbb-a8e9-884fe4d0f84a,295.0,295.0,0.0,295.0,295.0,0.0,0.0,0.0,1.0
14b0e9e1-f4dc-42cd-a62a-3e228e926db3,2150.0,2150.0,0.0,2150.0,2150.0,0.0,0.0,0.0,1.0
14bb3bb6-b024-4b47-be2d-ad3a545038b8,4395.0,4395.0,0.0,4395.0,4395.0,0.0,0.0,0.0,1.0
14bd3049-99ed-4d82-a183-3d02c23a2190,5595.0,5595.0,0.0,5595.0,5595.0,0.0,0.0,0.0,1.0
14c4a460-88d6-4244-92f3-a06be65873f0,59900.0,59900.0,0.0,59900.0,59900.0,0.0,0.0,0.0,1.0
14c73c9c-7f44-4255-a6de-8931f06c6f4a,1595.0,1595.0,0.0,1595.0,1595.0,0.0,0.0,0.0,1.0
14ef350d-856e-46c7-a8e4-73411ca99825,13900.0,13900.0,0.0,13900.0,13900.0,0.0,0.0,0.0,1.0
14f0e741-00fe-4749-941b-611924e5bce1,6295.0,6295.0,0.0,6295.0,6295.0,0.0,0.0,0.0,1.0
14f2336c-ca95-4c0e-95bc-902688d09c78,9900.0,9900.0,0.0,9900.0,9900.0,0.0,0.0,0.0,1.0
14fcf3c0-85d2-4253-8c82-7413e633f734,36900.0,36900.0,0.0,36900.0,36900.0,0.0,0.0,0.0,1.0
15030080-2ef8-44cb-b5c0-befb6de08e12,2350.0,2350.0,0.0,2350.0,2350.0,0.0,0.0,0.0,1.0
1507a540-c622-4511-b998-7387d9515fea,2395.0,2395.0,0.0,2395.0,2395.0,0.0,0.0,0.0,1.0
15088f96-b0bd-4e96-863c-5af52fec9e1f,2900.0,2900.0,0.0,2900.0,2900.0,0.0,0.0,0.0,1.0
1510cfa4-fead-4c9d-a91a-81d1cc771112,1195.0,1195.0,0.0,1195.0,1195.0,0.0,0.0,0.0,1.0
15110c67-31dc-48da-b127-ba078f844dce,6300.0,6300.0,0.0,6300.0,6300.0,0.0,0.0,0.0,1.0
1511455f-153d-4bb4-afe3-c7930c421468,650.0,650.0,0.0,650.0,650.0,0.0,0.0,0.0,1.0
15124be5-3f56-45da-adbe-9689b338efe4,14900.0,14900.0,0.0,14900.0,14900.0,0.0,0.0,0.0,1.0
15135dd5-ad6b-41ba-96e1-2186c48bc6e1,2595.0,2595.0,0.0,2595.0,2595.0,0.0,0.0,0.0,1.0
151748f1-ec10-460a-a446-e91fa898c176,5195.0,5195.0,0.0,5195.0,5195.0,0.0,0.0,0.0,1.0
1517ccac-8088-4bce-b446-a592ec808955,1795.0,1795.0,0.0,1795.0,1795.0,0.0,0.0,0.0,1.0
151b387a-46e1-4968-be38-7570e839823a,2900.0,2900.0,0.0,2900.0,2900.0,0.0,0.0,0.0,1.0
1522a383-d83f-4a7d-9a32-b99f47ffa6e8,1502.5,1502.5,484.36814511278504,1160.0,1845.0,342.5,0.3223748053995242,685.0,1.5905172413793103
15260aab-dae3-4810-8b93-c72668950de1,1995.0,1995.0,0.0,1995.0,1995.0,0.0,0.0,0.0,1.0
152b49c1-a770-4899-846e-10d408a2e93e,18900.0,18900.0,0.0,18900.0,18900.0,0.0,0.0,0.0,1.0
15343be2-169b-4d4f-852c-dc7dad859bf0,22900.0,22900.0,0.0,22900.0,22900.0,0.0,0.0,0.0,1.0
153ee2ce-492b-4168-88dd-e090a25cccd2,2500.0,2500.0,0.0,2500.0,2500.0,0.0,0.0,0.0,1.0
15437b66-709d-4979-85e6-170b9f5d22c3,13900.0,13900.0,0.0,13900.0,13900.0,0.0,0.0,0.0,1.0
154d5e89-9d50-425c-b883-59b3bbdf0804,3995.0,3995.0,0.0,3995.0,3995.0,0.0,0.0,0.0,1.0
154ddd91-484c-4f70-9909-d4f226e2c440,6995.0,6995.0,0.0,6995.0,6995.0,0.0,0.0,0.0,1.0
15590760-1a35-4ec5-9c89-43a37fcd881d,245.0,245.0,0.0,245.0,245.0,0.0,0.0,0.0,1.0
155d3430-0341-4d6e-9d3b-773708a3c13a,2299.0,2299.0,0.0,2299.0,2299.0,0.0,0.0,0.0,1.0
1565677c-d4b0-41ce-86f7-205e5b2b33e7,499.0,499.0,0.0,499.0,499.0,0.0,0.0,0.0,1.0
156c6b55-03d5-43f4-8e89-52ab2a006183,3495.0,3495.0,0.0,3495.0,3495.0,0.0,0.0,0.0,1.0
156ee8f0-2128-46d8-93aa-6b3c2bf39c98,3595.0,3595.0,0.0,3595.0,3595.0,0.0,0.0,0.0,1.0
15750fcf-b40f-4cfd-8262-b9f526fb9973,13900.0,13900.0,0.0,13900.0,13900.0,0.0,0.0,0.0,1.0
157c642c-29f7-4d5b-99e6-ab66eb0df8c3,3995.0,3995.0,0.0,3995.0,3995.0,0.0,0.0,0.0,1.0
157ecba0-f99d-4bb8-b3c1-a2c27ac49af6,4995.0,4995.0,0.0,4995.0,4995.0,0.0,0.0,0.0,1.0
1584d2f4-11bd-4ed0-9b2c-c27e5d580c5d,5000.0,5000.0,0.0,5000.0,5000.0,0.0,0.0,0.0,1.0
1589ad34-a902-4bbf-917c-bd4270b9f6d1,1499.0,1499.0,0.0,1499.0,1499.0,0.0,0.0,0.0,1.0
15a710a8-3c0d-4444-88c3-46d0fc3910e1,115.0,115.0,0.0,115.0,115.0,0.0,0.0,0.0,1.0
15b2aafd-8032-4f30-84d5-13bdfbbcec46,1695.0,1695.0,0.0,1695.0,1695.0,0.0,0.0,0.0,1.0
15b33369-f490-443b-a1f5-ed336f62101d,2850.0,2850.0,0.0,2850.0,2850.0,0.0,0.0,0.0,1.0
15b56d7e-add5-414b-93a0-b4f1cdf1dc06,15900.0,15900.0,0.0,15900.0,15900.0,0.0,0.0,0.0,1.0
15c2f4b8-0bad-42af-a340-56a9fd63eb74,2380.0,2380.0,0.0,2380.0,2380.0,0.0,0.0,0.0,1.0
15c3f159-63f9-4a7c-90bf-5872235c012d,545.0,545.0,0.0,545.0,545.0,0.0,0.0,0.0,1.0
15caee39-d79a-4e9a-bc10-2c780a4fa3bd,2195.0,2195.0,0.0,2195.0,2195.0,0.0,0.0,0.0,1.0
15d0c213-a396-4c21-9405-8b3dd47df7c2,2900.0,2900.0,0.0,2900.0,2900.0,0.0,0.0,0.0,1.0
15d7f61d-83ce-4c61-90fb-5d7a9f913957,1045.0,1045.0,0.0,1045.0,1045.0,0.0,0.0,0.0,1.0
15d9f186-d4e3-4a26-b8ac-f49be7e77e9e,11900.0,11900.0,0.0,11900.0,11900.0,0.0,0.0,0.0,1.0
15e795de-5216-405a-a689-fd26daa13f63,1745.0,1745.0,0.0,1745.0,1745.0,0.0,0.0,0.0,1.0
15e8a072-c81a-4c29-925c-5206786169b8,10900.0,10900.0,0.0,10900.0,10900.0,0.0,0.0,0.0,1.0
15e8ff4f-6c53-46a0-a3b6-02cef9e128de,18900.0,18900.0,0.0,18900.0,18900.0,0.0,0.0,0.0,1.0
15f43dc1-48ad-4f3b-b4d6-f1e11b00d662,15900.0,15900.0,0.0,15900.0,15900.0,0.0,0.0,0.0,1.0
15f63140-a0df-43d7-b62a-d006f0daf587,1800.0,1800.0,0.0,1800.0,1800.0,0.0,0.0,0.0,1.0
15f7bcc9-8cbc-4989-a1a7-e45a5f311a20,1650.0,1650.0,0.0,1650.0,1650.0,0.0,0.0,0.0,1.0
15f7c43c-5c6f-4612-9d9b-f5f8f24b5033,27900.0,27900.0,0.0,27900.0,27900.0,0.0,0.0,0.0,1.0
15fcfad1-5e66-4283-9d0a-d10be5c91842,14500.0,14500.0,0.0,14500.0,14500.0,0.0,0.0,0.0,1.0
160d7384-0d20-41ed-b9d7-4096eccbcbb1,2200.0,2200.0,0.0,2200.0,2200.0,0.0,0.0,0.0,1.0
160ffa5d-3823-4f1b-857a-ea2ddd81fd20,895.0,895.0,0.0,895.0,895.0,0.0,0.0,0.0,1.0
161263a4-95cb-4a8a-aacf-6c2345a6a86a,1995.0,1995.0,0.0,1995.0,1995.0,0.0,0.0,0.0,1.0
161446c1-0746-43b5-a597-6335a76f3b1e,1795.0,1795.0,0.0,1795.0,1795.0,0.0,0.0,0.0,1.0
1614a19b-8325-477e-8747-6f3ebc20ab55,1500.0,1500.0,0.0,1500.0,1500.0,0.0,0.0,0.0,1.0
161cf5ed-da2d-4f28-b85c-44f31d2d8ead,1845.0,1845.0,0.0,1845.0,1845.0,0.0,0.0,0.0,1.0
16266f48-af0f-488a-a8ac-4a87c934a3c2,1850.0,1850.0,0.0,1850.0,1850.0,0.0,0.0,0.0,1.0
162952a1-b49e-420d-8cc8-f3c88ae77e08,13900.0,13900.0,0.0,13900.0,13900.0,0.0,0.0,0.0,1.0
162e7811-d149-4e95-aeb9-263650144307,1995.0,1995.0,0.0,1995.0,1995.0,0.0,0.0,0.0,1.0
162f737c-074d-45f6-9710-3fb3e566d160,1595.0,1595.0,0.0,1595.0,1595.0,0.0,0.0,0.0,1.0
163590fb-0b76-4e3a-9958-8709914bbb1c,1995.0,1995.0,0.0,1995.0,1995.0,0.0,0.0,0.0,1.0
1635ec06-bb64-472e-b91c-33fd07433304,3900.0,3900.0,0.0,3900.0,3900.0,0.0,0.0,0.0,1.0
16365bdc-9320-4c43-8a3b-8a91ee5feae8,5350.0,5350.0,0.0,5350.0,5350.0,0.0,0.0,0.0,1.0
16366387-589e-4563-934e-7a63050a0f4e,2495.0,2495.0,0.0,2495.0,2495.0,0.0,0.0,0.0,1.0
1671b721-6873-42e6-8ec0-e6ec41c39ee5,2449.0,2449.0,0.0,2449.0,2449.0,0.0,0.0,0.0,1.0
1673fe2d-a891-45be-aea9-c6e8a07fc319,1200.0,1200.0,0.0,1200.0,1200.0,0.0,0.0,0.0,1.0
16817e0e-5ea6-4454-aa26-1dc2cbdec53f,1295.0,1295.0,0.0,1295.0,1295.0,0.0,0.0,0.0,1.0
1694f326-3cd2-48e4-8314-35a1c3b82d05,5495.0,5495.0,0.0,5495.0,5495.0,0.0,0.0,0.0,1.0
1697cd57-18c0-4643-b5fb-7ba666ff59ea,8900.0,8900.0,0.0,8900.0,8900.0,0.0,0.0,0.0,1.0
16a09871-b372-433b-9749-fff1bbc285c4,8900.0,8900.0,0.0,8900.0,8900.0,0.0,0.0,0.0,1.0
16a662a5-d83b-4526-9047-4b7d884e363b,795.0,795.0,0.0,795.0,795.0,0.0,0.0,0.0,1.0
16abd680-577b-41ca-b039-8dc18a24702d,425.0,425.0,0.0,425.0,425.0,0.0,0.0,0.0,1.0
16b14c66-a14f-4bc4-8191-5a9affbe63fc,21900.0,21900.0,0.0,21900.0,21900.0,0.0,0.0,0.0,1.0
16c1ab02-fb83-4db6-a37b-aed5f7c74996,1245.0,1245.0,0.0,1245.0,1245.0,0.0,0.0,0.0,1.0
16cdd744-4bf5-463d-ab51-f3ba3c9b77b4,14900.0,14900.0,0.0,14900.0,14900.0,0.0,0.0,0.0,1.0
16d161fd-4fd1-4e78-b007-0a7d3823b6a2,695.0,695.0,0.0,695.0,695.0,0.0,0.0,0.0,1.0
16da54ea-8ea3-48f8-96b5-6a1fa2e3b87d,2195.0,2195.0,0.0,2195.0,2195.0,0.0,0.0,0.0,1.0
16dcfdce-29b0-49f5-93d4-2241eadcec82,12900.0,12900.0,0.0,12900.0,12900.0,0.0,0.0,0.0,1.0
16dfcd75-1482-4158-b606-91bda49f7409,8995.0,8995.0,0.0,8995.0,8995.0,0.0,0.0,0.0,1.0
16ed238c-a3c8-440e-adaa-02085aa7cb35,14900.0,14900.0,0.0,14900.0,14900.0,0.0,0.0,0.0,1.0
16f500e2-b3b7-4bc7-9f28-630df14544f2,5900.0,5900.0,0.0,5900.0,5900.0,0.0,0.0,0.0,1.0
16faf13b-97ca-497c-a1b9-56c3b9cfa508,7995.0,7995.0,0.0,7995.0,7995.0,0.0,0.0,0.0,1.0
17189bbf-37ac-4fc0-87a6-6d1626e7db74,3500.0,3500.0,0.0,3500.0,3500.0,0.0,0.0,0.0,1.0
171b2c0a-2020-4776-9178-58f98d7363ec,17900.0,17900.0,0.0,17900.0,17900.0,0.0,0.0,0.0,1.0
171d2717-4a83-4d7b-bbad-7656ac41ec72,2895.0,2895.0,0.0,2895.0,2895.0,0.0,0.0,0.0,1.0
171d75be-987d-4492-b534-4be55970e762,21900.0,21900.0,0.0,21900.0,21900.0,0.0,0.0,0.0,1.0
172358bb-db51-485b-a1df-e67e6915d0a3,59900.0,59900.0,0.0,59900.0,59900.0,0.0,0.0,0.0,1.0
172446f5-a5ee-41b2-b7c7-055ee8ddb113,29900.0,29900.0,0.0,29900.0,29900.0,0.0,0.0,0.0,1.0
17274cae-3f66-4f10-9c87-350a97d6911e,13000.0,13000.0,0.0,13000.0,13000.0,0.0,0.0,0.0,1.0
172a03aa-f227-4e4a-98e4-45412265fb4e,16500.0,16500.0,0.0,16500.0,16500.0,0.0,0.0,0.0,1.0
174533b7-483a-4451-8994-1cb4519dfe06,2895.0,2895.0,0.0,2895.0,2895.0,0.0,0.0,0.0,1.0
1748cf87-5048-4a4b-9593-f65a6a3ae9a2,1995.0,1995.0,0.0,1995.0,1995.0,0.0,0.0,0.0,1.0
17499837-969a-4495-a9be-1c0ba55acec2,890.0,890.0,0.0,890.0,890.0,0.0,0.0,0.0,1.0
174b549e-b751-424e-a07c-e8e3bbcdf257,945.0,945.0,0.0,945.0,945.0,0.0,0.0,0.0,1.0
174e0e06-fe13-4ca0-93b7-88de0cd5d692,5995.0,5995.0,0.0,5995.0,5995.0,0.0,0.0,0.0,1.0
174f2f3f-e633-481d-9a4f-09192281176f,1595.0,1595.0,0.0,1595.0,1595.0,0.0,0.0,0.0,1.0
175615e4-115b-4691-b38c-d0fec972ecf8,695.0,695.0,0.0,695.0,695.0,0.0,0.0,0.0,1.0
1759ff98-c2e4-414f-b9a9-d303ecd844ac,895.0,895.0,0.0,895.0,895.0,0.0,0.0,0.0,1.0
175ab825-220e-4439-8e83-d90ab4e4c9ed,2695.0,2695.0,0.0,2695.0,2695.0,0.0,0.0,0.0,1.0
175e9b4b-0312-4039-87bd-235668cfe227,4500.0,4500.0,0.0,4500.0,4500.0,0.0,0.0,0.0,1.0
17660e7d-b20d-4c0a-854f-939bab55549b,1595.0,1595.0,0.0,1595.0,1595.0,0.0,0.0,0.0,1.0
1771e1f3-cd41-4018-96ff-7b6329de13ea,2995.0,2995.0,0.0,2995.0,2995.0,0.0,0.0,0.0,1.0
1775b664-18bb-4ab0-a5b1-ea49543a7fdc,2995.0,2995.0,0.0,2995.0,2995.0,0.0,0.0,0.0,1.0
17791808-e941-4643-926c-56fa2082ef04,695.0,695.0,0.0,695.0,695.0,0.0,0.0,0.0,1.0
177b0647-679f-4bf9-be53-c15fdc4d0442,27900.0,27900.0,0.0,27900.0,27900.0,0.0,0.0,0.0,1.0
177dc8cf-9f03-4cfa-90f9-7fbe0603f364,9900.0,9900.0,0.0,9900.0,9900.0,0.0,0.0,0.0,1.0
17856d3b-16bc-424b-a166-69ed61dfe24a,1295.0,1295.0,0.0,1295.0,1295.0,0.0,0.0,0.0,1.0
1786308f-5db9-419b-adaf-1a92ec99c00f,415.0,415.0,0.0,415.0,415.0,0.0,0.0,0.0,1.0
178a44bb-9f7d-4c2b-bb77-0ae6768731b5,14200.0,14200.0,0.0,14200.0,14200.0,0.0,0.0,0.0,1.0
1795bcc3-7dd9-4d44-a890-6baeaceb89cc,5750.0,5750.0,0.0,5750.0,5750.0,0.0,0.0,0.0,1.0
179647c7-c4d6-4632-ad5b-64a2efd2d8c5,5995.0,5995.0,0.0,5995.0,5995.0,0.0,0.0,0.0,1.0
17970a4c-feb2-4411-be38-972b1ba65bdb,6495.0,6495.0,0.0,6495.0,6495.0,0.0,0.0,0.0,1.0
1799738f-a460-4df6-b936-cd7f6ad2767e,2195.0,2195.0,0.0,2195.0,2195.0,0.0,0.0,0.0,1.0
17acb1cf-8640-4bff-a5dd-63d263715baa,8900.0,8900.0,0.0,8900.0,8900.0,0.0,0.0,0.0,1.0
17b1f5d4-67c7-485c-b371-ac25f584daad,3595.0,3595.0,0.0,3595.0,3595.0,0.0,0.0,0.0,1.0
17b5f4b5-a663-4724-9dc9-6b481044315d,55.0,55.0,0.0,55.0,55.0,0.0,0.0,0.0,1.0
17b86467-95c1-4fdf-b6e4-6184cf7cec4f,4295.0,4295.0,0.0,4295.0,4295.0,0.0,0.0,0.0,1.0
17bd625f-b532-45a8-83e8-4d3e18d49b33,3699.0,3699.0,0.0,3699.0,3699.0,0.0,0.0,0.0,1.0
17bf91e7-efd6-44de-8f82-18fb3b2adc95,14900.0,14900.0,0.0,14900.0,14900.0,0.0,0.0,0.0,1.0
17c5ff88-e510-4791-acc0-983a55b37e94,1195.0,1195.0,0.0,1195.0,1195.0,0.0,0.0,0.0,1.0
17d57cee-3804-4c39-9182-1f8eae90c002,49900.0,49900.0,0.0,49900.0,49900.0,0.0,0.0,0.0,1.0
17d60952-79d5-421d-b40e-6fc062502ac6,31900.0,31900.0,0.0,31900.0,31900.0,0.0,0.0,0.0,1.0
17d71e86-e699-4a66-ad61-289f1a3d0a3a,1995.0,1995.0,0.0,1995.0,1995.0,0.0,0.0,0.0,1.0
17dc2384-d488-4e32-be0b-149074ae1501,2850.0,2850.0,0.0,2850.0,2850.0,0.0,0.0,0.0,1.0
17e1b327-9c8a-40f4-9ed2-566283ad2c4a,5900.0,5900.0,0.0,5900.0,5900.0,0.0,0.0,0.0,1.0
17e2946a-ba37-4f6b-a8f7-ebc58509af8d,3395.0,3395.0,0.0,3395.0,3395.0,0.0,0.0,0.0,1.0
17e7ea9b-d604-4966-b466-c806053845f8,295.0,295.0,0.0,295.0,295.0,0.0,0.0,0.0,1.0
17f0de42-a3e9-42ed-9602-ea5c08ca6907,80.0,80.0,0.0,80.0,80.0,0.0,0.0,0.0,1.0
17f4cc6b-1f04-4d06-b36f-77b37e4c73b2,1995.0,1995.0,0.0,1995.0,1995.0,0.0,0.0,0.0,1.0
17fab974-852b-43b4-a4e5-c3093afab544,545.0,545.0,0.0,545.0,545.0,0.0,0.0,0.0,1.0
1806fa2a-0bb6-4b1a-864f-9b1d613bd204,1535.0,1535.0,0.0,1535.0,1535.0,0.0,0.0,0.0,1.0
180dd090-9a5e-4cc6-a24d-b5dcea1347dc,1195.0,1195.0,0.0,1195.0,1195.0,0.0,0.0,0.0,1.0
180f5e12-6f0d-47b8-b9bd-a905f36b4ada,3295.0,3295.0,0.0,3295.0,3295.0,0.0,0.0,0.0,1.0
1818f6aa-0018-48ee-9314-47c765c51602,695.0,695.0,0.0,695.0,695.0,0.0,0.0,0.0,1.0
1825f3f4-f802-49af-b986-b4ddda6d40dc,1950.0,1950.0,0.0,1950.0,1950.0,0.0,0.0,0.0,1.0
182f39ef-9353-4ba4-aa97-d3b85b4cda38,3295.0,3295.0,0.0,3295.0,3295.0,0.0,0.0,0.0,1.0
18502f8f-6cab-4c35-aeb4-15c8df1a5c06,1695.0,1695.0,0.0,1695.0,1695.0,0.0,0.0,0.0,1.0
18503b54-41ac-4047-bcf1-e7d93d731cfe,3695.0,3695.0,0.0,3695.0,3695.0,0.0,0.0,0.0,1.0
18603be0-fedc-44ce-9228-682e31d6265f,3000.0,3000.0,0.0,3000.0,3000.0,0.0,0.0,0.0,1.0
18658e1e-9cfb-4017-b460-ed91b95a8c37,45.0,45.0,0.0,45.0,45.0,0.0,0.0,0.0,1.0
1878307e-fd86-4829-ac63-03cc79e92608,1795.0,1795.0,0.0,1795.0,1795.0,0.0,0.0,0.0,1.0
18788e66-9a26-4866-9a5a-f0cf1651ce81,3990.0,3990.0,0.0,3990.0,3990.0,0.0,0.0,0.0,1.0
1880e133-358a-4e1d-8374-742d29f1ab86,28900.0,28900.0,0.0,28900.0,28900.0,0.0,0.0,0.0,1.0
1889095a-95be-4142-89f5-3820fde8bd8d,1020.0,1020.0,0.0,1020.0,1020.0,0.0,0.0,0.0,1.0
188d6677-3ffd-4c0a-9e6c-4b1b817cedd8,2395.0,2395.0,0.0,2395.0,2395.0,0.0,0.0,0.0,1.0
188dcf41-cd31-4776-90ae-0b56f28adbdc,995.0,995.0,0.0,995.0,995.0,0.0,0.0,0.0,1.0
18932cc1-9850-4b83-9127-33cba9253152,850.0,850.0,0.0,850.0,850.0,0.0,0.0,0.0,1.0
18952cd0-7168-4308-b1cd-553a1c887eb7,14900.0,14900.0,0.0,14900.0,14900.0,0.0,0.0,0.0,1.0
189b1415-01b2-413a-8805-1544bb99f42c,470.0,470.0,0.0,470.0,470.0,0.0,0.0,0.0,1.0
189d432f-4833-4b9d-a26c-cef3ed2bcb6e,4295.0,4295.0,0.0,4295.0,4295.0,0.0,0.0,0.0,1.0
189e90bb-d963-4d3b-8316-fce50f76fec9,1895.0,1895.0,0.0,1895.0,1895.0,0.0,0.0,0.0,1.0
18a6b8ce-ede2-42b9-adbc-ec9b2b4f7f3e,5040.0,5040.0,0.0,5040.0,5040.0,0.0,0.0,0.0,1.0
18a71467-0f9c-4d3c-a9da-a6c2eff59eb9,1095.0,1095.0,0.0,1095.0,1095.0,0.0,0.0,0.0,1.0
18ac09df-4ad6-4e12-b539-b7675b5d0445,175.0,175.0,0.0,175.0,175.0,0.0,0.0,0.0,1.0
18ac2188-1ee4-4182-a529-507f5137fce0,745.0,745.0,0.0,745.0,745.0,0.0,0.0,0.0,1.0
18c8e03e-0a92-4b8e-a75b-ed392d1c5022,29900.0,29900.0,0.0,29900.0,29900.0,0.0,0.0,0.0,1.0
18ca218b-e739-4608-9feb-085f46c5b8a9,59900.0,59900.0,0.0,59900.0,59900.0,0.0,0.0,0.0,1.0
18e63dd2-5d6f-4be6-b0ef-6fc4b38b6b93,1050.0,1050.0,0.0,1050.0,1050.0,0.0,0.0,0.0,1.0
18eaa5da-96b2-42b9-b0ff-21f5f9143bbc,1595.0,1595.0,0.0,1595.0,1595.0,0.0,0.0,0.0,1.0
18ee015a-42b9-411f-ab8b-3adadf2a2e53,61900.0,61900.0,0.0,61900.0,61900.0,0.0,0.0,0.0,1.0
18f532f3-ce87-4647-9a2b-ee313b2e1651,8995.0,8995.0,0.0,8995.0,8995.0,0.0,0.0,0.0,1.0
18f957c0-a77f-493d-b6ba-498347f4f869,215.0,215.0,0.0,215.0,215.0,0.0,0.0,0.0,1.0
18fb5fbb-3835-42e3-be63-9bfafa0b45e7,1295.0,1295.0,0.0,1295.0,1295.0,0.0,0.0,0.0,1.0
19050db1-6a1d-4194-a1fa-09d41b45958d,8980.0,8980.0,0.0,8980.0,8980.0,0.0,0.0,0.0,1.0
190526f1-e312-4ef1-8b86-d099bab1adfd,11980.0,11980.0,0.0,11980.0,11980.0,0.0,0.0,0.0,1.0
1908fe18-0c97-4c59-a6dd-1757d6b65b48,2900.0,2900.0,0.0,2900.0,2900.0,0.0,0.0,0.0,1.0
19097417-76d8-4fc7-bc70-8db4b5aa72f4,1195.0,1195.0,0.0,1195.0,1195.0,0.0,0.0,0.0,1.0
191f09b4-f63b-4456-b814-da71934c440b,945.0,945.0,0.0,945.0,945.0,0.0,0.0,0.0,1.0
19210ff0-d3cd-4d20-8df1-403be7b5892a,27900.0,27900.0,0.0,27900.0,27900.0,0.0,0.0,0.0,1.0
1923f8f5-b9ef-4c09-bf03-f151ad108cda,1650.0,1650.0,0.0,1650.0,1650.0,0.0,0.0,0.0,1.0
19256dbb-ac6a-43fd-b3b1-94ff6d750c69,1295.0,1295.0,0.0,1295.0,1295.0,0.0,0.0,0.0,1.0
192f06ba-88f9-47d3-8980-35c6c9ae4ef4,4300.0,4300.0,0.0,4300.0,4300.0,0.0,0.0,0.0,1.0
1930d2d8-4555-4ba8-96a5-df7697f0900a,2295.0,2295.0,0.0,2295.0,2295.0,0.0,0.0,0.0,1.0
1931f3f2-dfd5-42b5-8510-cdd8a176864a,26900.0,26900.0,0.0,26900.0,26900.0,0.0,0.0,0.0,1.0
19468d56-ce6e-4f12-98e3-dddce9ba2428,945.0,945.0,0.0,945.0,945.0,0.0,0.0,0.0,1.0
194e40d9-4dec-4a5a-bee5-2717726a65d2,1095.0,1095.0,0.0,1095.0,1095.0,0.0,0.0,0.0,1.0
1961c727-aefe-4114-9f05-6c98b7efcdad,1595.0,1595.0,0.0,1595.0,1595.0,0.0,0.0,0.0,1.0
1969dbaa-8fa5-45bb-a3e0-1c6fd75d6b54,5295.0,5295.0,0.0,5295.0,5295.0,0.0,0.0,0.0,1.0
196e1e98-2367-4cea-bd31-796787139428,435.0,435.0,0.0,435.0,435.0,0.0,0.0,0.0,1.0
196e3613-7c34-4b7c-9109-04960c102521,1445.0,1445.0,0.0,1445.0,1445.0,0.0,0.0,0.0,1.0
196fb970-7870-46b1-930a-79cb78637e9a,895.0,895.0,0.0,895.0,895.0,0.0,0.0,0.0,1.0
197290b3-7ef7-44fa-a8c5-62441ebc7810,39900.0,39900.0,0.0,39900.0,39900.0,0.0,0.0,0.0,1.0
197d895d-5c85-432e-b30c-7e343ca695a7,1195.0,1195.0,0.0,1195.0,1195.0,0.0,0.0,0.0,1.0
1981e8dd-62bb-43b4-a0e3-73becd1af13d,30900.0,30900.0,0.0,30900.0,30900.0,0.0,0.0,0.0,1.0
19833f4f-24ff-4dcc-b291-46155102c162,1745.0,1745.0,0.0,1745.0,1745.0,0.0,0.0,0.0,1.0
198555ec-695a-4dd9-8b7a-706c3d113df2,44900.0,44900.0,0.0,44900.0,44900.0,0.0,0.0,0.0,1.0
198a3077-1db3-4385-ab37-6b91cd0d78b8,6595.0,6595.0,0.0,6595.0,6595.0,0.0,0.0,0.0,1.0
1993a92b-bd96-45a3-ab06-7db1dc385d32,1495.0,1495.0,0.0,1495.0,1495.0,0.0,0.0,0.0,1.0
1998bf42-09e7-4ce3-ac56-6c1f9ed51ebe,9900.0,9900.0,0.0,9900.0,9900.0,0.0,0.0,0.0,1.0
1999bd20-7edc-4c3f-811a-5d72fb544509,2695.0,2695.0,0.0,2695.0,2695.0,0.0,0.0,0.0,1.0
199f0c12-10a0-4309-8aa3-f81c520e5b1f,3995.0,3995.0,0.0,3995.0,3995.0,0.0,0.0,0.0,1.0
19a29080-0e99-498d-be9d-7df344ec5d44,995.0,995.0,0.0,995.0,995.0,0.0,0.0,0.0,1.0
19a3bcb3-f7c5-45b7-b708-457510e3d118,215.0,215.0,0.0,215.0,215.0,0.0,0.0,0.0,1.0
19aa5212-ad0e-4176-ba0c-6414eb55e332,19900.0,19900.0,0.0,19900.0,19900.0,0.0,0.0,0.0,1.0
19b18ede-b27d-4513-8863-5133fcb6dd28,3795.0,3795.0,0.0,3795.0,3795.0,0.0,0.0,0.0,1.0
19b7a394-e77f-4765-8865-ecfbd1127c63,2150.0,2150.0,0.0,2150.0,2150.0,0.0,0.0,0.0,1.0
19c08ae9-47c9-42af-ad09-2921d0ca548f,54900.0,54900.0,0.0,54900.0,54900.0,0.0,0.0,0.0,1.0
19ce49bb-2752-4e08-bd43-d4edab2e1d6b,1195.0,1195.0,0.0,1195.0,1195.0,0.0,0.0,0.0,1.0
19d04c36-cc3c-4a4a-9a68-09b338f6ecfc,645.0,645.0,0.0,645.0,645.0,0.0,0.0,0.0,1.0
19d235f9-b07b-45ae-8948-f84c5f1ffdcc,265.0,265.0,0.0,265.0,265.0,0.0,0.0,0.0,1.0
19d92771-2b76-4c87-b2b8-86c22010e5bb,10900.0,10900.0,0.0,10900.0,10900.0,0.0,0.0,0.0,1.0
19ddf88a-aed8-4330-8326-2613f52ce37e,5900.0,5900.0,0.0,5900.0,5900.0,0.0,0.0,0.0,1.0
19de2205-1a5b-469c-bd9c-e14a5d7df8a9,4995.0,4995.0,0.0,4995.0,4995.0,0.0,0.0,0.0,1.0
19e6f7b2-9a0a-4820-92f7-8dea05969cf5,745.0,745.0,0.0,745.0,745.0,0.0,0.0,0.0,1.0
19e82d19-2bc5-4ab3-bf15-3eb54e4a605a,8995.0,8995.0,0.0,8995.0,8995.0,0.0,0.0,0.0,1.0
19f02655-7a83-4610-a686-58151c5c90a1,1295.0,1295.0,0.0,1295.0,1295.0,0.0,0.0,0.0,1.0
19f1b60a-b2f8-4443-a37a-2aaf4c9259a4,2350.0,2350.0,0.0,2350.0,2350.0,0.0,0.0,0.0,1.0
19f2f228-aef2-4ec4-b0e8-92378e61adda,595.0,595.0,0.0,595.0,595.0,0.0,0.0,0.0,1.0
19faeb26-e21a-4ed5-8cb8-2189b64b4d46,695.0,695.0,0.0,695.0,695.0,0.0,0.0,0.0,1.0
1a0669e0-6af0-4345-8354-ac914b914d15,9900.0,9900.0,0.0,9900.0,9900.0,0.0,0.0,0.0,1.0
1a08487c-9a42-495c-a4b8-578a4e53deb4,10500.0,10500.0,0.0,10500.0,10500.0,0.0,0.0,0.0,1.0
1a11243d-4533-49b4-881a-61c3897740ca,3799.0,3799.0,0.0,3799.0,3799.0,0.0,0.0,0.0,1.0
1a2cc57b-a6d7-4474-bffd-8a2a6806a5f9,595.0,595.0,0.0,595.0,595.0,0.0,0.0,0.0,1.0
1a36052b-a758-43a6-a85f-451ceb40f921,8900.0,8900.0,0.0,8900.0,8900.0,0.0,0.0,0.0,1.0
1a3ca1f5-4798-4261-881f-b9cf4ac276c4,1995.0,1995.0,0.0,1995.0,1995.0,0.0,0.0,0.0,1.0
1a47f46c-8df5-456f-8fbb-2a8723ca1384,8900.0,8900.0,0.0,8900.0,8900.0,0.0,0.0,0.0,1.0
1a4e1e43-e510-47f5-858a-30e92b905bed,2900.0,2900.0,0.0,2900.0,2900.0,0.0,0.0,0.0,1.0
1a543bf0-bf4d-49a0-a4b1-1313a23e7500,1695.0,1695.0,0.0,1695.0,1695.0,0.0,0.0,0.0,1.0
1a5b8a3e-9194-4d41-81af-2a7ca0a49a83,540.0,540.0,0.0,540.0,540.0,0.0,0.0,0.0,1.0
1a5caf1a-6d26-4050-8696-39a07ab45dfb,845.0,845.0,0.0,845.0,845.0,0.0,0.0,0.0,1.0
1a602a5f-552a-47ee-b774-d28c0a49fffd,495.0,495.0,0.0,495.0,495.0,0.0,0.0,0.0,1.0
1a606c90-a173-49ae-bed4-e7a987cab791,2720.0,2720.0,0.0,2720.0,2720.0,0.0,0.0,0.0,1.0
1a6498ca-8eda-430d-b41c-03a047ba23a7,1595.0,1595.0,0.0,1595.0,1595.0,0.0,0.0,0.0,1.0
1a671d57-ccdc-48f7-8b74-4fd72920173c,10900.0,10900.0,0.0,10900.0,10900.0,0.0,0.0,0.0,1.0
1a6df98d-a53b-44b9-b2be-fd60ac04216a,1395.0,1395.0,0.0,1395.0,1395.0,0.0,0.0,0.0,1.0
1a6f03f4-ebf9-4396-8cde-380f10c6caa7,2495.0,2495.0,0.0,2495.0,2495.0,0.0,0.0,0.0,1.0
1a78e6b0-96b6-4104-bafb-3d1378a82f8e,1295.0,1295.0,0.0,1295.0,1295.0,0.0,0.0,0.0,1.0
1a7abae4-0531-4919-bfaa-e93db6652c42,14900.0,14900.0,0.0,14900.0,14900.0,0.0,0.0,0.0,1.0
1a80244f-2aa7-4d42-a72f-dd3910f3c74d,3099.0,3099.0,0.0,3099.0,3099.0,0.0,0.0,0.0,1.0
1a8a7288-d3c4-47c6-bb08-5565b177501c,3160.0,3160.0,0.0,3160.0,3160.0,0.0,0.0,0.0,1.0
1a916bc5-5f89-481d-a1cd-77695d917bf1,795.0,795.0,0.0,795.0,795.0,0.0,0.0,0.0,1.0
1a922f59-b93b-4787-a73c-91741f049a12,8295.0,8295.0,0.0,8295.0,8295.0,0.0,0.0,0.0,1.0
1a93fd2a-0096-4236-a862-5fca9af025cc,1695.0,1695.0,0.0,1695.0,1695.0,0.0,0.0,0.0,1.0
1a993421-7f26-4061-8ee3-e8ad87b027f9,3499.0,3499.0,0.0,3499.0,3499.0,0.0,0.0,0.0,1.0
1a9c0732-b4a0-4bd1-a83b-9eb5ca9f9685,300.0,300.0,0.0,300.0,300.0,0.0,0.0,0.0,1.0
1a9e2bd7-5eee-4ad7-a0b4-b93aa3c012eb,895.0,895.0,0.0,895.0,895.0,0.0,0.0,0.0,1.0
1a9fbdce-1e77-4a01-a87c-361f326ed320,195.0,195.0,0.0,195.0,195.0,0.0,0.0,0.0,1.0
1aa49599-0967-4c07-a4b2-f32d463d926b,2695.0,2695.0,0.0,2695.0,2695.0,0.0,0.0,0.0,1.0
1aa7f2a4-660f-4193-9461-e5f0cdafc4b4,2995.0,2995.0,0.0,2995.0,2995.0,0.0,0.0,0.0,1.0
1ab0e1e1-2e1e-4ac3-bae1-f5e6375abcf3,2395.0,2395.0,0.0,2395.0,2395.0,0.0,0.0,0.0,1.0
1ab11f5d-ce5b-4c06-b8cb-4164d678dba4,2700.0,2700.0,0.0,2700.0,2700.0,0.0,0.0,0.0,1.0
1ab6050a-8f6f-4c56-86c0-f93def74e10b,1499.0,1499.0,0.0,1499.0,1499.0,0.0,0.0,0.0,1.0
1ab93701-91c0-4c0c-8c32-9dae6da92f03,1295.0,1295.0,0.0,1295.0,1295.0,0.0,0.0,0.0,1.0
1ab95974-7a9e-4f79-8396-33210b303465,12900.0,12900.0,0.0,12900.0,12900.0,0.0,0.0,0.0,1.0
1aba89b6-7866-49ad-ade4-20d5bc366cf6,13900.0,13900.0,0.0,13900.0,13900.0,0.0,0.0,0.0,1.0
1abae76b-65d0-4036-a58e-e25adf8a47f9,69900.0,69900.0,0.0,69900.0,69900.0,0.0,0.0,0.0,1.0
1abdd01b-c273-4ded-ba5e-b8a9316d65a4,4295.0,4295.0,0.0,4295.0,4295.0,0.0,0.0,0.0,1.0
1ac3414c-1479-4d97-b405-ebdb1b3eca78,2995.0,2995.0,0.0,2995.0,2995.0,0.0,0.0,0.0,1.0
1ac670a4-abaf-4b52-8aaa-5ed0c546f665,595.0,595.0,0.0,595.0,595.0,0.0,0.0,0.0,1.0
1acaf437-6173-4346-ac11-0ed07292d4b7,195.0,195.0,0.0,195.0,195.0,0.0,0.0,0.0,1.0
1ad87617-792b-4c74-a081-d60378b98af5,4400.0,4400.0,0.0,4400.0,4400.0,0.0,0.0,0.0,1.0
1ae3e39a-ced1-4916-8e8d-9c3110ae1ac0,1795.0,1795.0,0.0,1795.0,1795.0,0.0,0.0,0.0,1.0
1aeb22c2-18e1-4878-aa5f-6d23c7389897,1970.0,1970.0,0.0,1970.0,1970.0,0.0,0.0,0.0,1.0
1aec0886-e9b1-4443-918f-924d1a1872dd,5295.0,5295.0,0.0,5295.0,5295.0,0.0,0.0,0.0,1.0
1af1ce31-14e7-42dc-934e-78d617d11ea2,1295.0,1295.0,0.0,1295.0,1295.0,0.0,0.0,0.0,1.0
1afd1628-e4c4-4ad2-aa46-c6035f65c336,13900.0,13900.0,0.0,13900.0,13900.0,0.0,0.0,0.0,1.0
1b0a6b68-eca7-4d98-93da-f999abe1ff66,1395.0,1395.0,0.0,1395.0,1395.0,0.0,0.0,0.0,1.0
1b0b1442-8c5a-4948-aa31-4068d2267365,13900.0,13900.0,0.0,13900.0,13900.0,0.0,0.0,0.0,1.0
1b0cca34-bd6f-4c65-8399-c02d6052d596,90.0,90.0,0.0,90.0,90.0,0.0,0.0,0.0,1.0
1b0ec3b1-2667-48f9-aa90-e4a0755217d5,1050.0,1050.0,0.0,1050.0,1050.0,0.0,0.0,0.0,1.0
1b15542c-d013-4137-962d-fa1b1315782c,1795.0,1795.0,0.0,1795.0,1795.0,0.0,0.0,0.0,1.0
1b226eeb-3dec-41b0-bb45-5f462311752b,1795.0,1795.0,0.0,1795.0,1795.0,0.0,0.0,0.0,1.0
1b232de5-64b0-4a14-80e2-e52ca3ab5d24,695.0,695.0,0.0,695.0,695.0,0.0,0.0,0.0,1.0
1b233c80-9dd6-42fe-b397-c86a976eecde,10900.0,10900.0,0.0,10900.0,10900.0,0.0,0.0,0.0,1.0
1b2c3bcb-585d-4e27-b074-655ba679fc64,33900.0,33900.0,0.0,33900.0,33900.0,0.0,0.0,0.0,1.0
1b35b5d6-7710-4ef1-b6f3-9389c1868d3d,395.0,395.0,0.0,395.0,395.0,0.0,0.0,0.0,1.0
1b4b077b-6a6c-40f3-94af-a2d6105a7547,750.0,750.0,0.0,750.0,750.0,0.0,0.0,0.0,1.0
1b4f54ab-99e5-4981-a090-31ac9f6da988,395.0,395.0,0.0,395.0,395.0,0.0,0.0,0.0,1.0
1b51e0f3-c26d-4ded-882c-54d4620ab91c,15900.0,15900.0,0.0,15900.0,15900.0,0.0,0.0,0.0,1.0
1b591583-f906-4e6c-95e8-a86e6a12b199,14700.0,14700.0,0.0,14700.0,14700.0,0.0,0.0,0.0,1.0
1b6c2031-cf70-4e7c-af28-dfd6fb96c500,1895.0,1895.0,0.0,1895.0,1895.0,0.0,0.0,0.0,1.0
1b776bb3-2667-475e-a702-78ba9ad468cf,2695.0,2695.0,0.0,2695.0,2695.0,0.0,0.0,0.0,1.0
1b78c75b-6d5d-44bf-adc0-e96789ce7b5f,1295.0,1295.0,0.0,1295.0,1295.0,0.0,0.0,0.0,1.0
1b7f9d9b-1c74-4f16-b058-2d743afbbad7,21900.0,21900.0,0.0,21900.0,21900.0,0.0,0.0,0.0,1.0
1b8096c0-574c-4b48-9228-b3f7ed9d0987,1195.0,1195.0,0.0,1195.0,1195.0,0.0,0.0,0.0,1.0
1b9103a6-7471-41f6-8779-a2d2cdc921f5,335.0,335.0,0.0,335.0,335.0,0.0,0.0,0.0,1.0
1b92adef-cf1f-4cd7-a57f-1449a0160db3,21900.0,21900.0,0.0,21900.0,21900.0,0.0,0.0,0.0,1.0
1b9a7b86-8b24-4188-9149-814db7948482,16900.0,16900.0,0.0,16900.0,16900.0,0.0,0.0,0.0,1.0
1b9b38cd-f310-4c28-85b8-a99ee2115499,3495.0,3495.0,0.0,3495.0,3495.0,0.0,0.0,0.0,1.0
1ba5e31d-8744-4565-8b8d-38df191bded1,13900.0,13900.0,0.0,13900.0,13900.0,0.0,0.0,0.0,1.0
1ba885c3-5d03-41fc-99ab-4894824b34cb,37900.0,37900.0,0.0,37900.0,37900.0,0.0,0.0,0.0,1.0
1ba97672-84c5-4fc6-9c43-e88b77270f03,6500.0,6500.0,0.0,6500.0,6500.0,0.0,0.0,0.0,1.0
1baa99b8-f16f-40d2-9735-c410dc3b7c24,22900.0,22900.0,0.0,22900.0,22900.0,0.0,0.0,0.0,1.0
1bc26a9c-77b1-4be3-be47-7590c2c28415,1495.0,1495.0,0.0,1495.0,1495.0,0.0,0.0,0.0,1.0
1bc86106-cbf8-4c14-a701-0006b0008ab0,3295.0,3295.0,0.0,3295.0,3295.0,0.0,0.0,0.0,1.0
1bc92b83-b920-4d50-9e62-3951e80eca30,3400.0,3400.0,0.0,3400.0,3400.0,0.0,0.0,0.0,1.0
1bd3f455-13d2-44ff-82f3-fa396cdeaf33,23900.0,23900.0,0.0,23900.0,23900.0,0.0,0.0,0.0,1.0
1bd9d2c8-c159-4a27-a1fe-47bc7ee74112,2895.0,2895.0,0.0,2895.0,2895.0,0.0,0.0,0.0,1.0
1be10e3e-27eb-4c94-9bd5-2b54723868dd,10900.0,10900.0,0.0,10900.0,10900.0,0.0,0.0,0.0,1.0
1be583f5-09cd-4eaa-b196-327a8dd452e8,7495.0,7495.0,0.0,7495.0,7495.0,0.0,0.0,0.0,1.0
1bea8d24-294d-4690-848e-b8cd0cdf4c63,945.0,945.0,0.0,945.0,945.0,0.0,0.0,0.0,1.0
1bf6e6b2-abad-4bd3-92f0-ae496e5edc93,3200.0,3200.0,0.0,3200.0,3200.0,0.0,0.0,0.0,1.0
1bfca36f-74b6-4957-a883-a633c77fc5d7,32900.0,32900.0,0.0,32900.0,32900.0,0.0,0.0,0.0,1.0
1bfcef7a-9319-4c53-94e4-5973e6d80208,5695.0,5695.0,0.0,5695.0,5695.0,0.0,0.0,0.0,1.0
1bfcf6d0-6813-4bd4-8d49-3d770ac3cdf3,2820.0,2820.0,0.0,2820.0,2820.0,0.0,0.0,0.0,1.0
1c16fa41-eb13-4179-92e9-8870a421c3bb,595.0,595.0,0.0,595.0,595.0,0.0,0.0,0.0,1.0
1c1927f3-f55f-4b49-aa2a-1ed0b12f39d1,8495.0,8495.0,0.0,8495.0,8495.0,0.0,0.0,0.0,1.0
1c2168c8-7654-4bbc-a180-cda4f312bb72,1095.0,1095.0,0.0,1095.0,1095.0,0.0,0.0,0.0,1.0
1c2d63cc-cf1e-4462-8665-a8c51f9683b6,19500.0,19500.0,0.0,19500.0,19500.0,0.0,0.0,0.0,1.0
1c3bcf80-9777-4bc2-b73b-37cd048ca316,650.0,650.0,0.0,650.0,650.0,0.0,0.0,0.0,1.0
1c3ee52e-0137-4f1c-ae17-c6ff530268b6,3799.0,3799.0,0.0,3799.0,3799.0,0.0,0.0,0.0,1.0
1c3f8684-a3d5-4946-9b7b-ef53f0bae6c9,130.0,130.0,0.0,130.0,130.0,0.0,0.0,0.0,1.0
1c3f969e-fd90-4865-b77f-63a307f4f627,21900.0,21900.0,0.0,21900.0,21900.0,0.0,0.0,0.0,1.0
1c42dd09-2a7b-4d01-a625-79a1a7a21dbe,5325.0,5325.0,0.0,5325.0,5325.0,0.0,0.0,0.0,1.0
1c476eb8-a487-4188-99cb-a624c2100f64,15500.0,15500.0,0.0,15500.0,15500.0,0.0,0.0,0.0,1.0
1c4f0096-7f40-49dc-b455-d0d611e96e72,1995.0,1995.0,0.0,1995.0,1995.0,0.0,0.0,0.0,1.0
1c5ad6f2-a2eb-4510-9e34-89723f33e4a2,13900.0,13900.0,0.0,13900.0,13900.0,0.0,0.0,0.0,1.0
1c66536c-7c7f-4490-91da-5c88d31d94b1,2200.0,2200.0,0.0,2200.0,2200.0,0.0,0.0,0.0,1.0
1c6b1523-21b5-48da-89d2-571c2f33a80b,2395.0,2395.0,0.0,2395.0,2395.0,0.0,0.0,0.0,1.0
1c6c1bcc-e6e6-47b0-be81-3e711c7add5e,1795.0,1795.0,0.0,1795.0,1795.0,0.0,0.0,0.0,1.0
1c6f5966-2025-4240-9ef7-e18bf0d1f5c5,9900.0,9900.0,0.0,9900.0,9900.0,0.0,0.0,0.0,1.0
1c7210af-7fc9-4a31-b8c1-64311dac9a01,33900.0,33900.0,0.0,33900.0,33900.0,0.0,0.0,0.0,1.0
1c72e83d-3c95-46d9-b200-630e5ea04876,3695.0,3695.0,0.0,3695.0,3695.0,0.0,0.0,0.0,1.0
1c7a95b7-69bf-4ce8-aa97-ab1489df923f,1045.0,1045.0,0.0,1045.0,1045.0,0.0,0.0,0.0,1.0
1c7efd57-4e53-47d3-973b-05ddc6294559,1995.0,1995.0,0.0,1995.0,1995.0,0.0,0.0,0.0,1.0
1c8ad3f9-b046-4018-867e-60f85b6dc7ef,2995.0,2995.0,0.0,2995.0,2995.0,0.0,0.0,0.0,1.0
1c8fac83-622c-4d11-8726-50a7ee4d79c8,52900.0,52900.0,0.0,52900.0,52900.0,0.0,0.0,0.0,1.0
1c95974a-41d2-4912-b9eb-5da311bf85b3,3195.0,3195.0,0.0,3195.0,3195.0,0.0,0.0,0.0,1.0
1c95c6d7-9f82-42c2-be69-43a270647576,1995.0,1995.0,0.0,1995.0,1995.0,0.0,0.0,0.0,1.0
1ca2e0ad-a87e-4587-9217-b13b8219ab2b,595.0,595.0,0.0,595.0,595.0,0.0,0.0,0.0,1.0
1ca76001-1d77-44aa-8dd9-904c57e6d76e,3995.0,3995.0,0.0,3995.0,3995.0,0.0,0.0,0.0,1.0
1cb40e51-954c-4fa9-aafe-8fdca1a23aee,3495.0,3495.0,0.0,3495.0,3495.0,0.0,0.0,0.0,1.0
1cb5eb9b-4d7b-4c80-acd5-069f94e53aaa,1595.0,1595.0,0.0,1595.0,1595.0,0.0,0.0,0.0,1.0
1cc13666-5350-45e3-86a9-a95744051902,495.0,495.0,0.0,495.0,495.0,0.0,0.0,0.0,1.0
1cc8c401-06e4-4fb2-b7aa-67b006e7e765,3990.0,3990.0,0.0,3990.0,3990.0,0.0,0.0,0.0,1.0
1cca6b01-b4b0-4ed2-9d0f-8ddc5d5dfeae,3250.0,3250.0,0.0,3250.0,3250.0,0.0,0.0,0.0,1.0
1ccd20e4-10c4-45ea-9e23-90c19715bb95,2695.0,2695.0,0.0,2695.0,2695.0,0.0,0.0,0.0,1.0
1cd4c03a-9ea5-428b-88af-76715b51caa8,845.0,845.0,0.0,845.0,845.0,0.0,0.0,0.0,1.0
1cd91a56-c90e-46ee-af31-29b183ff175c,750.0,750.0,0.0,750.0,750.0,0.0,0.0,0.0,1.0
1cd9c353-25fb-4e9a-8718-b2999e551b81,3080.0,3080.0,0.0,3080.0,3080.0,0.0,0.0,0.0,1.0
1cda06db-925f-4499-9f93-9d913b880a1f,265.0,265.0,0.0,265.0,265.0,0.0,0.0,0.0,1.0
1cdd18f5-8fae-4bda-8c42-7c2686c92c8d,460.0,460.0,0.0,460.0,460.0,0.0,0.0,0.0,1.0
1ce4c9de-f69f-4d49-9edb-85893880e123,2495.0,2495.0,0.0,2495.0,2495.0,0.0,0.0,0.0,1.0
1ce76f7f-ccdc-4b78-bd2d-6399501006d4,250.0,250.0,0.0,250.0,250.0,0.0,0.0,0.0,1.0
1ce9538e-0fd3-4f83-80d2-59697bcb3d23,795.0,795.0,0.0,795.0,795.0,0.0,0.0,0.0,1.0
1ce968ac-9c26-486d-84f1-dc1d260a1c8c,7350.0,7350.0,0.0,7350.0,7350.0,0.0,0.0,0.0,1.0
1cf1fdd5-766e-4492-a8ad-845462d9fcf8,8900.0,8900.0,0.0,8900.0,8900.0,0.0,0.0,0.0,1.0
1cf94d9a-0c00-4571-8fe3-bf4168dfcc17,40.0,40.0,0.0,40.0,40.0,0.0,0.0,0.0,1.0
1cfab2c1-d456-4b66-b563-c023db0c1dd1,6500.0,6500.0,0.0,6500.0,6500.0,0.0,0.0,0.0,1.0
1d0077f0-517d-4d6f-8398-53f708c3e81b,595.0,595.0,0.0,595.0,595.0,0.0,0.0,0.0,1.0
1d147701-6ad9-49c8-8fe9-dbc6d16e3d76,1295.0,1295.0,0.0,1295.0,1295.0,0.0,0.0,0.0,1.0
1d15f47e-3da0-4bac-8ac9-10410d899251,3995.0,3995.0,0.0,3995.0,3995.0,0.0,0.0,0.0,1.0
1d1a4acf-eb1a-4f27-ae9a-08b38b612b17,2850.0,2850.0,0.0,2850.0,2850.0,0.0,0.0,0.0,1.0
1d1d4290-632b-4aa9-ade3-22e780119993,3000.0,3000.0,0.0,3000.0,3000.0,0.0,0.0,0.0,1.0
1d2055f7-78cf-4e8b-9e31-3c1b452a36b2,22900.0,22900.0,0.0,22900.0,22900.0,0.0,0.0,0.0,1.0
1d3728c8-06e6-45ad-9b0b-138cbdf62369,1300.0,1300.0,0.0,1300.0,1300.0,0.0,0.0,0.0,1.0
1d3ca1ce-8e42-421d-8036-8f5c502eaa3e,155.0,155.0,0.0,155.0,155.0,0.0,0.0,0.0,1.0
1d4fe521-7987-40f4-935a-eb6f6ec2efb9,145.0,145.0,0.0,145.0,145.0,0.0,0.0,0.0,1.0
1d5d292d-078c-43cf-aee8-8e1ddfd74c01,24900.0,24900.0,0.0,24900.0,24900.0,0.0,0.0,0.0,1.0
1d6371f4-2851-4f29-9d76-ee8488346465,995.0,995.0,0.0,995.0,995.0,0.0,0.0,0.0,1.0
1d6bde3c-7624-4bc6-9e80-23d618b6ca70,995.0,995.0,0.0,995.0,995.0,0.0,0.0,0.0,1.0
1d6d2912-00f0-485d-b562-5b8319f2894b,9900.0,9900.0,0.0,9900.0,9900.0,0.0,0.0,0.0,1.0
1d70ea2b-8bbf-4af7-82ec-3ea8eb0bff7b,2740.0,2740.0,0.0,2740.0,2740.0,0.0,0.0,0.0,1.0
1d884790-3a44-4f45-8de7-d486021cc28f,9900.0,9900.0,0.0,9900.0,9900.0,0.0,0.0,0.0,1.0
1d888df0-087c-4a2f-9b2e-2a046c85830c,1695.0,1695.0,0.0,1695.0,1695.0,0.0,0.0,0.0,1.0
1d8ad52f-c52f-4dbe-8221-f90413297252,2995.0,2995.0,0.0,2995.0,2995.0,0.0,0.0,0.0,1.0
1d9acb9f-2d0b-4b30-bf08-47973bd44d40,6995.0,6995.0,0.0,6995.0,6995.0,0.0,0.0,0.0,1.0
1da436ac-973f-4c07-b5d9-f46397f460cc,16500.0,16500.0,0.0,16500.0,16500.0,0.0,0.0,0.0,1.0
1dac6889-e298-450c-9571-4bb80f746359,1490.0,1490.0,0.0,1490.0,1490.0,0.0,0.0,0.0,1.0
1dc1d3b9-368d-4e35-8625-0a07eaaaac02,99.0,99.0,0.0,99.0,99.0,0.0,0.0,0.0,1.0
1dca1194-bc7b-4ed5-af95-e7a22f2779b5,595.0,595.0,0.0,595.0,595.0,0.0,0.0,0.0,1.0
1dcbb21c-4cd9-49ce-b93a-2f11e632db7a,2995.0,2995.0,0.0,2995.0,2995.0,0.0,0.0,0.0,1.0
1dd2b5c5-2241-46e3-b799-32b4b48af9d7,1350.0,1350.0,0.0,1350.0,1350.0,0.0,0.0,0.0,1.0
1dd38432-0151-483f-9fb9-8e3bfbb44220,5500.0,5500.0,0.0,5500.0,5500.0,0.0,0.0,0.0,1.0
1dd6c08c-f3f6-4f39-9b78-18e39990d9fe,3995.0,3995.0,0.0,3995.0,3995.0,0.0,0.0,0.0,1.0
1dd6d828-dcd9-43ee-99f6-534dc648aeaf,2499.0,2499.0,0.0,2499.0,2499.0,0.0,0.0,0.0,1.0
1de2793d-50e9-4ee8-b02a-7f4a0203e9b7,11900.0,11900.0,0.0,11900.0,11900.0,0.0,0.0,0.0,1.0
1de92769-eff3-4872-abd6-b5644d42ff0a,2395.0,2395.0,0.0,2395.0,2395.0,0.0,0.0,0.0,1.0
1deb8816-eb10-470d-8363-60e50471f255,1445.0,1445.0,0.0,1445.0,1445.0,0.0,0.0,0.0,1.0
1df422c7-9863-4402-8831-55f6c5a219f2,1795.0,1795.0,0.0,1795.0,1795.0,0.0,0.0,0.0,1.0
1dfbd359-6095-4ef0-9a2b-e2c7492b6271,11500.0,11500.0,0.0,11500.0,11500.0,0.0,0.0,0.0,1.0
1e02f8fc-4a0d-44f4-8dc2-daba3de6ea8c,6995.0,6995.0,0.0,6995.0,6995.0,0.0,0.0,0.0,1.0
1e041e13-8332-4b58-9a87-efdbbbcec834,6495.0,6495.0,0.0,6495.0,6495.0,0.0,0.0,0.0,1.0
1e05ee78-d831-4c72-8b06-6aae1db0192f,43900.0,43900.0,0.0,43900.0,43900.0,0.0,0.0,0.0,1.0
1e062901-a79f-4b65-8a94-5d338d231cf1,3250.0,3250.0,0.0,3250.0,3250.0,0.0,0.0,0.0,1.0
1e0c3d21-a11f-45a5-bf08-d5d69b422570,2295.0,2295.0,0.0,2295.0,2295.0,0.0,0.0,0.0,1.0
1e1492fe-cf96-44ae-8d0a-47804834a465,445.0,445.0,0.0,445.0,445.0,0.0,0.0,0.0,1.0
1e19de54-565f-4c3a-8b3a-d51795d64fb2,16900.0,16900.0,0.0,16900.0,16900.0,0.0,0.0,0.0,1.0
1e1a00a3-f840-4023-a461-4790e17a390a,7995.0,7995.0,0.0,7995.0,7995.0,0.0,0.0,0.0,1.0
1e1a167c-750a-443a-9d05-d6ab5b751eca,1195.0,1195.0,0.0,1195.0,1195.0,0.0,0.0,0.0,1.0
1e23d261-61e6-402d-a062-56c7f815f14e,6150.0,6150.0,0.0,6150.0,6150.0,0.0,0.0,0.0,1.0
1e23da26-a412-4fb5-aa06-1bc8995f1111,2700.0,2700.0,0.0,2700.0,2700.0,0.0,0.0,0.0,1.0
1e272b29-498e-478c-8691-b2a6e29fb24b,6995.0,6995.0,0.0,6995.0,6995.0,0.0,0.0,0.0,1.0
1e288a2d-a2be-451b-a9c2-7dff64de52de,1700.0,1700.0,0.0,1700.0,1700.0,0.0,0.0,0.0,1.0
1e2daba2-4400-4c27-9b76-e5ec28159073,3995.0,3995.0,0.0,3995.0,3995.0,0.0,0.0,0.0,1.0
1e2ed2dc-eafc-41f1-94b4-46de251bdef8,18900.0,18900.0,0.0,18900.0,18900.0,0.0,0.0,0.0,1.0
1e328819-9007-4145-9197-79a51d3c4157,2999.0,2999.0,0.0,2999.0,2999.0,0.0,0.0,0.0,1.0
1e340a02-e5be-4815-8cc1-63721812c82e,3050.0,3050.0,0.0,3050.0,3050.0,0.0,0.0,0.0,1.0
1e345b79-c1c9-4590-ab92-cd39ab058abb,1100.0,1100.0,0.0,1100.0,1100.0,0.0,0.0,0.0,1.0
1e38fb78-335c-4598-8059-518ecc746bba,1895.0,1895.0,0.0,1895.0,1895.0,0.0,0.0,0.0,1.0
1e467148-d653-40f7-8beb-c2e6e60a5711,14900.0,14900.0,0.0,14900.0,14900.0,0.0,0.0,0.0,1.0
1e47a285-076d-4b18-9ee4-746d96b7e76a,3110.0,3110.0,0.0,3110.0,3110.0,0.0,0.0,0.0,1.0
1e47d938-3d68-448a-aed0-8d8b4ead889b,6495.0,6495.0,0.0,6495.0,6495.0,0.0,0.0,0.0,1.0
1e56565a-8e9e-4839-957c-a21ad6727d72,420.0,420.0,0.0,420.0,420.0,0.0,0.0,0.0,1.0
1e585e54-20b8-46d4-afa4-760db822b349,5995.0,5995.0,0.0,5995.0,5995.0,0.0,0.0,0.0,1.0
1e611966-85bc-41db-9e50-9b2ed0c45eb2,540.0,540.0,0.0,540.0,540.0,0.0,0.0,0.0,1.0
1e67e733-85f5-4d69-8814-afd7f1461958,9900.0,9900.0,0.0,9900.0,9900.0,0.0,0.0,0.0,1.0
1e6a400c-5b8d-411c-90e6-a99d0ee91d84,3195.0,3195.0,0.0,3195.0,3195.0,0.0,0.0,0.0,1.0
1e6d6dd3-b377-435a-b96f-d4f60436eafc,50.0,50.0,0.0,50.0,50.0,0.0,0.0,0.0,1.0
1e712c8f-221e-4f5c-9f81-f8dc3b8dd4ee,630.0,630.0,0.0,630.0,630.0,0.0,0.0,0.0,1.0
1e74a752-fa5a-41b4-a649-70afa5e71b16,995.0,995.0,0.0,995.0,995.0,0.0,0.0,0.0,1.0
1e7a22f5-721a-4e95-9e80-c95669dd9404,1295.0,1295.0,0.0,1295.0,1295.0,0.0,0.0,0.0,1.0
1e899979-ce11-4ef3-9a58-4200b89653c6,2095.0,2095.0,0.0,2095.0,2095.0,0.0,0.0,0.0,1.0
1e8c49e8-59da-49d0-923d-29195d352b95,1595.0,1595.0,0.0,1595.0,1595.0,0.0,0.0,0.0,1.0
1e8cb525-e601-4903-85dc-2754a16514ee,3795.0,3795.0,0.0,3795.0,3795.0,0.0,0.0,0.0,1.0
1e9e773d-06de-4a40-afd0-1e2733b2354c,11500.0,11500.0,0.0,11500.0,11500.0,0.0,0.0,0.0,1.0
1ea3491a-64df-444c-a5ff-f141852bb743,5240.0,5240.0,0.0,5240.0,5240.0,0.0,0.0,0.0,1.0
1eab70dd-d15f-4ed7-a347-18e2ae15f6a4,9500.0,9500.0,0.0,9500.0,9500.0,0.0,0.0,0.0,1.0
1ec8598c-9f59-41aa-8834-ad8528acf8db,3195.0,3195.0,0.0,3195.0,3195.0,0.0,0.0,0.0,1.0
1ecadc17-89b2-40f4-af2c-bfbf9492926c,54900.0,54900.0,0.0,54900.0,54900.0,0.0,0.0,0.0,1.0
1ecddd61-8ea7-48a4-bda9-4fef28327aa2,3295.0,3295.0,0.0,3295.0,3295.0,0.0,0.0,0.0,1.0
1ecfda04-b90b-48af-b7a8-2a49814725b8,7990.0,7990.0,0.0,7990.0,7990.0,0.0,0.0,0.0,1.0
1ed25d0c-da93-41a0-bd72-354e6a313f8d,75.0,75.0,0.0,75.0,75.0,0.0,0.0,0.0,1.0
1edfafca-d63d-4987-8a06-262d11da14ba,245.0,245.0,0.0,245.0,245.0,0.0,0.0,0.0,1.0
1ee01b4a-3506-40f3-8c36-46c4344af1e2,2195.0,2195.0,0.0,2195.0,2195.0,0.0,0.0,0.0,1.0
1eeb4b68-7078-4b62-b812-72f844174743,2800.0,2800.0,0.0,2800.0,2800.0,0.0,0.0,0.0,1.0
1eeec3e3-4907-4aba-9efc-25552a5bb190,5495.0,5495.0,0.0,5495.0,5495.0,0.0,0.0,0.0,1.0
1ef49084-f00b-447b-bcc0-a155d622504b,16900.0,16900.0,0.0,16900.0,16900.0,0.0,0.0,0.0,1.0
1ef77243-4deb-4f34-9ed3-48a5e6409d33,9900.0,9900.0,0.0,9900.0,9900.0,0.0,0.0,0.0,1.0
1efbf8a6-f372-4e78-a9c7-a1e1bf5ddccc,34900.0,34900.0,0.0,34900.0,34900.0,0.0,0.0,0.0,1.0
1effbcfe-bf95-4b13-a73e-9066904e55f6,1795.0,1795.0,0.0,1795.0,1795.0,0.0,0.0,0.0,1.0
1f06add1-de2f-457f-a420-46aabe3b67e2,165.0,165.0,0.0,165.0,165.0,0.0,0.0,0.0,1.0
1f0a261a-3348-4227-bf16-153298a42161,7495.0,7495.0,0.0,7495.0,7495.0,0.0,0.0,0.0,1.0
1f1ff2ad-fdba-477c-991f-34a243b5e3ca,3795.0,3795.0,0.0,3795.0,3795.0,0.0,0.0,0.0,1.0
1f2514f0-b4a5-4b4f-95f6-cc51fc62b76c,545.0,545.0,0.0,545.0,545.0,0.0,0.0,0.0,1.0
1f277fc9-4d15-4370-ad6f-0fcb79084d3d,495.0,495.0,0.0,495.0,495.0,0.0,0.0,0.0,1.0
1f3203e8-2f16-4fb3-940d-0a27303a0dd7,1195.0,1195.0,0.0,1195.0,1195.0,0.0,0.0,0.0,1.0
1f45145e-f7d0-49f9-8b57-45a445355268,2362.0,2362.0,0.0,2362.0,2362.0,0.0,0.0,0.0,1.0
1f47f74a-7bb4-406b-8f91-35b63a6469bc,1750.0,1750.0,0.0,1750.0,1750.0,0.0,0.0,0.0,1.0
1f588586-4929-4827-8a97-ea7ab23e3a2b,1995.0,1995.0,0.0,1995.0,1995.0,0.0,0.0,0.0,1.0
1f5887ea-ba93-488f-8c3e-ae48c79012a1,880.0,880.0,0.0,880.0,880.0,0.0,0.0,0.0,1.0
1f607a37-1f20-49b6-9ba2-4859021e3ae7,1395.0,1395.0,0.0,1395.0,1395.0,0.0,0.0,0.0,1.0
1f686299-c360-4687-a07a-f46342f3c295,7495.0,7495.0,0.0,7495.0,7495.0,0.0,0.0,0.0,1.0
1f6d96f2-5312-46b4-80cb-6139dc36ef3a,12980.0,12980.0,0.0,12980.0,12980.0,0.0,0.0,0.0,1.0
1f77351b-0dcb-454f-9364-76b0c2e10543,1395.0,1395.0,0.0,1395.0,1395.0,0.0,0.0,0.0,1.0
1f7d2f80-040a-4c69-afd5-45c84199129c,695.0,695.0,0.0,695.0,695.0,0.0,0.0,0.0,1.0
1f8718cc-1383-4e05-814e-b3c2b82b1a7c,1595.0,1595.0,0.0,1595.0,1595.0,0.0,0.0,0.0,1.0
1f8a14ac-a42c-4fe9-a228-3373f025ba3b,3000.0,3000.0,0.0,3000.0,3000.0,0.0,0.0,0.0,1.0
1f97460d-2e22-41ae-a05b-b54ab17329cd,445.0,445.0,0.0,445.0,445.0,0.0,0.0,0.0,1.0
1fb0cd5b-9963-4ec1-9fd6-73ad26e1013e,1995.0,1995.0,0.0,1995.0,1995.0,0.0,0.0,0.0,1.0
1fc023da-36a0-4e94-ad76-817eb9d090b4,1045.0,1045.0,0.0,1045.0,1045.0,0.0,0.0,0.0,1.0
1fc40740-5380-47ff-a99e-8feefa5ca3a7,120.0,120.0,0.0,120.0,120.0,0.0,0.0,0.0,1.0
1fc785fb-42b8-46d3-a459-2d28bc8c869f,7900.0,7900.0,0.0,7900.0,7900.0,0.0,0.0,0.0,1.0
1fd4370c-8a0c-4a75-a39c-f09bf9132362,1095.0,1095.0,0.0,1095.0,1095.0,0.0,0.0,0.0,1.0
1fd4df5b-5275-4953-ab1e-7b77cf950fc7,54900.0,54900.0,0.0,54900.0,54900.0,0.0,0.0,0.0,1.0
1fdaf2cd-522b-4bb9-befc-9474dd9a5589,3995.0,3995.0,0.0,3995.0,3995.0,0.0,0.0,0.0,1.0
1fdc6002-c118-40ac-acc6-c4a141f40491,26900.0,26900.0,0.0,26900.0,26900.0,0.0,0.0,0.0,1.0
1fe734d1-061f-415c-810f-76aa009560a4,345.0,345.0,0.0,345.0,345.0,0.0,0.0,0.0,1.0
1fe9906c-4a62-42ab-98a6-bfe2443a496f,1395.0,1395.0,0.0,1395.0,1395.0,0.0,0.0,0.0,1.0
1fea962a-b86f-4ddc-b3a4-d16909cc8ebb,4195.0,4195.0,0.0,4195.0,4195.0,0.0,0.0,0.0,1.0
1ff3c049-fa73-4708-bdd0-03b14b051995,2090.0,2090.0,0.0,2090.0,2090.0,0.0,0.0,0.0,1.0
1ff551f4-0669-4186-baa0-25e361176b78,260.0,260.0,0.0,260.0,260.0,0.0,0.0,0.0,1.0
1ffc8cf6-66c2-4af0-893b-223370ad529d,695.0,695.0,0.0,695.0,695.0,0.0,0.0,0.0,1.0
200339e3-d060-4b67-b0a2-3c2d5fa8aa09,1990.0,1990.0,0.0,1990.0,1990.0,0.0,0.0,0.0,1.0
200523fd-f248-45c8-89c1-ec6067725006,499.0,499.0,0.0,499.0,499.0,0.0,0.0,0.0,1.0
200e9ea4-b7f0-413a-aafd-5fa44ddb5a10,2695.0,2695.0,0.0,2695.0,2695.0,0.0,0.0,0.0,1.0
201423f3-2f9f-4232-997d-de0214a32a73,1045.0,1045.0,0.0,1045.0,1045.0,0.0,0.0,0.0,1.0
201a8336-ca5e-4fb8-beb7-213a983fb9ed,3995.0,3995.0,0.0,3995.0,3995.0,0.0,0.0,0.0,1.0
201dedc7-d270-46ec-b2d4-6c2f7d045579,4395.0,4395.0,0.0,4395.0,4395.0,0.0,0.0,0.0,1.0
20208b01-a4d8-4382-8f2a-4c613daa473e,9200.0,9200.0,0.0,9200.0,9200.0,0.0,0.0,0.0,1.0
202454ee-e8cf-4aa1-ab7b-c6f696a6126b,890.0,890.0,0.0,890.0,890.0,0.0,0.0,0.0,1.0
202fa1cb-52f6-4024-92b9-6c4d876106c2,5295.0,5295.0,0.0,5295.0,5295.0,0.0,0.0,0.0,1.0
203fa8f7-1c82-4ad5-83a7-d3b664536ba3,27900.0,27900.0,0.0,27900.0,27900.0,0.0,0.0,0.0,1.0
20428f8d-de02-4ef4-9cdd-0a61ee1457e1,3995.0,3995.0,0.0,3995.0,3995.0,0.0,0.0,0.0,1.0
2047d4e3-d5c5-4555-aba6-82f6a2bc4e94,20900.0,20900.0,0.0,20900.0,20900.0,0.0,0.0,0.0,1.0
2048a828-50ac-48fd-b192-9121ebb23ce1,7290.0,7290.0,0.0,7290.0,7290.0,0.0,0.0,0.0,1.0
204b23a6-a1cf-444e-b173-5e3fc4c35bcc,845.0,845.0,0.0,845.0,845.0,0.0,0.0,0.0,1.0
20520f84-79df-43d3-a1f0-3e69ebe38fd2,2800.0,2800.0,0.0,2800.0,2800.0,0.0,0.0,0.0,1.0
205792e3-69ae-4d8a-aa6d-f6bcaa6a8de2,10900.0,10900.0,0.0,10900.0,10900.0,0.0,0.0,0.0,1.0
205834a8-fb57-4149-8b9c-99b9faf47e86,11900.0,11900.0,0.0,11900.0,11900.0,0.0,0.0,0.0,1.0
205db517-db84-43cf-ad83-6dce5c520828,6295.0,6295.0,0.0,6295.0,6295.0,0.0,0.0,0.0,1.0
20622820-7ee8-43b2-a24f-2cc5b780bb7b,13500.0,13500.0,0.0,13500.0,13500.0,0.0,0.0,0.0,1.0
206bba3e-d942-4613-8b60-44fac7842feb,1260.0,1260.0,0.0,1260.0,1260.0,0.0,0.0,0.0,1.0
2074f4cd-7771-4c8c-995c-2450a7bb4cb6,635.0,635.0,0.0,635.0,635.0,0.0,0.0,0.0,1.0
2078d62f-37ff-4ff8-90a7-7178d6519c3f,27900.0,27900.0,0.0,27900.0,27900.0,0.0,0.0,0.0,1.0
2080c19d-cbc5-4b56-8a2f-e565fd4c8b6d,4040.0,4040.0,0.0,4040.0,4040.0,0.0,0.0,0.0,1.0
20824e6d-0b59-44bb-bd6c-148db34635bc,2700.0,2700.0,0.0,2700.0,2700.0,0.0,0.0,0.0,1.0
2088b66b-04f9-402c-b2c1-3e11fef3a249,930.0,930.0,0.0,930.0,930.0,0.0,0.0,0.0,1.0
208bf02e-1ef7-4cac-9c84-6f2ffb4d5df5,15900.0,15900.0,0.0,15900.0,15900.0,0.0,0.0,0.0,1.0
2092767d-5760-4b14-b8c5-3f985fc0ce81,4560.0,4560.0,0.0,4560.0,4560.0,0.0,0.0,0.0,1.0
2096dc9a-fa3b-4619-aa0a-55f9e2ee8818,3250.0,3250.0,0.0,3250.0,3250.0,0.0,0.0,0.0,1.0
20a01169-7177-481b-8464-3cee6ee1e80c,3895.0,3895.0,0.0,3895.0,3895.0,0.0,0.0,0.0,1.0
20a36d92-69bf-483f-819d-70401cfe8ca3,1595.0,1595.0,0.0,1595.0,1595.0,0.0,0.0,0.0,1.0
20a95272-668d-4268-87fd-6806c6a483c9,130.0,130.0,0.0,130.0,130.0,0.0,0.0,0.0,1.0
20ab408d-3eab-485d-8ec7-663119a3a65f,1395.0,1395.0,0.0,1395.0,1395.0,0.0,0.0,0.0,1.0
20adbeb6-4bba-4692-9cf8-7eb17767a683,30.0,30.0,0.0,30.0,30.0,0.0,0.0,0.0,1.0
20b01c1e-158d-4465-964a-506c33a35187,8995.0,8995.0,0.0,8995.0,8995.0,0.0,0.0,0.0,1.0
20b732bd-b7c1-4d72-974f-e1c11cac0bdb,1095.0,1095.0,0.0,1095.0,1095.0,0.0,0.0,0.0,1.0
20ba59f6-4426-48fc-bb0e-59f31670aeea,2280.0,2280.0,0.0,2280.0,2280.0,0.0,0.0,0.0,1.0
20c90479-5de3-4d8b-877c-2fc84c446bd2,4495.0,4495.0,0.0,4495.0,4495.0,0.0,0.0,0.0,1.0
20cc1920-cbda-485a-b348-f16375130157,4560.0,4560.0,0.0,4560.0,4560.0,0.0,0.0,0.0,1.0
20ddc135-fd33-4d1c-8f3c-4b99aed463e6,995.0,995.0,0.0,995.0,995.0,0.0,0.0,0.0,1.0
20e72b6a-14c6-4c04-8f66-ad18a73df2bf,16900.0,16900.0,0.0,16900.0,16900.0,0.0,0.0,0.0,1.0
20ebcc4a-b2d3-4dce-8e97-61b363abb7fc,5995.0,5995.0,0.0,5995.0,5995.0,0.0,0.0,0.0,1.0
20f30c0b-d03a-4056-b6cf-449e9d08cdea,3745.0,3745.0,0.0,3745.0,3745.0,0.0,0.0,0.0,1.0
20f95ec6-6280-4f85-b539-cc4c69a4526e,595.0,595.0,0.0,595.0,595.0,0.0,0.0,0.0,1.0
20faf8ad-6265-4c49-ae27-431d58b1f9e8,1195.0,1195.0,0.0,1195.0,1195.0,0.0,0.0,0.0,1.0
20ff0577-ada3-4366-b26f-eb26cb59425b,9900.0,9900.0,0.0,9900.0,9900.0,0.0,0.0,0.0,1.0
210742b0-f9fd-4a4f-9d45-175bac421b91,8795.0,8795.0,0.0,8795.0,8795.0,0.0,0.0,0.0,1.0
210a3563-8399-4f6f-a238-5bdc40e6b8c5,3995.0,3995.0,0.0,3995.0,3995.0,0.0,0.0,0.0,1.0
210d0513-c865-4620-8b6b-bfc8143e954a,10900.0,10900.0,0.0,10900.0,10900.0,0.0,0.0,0.0,1.0
210e06b8-887e-45a0-babb-520a696534cd,2795.0,2795.0,0.0,2795.0,2795.0,0.0,0.0,0.0,1.0
210f4730-283a-4c91-a297-bf711c7bbc78,7350.0,7350.0,0.0,7350.0,7350.0,0.0,0.0,0.0,1.0
210f5c2f-60e0-40d5-8252-5fe70dca35cc,5995.0,5995.0,0.0,5995.0,5995.0,0.0,0.0,0.0,1.0
21229107-47fa-431b-85cc-e412dc2cedf7,7900.0,7900.0,0.0,7900.0,7900.0,0.0,0.0,0.0,1.0
2125d98b-9645-47f3-9ea9-fab9976649ff,3495.0,3495.0,0.0,3495.0,3495.0,0.0,0.0,0.0,1.0
212ce8f0-c0a8-4bcc-ae47-8ae4178ce200,3000.0,3000.0,0.0,3000.0,3000.0,0.0,0.0,0.0,1.0
2135b240-fe25-43eb-8513-dcd753a743aa,465.0,465.0,0.0,465.0,465.0,0.0,0.0,0.0,1.0
21570d4f-035f-4cfa-82dd-4a9e4a3a318c,845.0,845.0,0.0,845.0,845.0,0.0,0.0,0.0,1.0
215b8ca5-5d15-48e9-833d-1df14134bbf7,6995.0,6995.0,0.0,6995.0,6995.0,0.0,0.0,0.0,1.0
215db55b-654d-4223-b10c-93f0fee8bfcf,12900.0,12900.0,0.0,12900.0,12900.0,0.0,0.0,0.0,1.0
215f160f-fac9-42a8-970d-d38316e29f77,695.0,695.0,0.0,695.0,695.0,0.0,0.0,0.0,1.0
216826fc-2be3-4aac-8986-fa5e54edcf77,5055.0,5055.0,0.0,5055.0,5055.0,0.0,0.0,0.0,1.0
21684e7e-1c09-4ae3-9d8a-7d2c922f28b1,150.0,150.0,0.0,150.0,150.0,0.0,0.0,0.0,1.0
2169772a-c30c-48ca-8366-06aeca9bdb65,10900.0,10900.0,0.0,10900.0,10900.0,0.0,0.0,0.0,1.0
216a57ae-9f36-4863-9ed7-31c101914a11,18900.0,18900.0,0.0,18900.0,18900.0,0.0,0.0,0.0,1.0
216f95d5-bcdc-4f5f-aa42-55460aad577c,3995.0,3995.0,0.0,3995.0,3995.0,0.0,0.0,0.0,1.0
2171d583-5842-4fb2-87ab-8a07dafedf0c,23900.0,23900.0,0.0,23900.0,23900.0,0.0,0.0,0.0,1.0
21724018-1dbd-409c-9bf3-006d14d5aec6,1400.0,1400.0,0.0,1400.0,1400.0,0.0,0.0,0.0,1.0
2176bc33-f72d-41cb-9290-f4fbe1db88f2,3295.0,3295.0,0.0,3295.0,3295.0,0.0,0.0,0.0,1.0
2180a49c-7b38-4d2d-94cd-1f83631dd1e8,1395.0,1395.0,0.0,1395.0,1395.0,0.0,0.0,0.0,1.0
2191d50d-c50f-4325-baae-403507da7c52,1795.0,1795.0,0.0,1795.0,1795.0,0.0,0.0,0.0,1.0
21980331-ada2-4c57-97ae-5b6393bd1b6f,14900.0,14900.0,0.0,14900.0,14900.0,0.0,0.0,0.0,1.0
21996769-8b86-40e1-89e7-b28fa2102e96,2350.0,2350.0,0.0,2350.0,2350.0,0.0,0.0,0.0,1.0
219f4840-b36d-4478-a3c1-ba313cc27b10,2999.0,2999.0,0.0,2999.0,2999.0,0.0,0.0,0.0,1.0
21a610e1-5962-4470-9cbd-ecd079c9de1c,5695.0,5695.0,0.0,5695.0,5695.0,0.0,0.0,0.0,1.0
21b02894-1d74-4558-a3c6-c645a525feab,57900.0,57900.0,0.0,57900.0,57900.0,0.0,0.0,0.0,1.0
21b0e464-5faf-4259-93ff-fe28402ed76e,2295.0,2295.0,0.0,2295.0,2295.0,0.0,0.0,0.0,1.0
21b386a1-a9d0-4aad-ba85-c2d1a8e9cfa3,2495.0,2495.0,0.0,2495.0,2495.0,0.0,0.0,0.0,1.0
21bf8a00-d42e-4976-99bd-06578cd7d00d,1800.0,1800.0,0.0,1800.0,1800.0,0.0,0.0,0.0,1.0
21c04172-42a6-485d-82e2-9e1beffe5c57,10500.0,10500.0,0.0,10500.0,10500.0,0.0,0.0,0.0,1.0
21c1d1e3-bec6-4c6e-b908-1340dbd67f15,845.0,845.0,0.0,845.0,845.0,0.0,0.0,0.0,1.0
21c65722-5b3c-496d-a4a6-5fd29a369988,1220.0,1220.0,0.0,1220.0,1220.0,0.0,0.0,0.0,1.0
21c830e4-2bbb-432b-aead-8df51aaec0cd,15500.0,15500.0,0.0,15500.0,15500.0,0.0,0.0,0.0,1.0
21ca050b-6c46-4e13-9a1a-41d8e48e8749,18900.0,18900.0,0.0,18900.0,18900.0,0.0,0.0,0.0,1.0
21ccc516-42a9-4a3e-9eb5-f61bfd7ee717,3399.0,3399.0,0.0,3399.0,3399.0,0.0,0.0,0.0,1.0
21cdf700-fe90-45ad-942f-1c618d3f4091,9900.0,9900.0,0.0,9900.0,9900.0,0.0,0.0,0.0,1.0
21ce34b2-d8a1-4ce8-a8ec-39927ed71bed,8500.0,8500.0,0.0,8500.0,8500.0,0.0,0.0,0.0,1.0
21cf3c6c-7f9d-4dbf-9127-bae83056eef8,1095.0,1095.0,0.0,1095.0,1095.0,0.0,0.0,0.0,1.0
21d0a6f0-e081-4f50-9e1a-b311ed465b59,2295.0,2295.0,0.0,2295.0,2295.0,0.0,0.0,0.0,1.0
21d43af8-67c5-45fc-950c-a468f3c51e85,2500.0,2500.0,0.0,2500.0,2500.0,0.0,0.0,0.0,1.0
21d5fdcd-6cda-496d-bac2-e692a965df2b,2395.0,2395.0,0.0,2395.0,2395.0,0.0,0.0,0.0,1.0
21d7d76d-5dcd-42b7-a1b5-859efc02d504,14900.0,14900.0,0.0,14900.0,14900.0,0.0,0.0,0.0,1.0
21ee59b9-808a-4b8a-a9ea-9710ca50191e,2195.0,2195.0,0.0,2195.0,2195.0,0.0,0.0,0.0,1.0
21f2a0c0-4fe9-42cd-8080-330006585090,2040.0,2040.0,0.0,2040.0,2040.0,0.0,0.0,0.0,1.0
2202ae2b-6a5f-49d5-b4ee-ddd90e36c7e4,120.0,120.0,0.0,120.0,120.0,0.0,0.0,0.0,1.0
2204c35e-5ffa-4e4f-83a3-ce3da5d76662,1650.0,1650.0,0.0,1650.0,1650.0,0.0,0.0,0.0,1.0
2211c920-0af2-47d3-81b5-35a3af308211,2295.0,2295.0,0.0,2295.0,2295.0,0.0,0.0,0.0,1.0
2214adde-e025-4819-9e7c-a17a41cdfa79,4050.0,4050.0,0.0,4050.0,4050.0,0.0,0.0,0.0,1.0
2214e677-b013-4543-98ca-b3ad1dd374b6,495.0,495.0,0.0,495.0,495.0,0.0,0.0,0.0,1.0
221d1579-ab5e-498e-8e67-f9a87d8c2a47,475.0,475.0,0.0,475.0,475.0,0.0,0.0,0.0,1.0
221f05d7-5d76-4e00-8beb-657e1aa074ee,1195.0,1195.0,0.0,1195.0,1195.0,0.0,0.0,0.0,1.0
221fb524-f7ca-40f2-947b-1360d08f34a1,345.0,345.0,0.0,345.0,345.0,0.0,0.0,0.0,1.0
22216e93-7ee6-491b-aedf-c3641bf3a685,1890.0,1890.0,0.0,1890.0,1890.0,0.0,0.0,0.0,1.0
2228b8d9-07e4-4592-b531-b090b120b9f5,2995.0,2995.0,0.0,2995.0,2995.0,0.0,0.0,0.0,1.0
222b48a5-6bc0-4531-951b-077cac6e8118,440.0,440.0,0.0,440.0,440.0,0.0,0.0,0.0,1.0
22430932-26f5-496c-91e7-dba4b8d4b4a7,90.0,90.0,0.0,90.0,90.0,0.0,0.0,0.0,1.0
22493ff1-ee46-4a57-aa28-f06b7b0c7bcb,630.0,630.0,0.0,630.0,630.0,0.0,0.0,0.0,1.0
22666041-1a3b-433f-a0b0-b8158152b1b9,645.0,645.0,0.0,645.0,645.0,0.0,0.0,0.0,1.0
226776cd-e404-4070-85d2-39e4699a42e9,12900.0,12900.0,0.0,12900.0,12900.0,0.0,0.0,0.0,1.0
22731f79-2db0-4bbb-82ae-353822d02b39,6295.0,6295.0,0.0,6295.0,6295.0,0.0,0.0,0.0,1.0
228a3d4e-b87d-49a9-a97c-058e516220b8,1645.0,1645.0,0.0,1645.0,1645.0,0.0,0.0,0.0,1.0
228be591-6178-469e-a2cb-2d2115209220,2499.0,2499.0,0.0,2499.0,2499.0,0.0,0.0,0.0,1.0
228ee130-a950-4bac-82c5-30537344ed98,5295.0,5295.0,0.0,5295.0,5295.0,0.0,0.0,0.0,1.0
229ac1f1-be17-4808-82e7-d208eff4f944,495.0,495.0,0.0,495.0,495.0,0.0,0.0,0.0,1.0
22ac0bfa-1647-4038-807c-750a20abff23,1995.0,1995.0,0.0,1995.0,1995.0,0.0,0.0,0.0,1.0
22adc124-6727-4c29-8652-a5f269896ca3,895.0,895.0,0.0,895.0,895.0,0.0,0.0,0.0,1.0
22bb6c5d-d48c-4e56-abf1-d1f8e34ca6fb,6980.0,6980.0,0.0,6980.0,6980.0,0.0,0.0,0.0,1.0
22c3afc3-404c-420d-940c-12cbad9480d8,5340.0,5340.0,0.0,5340.0,5340.0,0.0,0.0,0.0,1.0
22d84827-0b39-454f-8604-402f6f4674b5,1695.0,1695.0,0.0,1695.0,1695.0,0.0,0.0,0.0,1.0
22e7815c-80fa-4af2-b3cf-47a858df9506,125.0,125.0,0.0,125.0,125.0,0.0,0.0,0.0,1.0
22f64107-220f-413c-bf63-a1afe3cafc69,9900.0,9900.0,0.0,9900.0,9900.0,0.0,0.0,0.0,1.0
23061f3b-9e6b-4e3a-b3cf-3e358ebee506,8995.0,8995.0,0.0,8995.0,8995.0,0.0,0.0,0.0,1.0
231effd4-0893-461c-815d-69ad5f8613c7,6995.0,6995.0,0.0,6995.0,6995.0,0.0,0.0,0.0,1.0
2320f4b7-b9ce-47fe-9e88-956a076510a4,14900.0,14900.0,0.0,14900.0,14900.0,0.0,0.0,0.0,1.0
2323587f-2318-4b5e-89b3-929fcd99599f,3795.0,3795.0,0.0,3795.0,3795.0,0.0,0.0,0.0,1.0
23235e31-5c0d-4fb6-b24a-e994e6dac43b,5499.0,5499.0,0.0,5499.0,5499.0,0.0,0.0,0.0,1.0
23346869-8528-4369-a4e7-f795314931b8,4110.0,4110.0,0.0,4110.0,4110.0,0.0,0.0,0.0,1.0
2335d0ef-9317-422e-8355-153618b7a40c,895.0,895.0,0.0,895.0,895.0,0.0,0.0,0.0,1.0
234746c1-0f90-4eea-8dad-2c61c8baa659,39900.0,39900.0,0.0,39900.0,39900.0,0.0,0.0,0.0,1.0
234ddfe0-6192-4dea-8d56-849240a4e9e4,5495.0,5495.0,0.0,5495.0,5495.0,0.0,0.0,0.0,1.0
234ffa9e-a793-4559-91a6-3bc5b4d34d38,1200.0,1200.0,0.0,1200.0,1200.0,0.0,0.0,0.0,1.0
235210fb-c0a0-42b6-a2f3-8ff538106be9,2645.0,2645.0,0.0,2645.0,2645.0,0.0,0.0,0.0,1.0
235a067c-e242-41be-8dbc-6d13f569bd91,23900.0,23900.0,0.0,23900.0,23900.0,0.0,0.0,0.0,1.0
2360a35b-6d12-4a2f-8823-c7390f547a98,12900.0,12900.0,0.0,12900.0,12900.0,0.0,0.0,0.0,1.0
2363390d-b261-404b-83b7-3c603ef6cc9a,1499.0,1499.0,0.0,1499.0,1499.0,0.0,0.0,0.0,1.0
2364eac4-e151-4d34-ba77-89d93cd64324,5340.0,5340.0,0.0,5340.0,5340.0,0.0,0.0,0.0,1.0
236bf8a3-870a-44da-9e58-84de5004b784,9900.0,9900.0,0.0,9900.0,9900.0,0.0,0.0,0.0,1.0
2373c95e-5b79-446b-9cbe-d4373b4ffaa2,995.0,995.0,0.0,995.0,995.0,0.0,0.0,0.0,1.0
23815101-f44c-4b65-b17f-255a999a7769,10500.0,10500.0,0.0,10500.0,10500.0,0.0,0.0,0.0,1.0
238688d1-15e6-4f02-bcc1-56ea5b14fc48,6995.0,6995.0,0.0,6995.0,6995.0,0.0,0.0,0.0,1.0
238832bd-c7f6-4231-a84f-221b4c23b515,695.0,695.0,0.0,695.0,695.0,0.0,0.0,0.0,1.0
2393d01d-563b-42af-810c-180daa6fec04,3500.0,3500.0,0.0,3500.0,3500.0,0.0,0.0,0.0,1.0
23944759-e1d1-4f63-af44-75af2ce5c156,8995.0,8995.0,0.0,8995.0,8995.0,0.0,0.0,0.0,1.0
23a6339c-bb7c-4e8c-a28d-0544b8c2f399,5495.0,5495.0,0.0,5495.0,5495.0,0.0,0.0,0.0,1.0
23a9d18f-7c89-43d6-af34-52aa1efb49a5,7495.0,7495.0,0.0,7495.0,7495.0,0.0,0.0,0.0,1.0
23afd7e7-81ff-4335-bb5b-b58fa6e69111,595.0,595.0,0.0,595.0,595.0,0.0,0.0,0.0,1.0
23b46732-d5fc-4423-9547-6368816cb5d7,1895.0,1895.0,0.0,1895.0,1895.0,0.0,0.0,0.0,1.0
23be777d-468b-4586-99f7-f8cde17d22f1,1700.0,1700.0,0.0,1700.0,1700.0,0.0,0.0,0.0,1.0
23bfc5d7-cd3b-43b8-80da-f460b4693d0a,6495.0,6495.0,0.0,6495.0,6495.0,0.0,0.0,0.0,1.0
23c2f501-436a-457b-8e3f-c96dd41779b0,15900.0,15900.0,0.0,15900.0,15900.0,0.0,0.0,0.0,1.0
23c4139d-e6cc-4de6-89c1-7c5221e58c27,2770.0,2770.0,0.0,2770.0,2770.0,0.0,0.0,0.0,1.0
23cbb010-0e89-41b4-b03e-0ec444e7c20a,16900.0,16900.0,0.0,16900.0,16900.0,0.0,0.0,0.0,1.0
23cdb91a-a46b-4bce-b1eb-08dc0e4f5a35,8600.0,8600.0,0.0,8600.0,8600.0,0.0,0.0,0.0,1.0
23cf4be3-33e6-4c0e-8417-45373d7a2760,41900.0,41900.0,0.0,41900.0,41900.0,0.0,0.0,0.0,1.0
23e453c4-dedd-465d-bba0-b7258e30b61f,1495.0,1495.0,0.0,1495.0,1495.0,0.0,0.0,0.0,1.0
23e6239c-35ca-4d38-b22b-446883a8b08a,180.0,180.0,0.0,180.0,180.0,0.0,0.0,0.0,1.0
23ee978c-588f-49f4-8442-7432977bc84e,1695.0,1695.0,0.0,1695.0,1695.0,0.0,0.0,0.0,1.0
23f05d7b-c2fb-4c66-b6d1-840398526f84,445.0,445.0,0.0,445.0,445.0,0.0,0.0,0.0,1.0
23f0afa0-abfc-47b9-9deb-0f25a34bb8ab,4790.0,4790.0,0.0,4790.0,4790.0,0.0,0.0,0.0,1.0
23f55c54-d024-4120-9082-d2f509264b77,4495.0,4495.0,0.0,4495.0,4495.0,0.0,0.0,0.0,1.0
23f99ce8-3555-40ec-b95f-e618c10ce96e,5495.0,5495.0,0.0,5495.0,5495.0,0.0,0.0,0.0,1.0
24037bb9-8bc2-4e93-953a-77aa67bdc88e,1295.0,1295.0,0.0,1295.0,1295.0,0.0,0.0,0.0,1.0
24065dee-8070-4ca9-a611-4f767156f7d1,3399.0,3399.0,0.0,3399.0,3399.0,0.0,0.0,0.0,1.0
24279d2f-1f69-43e5-b496-48abf427b8e3,4795.0,4795.0,0.0,4795.0,4795.0,0.0,0.0,0.0,1.0
2430f2ac-b6e4-4944-bd35-b6bbeaca19e3,3995.0,3995.0,0.0,3995.0,3995.0,0.0,0.0,0.0,1.0
2431769b-2338-47b3-b59d-3364a65dd3ea,2800.0,2800.0,0.0,2800.0,2800.0,0.0,0.0,0.0,1.0
2436b3a4-7673-46c3-a4ed-d52a4f6b246a,8995.0,8995.0,0.0,8995.0,8995.0,0.0,0.0,0.0,1.0
24387e09-3792-4dca-be74-417f1ec029fe,1395.0,1395.0,0.0,1395.0,1395.0,0.0,0.0,0.0,1.0
243beffc-e048-49f3-8cbe-c745ff9641aa,2595.0,2595.0,0.0,2595.0,2595.0,0.0,0.0,0.0,1.0
243f1523-b991-4fb4-8d1f-a69453a31ce7,11500.0,11500.0,0.0,11500.0,11500.0,0.0,0.0,0.0,1.0
2440c3c2-85a0-494c-8337-c99ea3a01309,995.0,995.0,0.0,995.0,995.0,0.0,0.0,0.0,1.0
2448a9a7-13d4-4617-89d6-8fd4e673e125,695.0,695.0,0.0,695.0,695.0,0.0,0.0,0.0,1.0
245331a2-0564-4425-ade6-c13977120f9b,1795.0,1795.0,0.0,1795.0,1795.0,0.0,0.0,0.0,1.0
24560e96-5945-4e39-b995-6ed012fe4e9a,990.0,990.0,0.0,990.0,990.0,0.0,0.0,0.0,1.0
245620c7-4628-4947-9624-b5485fabce0a,695.0,695.0,0.0,695.0,695.0,0.0,0.0,0.0,1.0
245d4a4f-a37d-48aa-aa88-8ef8fd0474fb,695.0,695.0,0.0,695.0,695.0,0.0,0.0,0.0,1.0
245e67c9-47f6-4567-92fb-a553523cb1cb,9900.0,9900.0,0.0,9900.0,9900.0,0.0,0.0,0.0,1.0
2460ef7c-08f3-4e26-bd2e-45f54d8507aa,80.0,80.0,0.0,80.0,80.0,0.0,0.0,0.0,1.0
24623ee0-e8f9-4be2-9988-41066c917693,595.0,595.0,0.0,595.0,595.0,0.0,0.0,0.0,1.0
247862fa-2a9e-497f-b57b-5ddf7cde950b,3995.0,3995.0,0.0,3995.0,3995.0,0.0,0.0,0.0,1.0
247c5e22-b4f9-4000-bdd5-6f943ca355ad,4740.0,4740.0,0.0,4740.0,4740.0,0.0,0.0,0.0,1.0
247eeb71-ad0d-4cfa-8759-6a11179d9b84,1695.0,1695.0,0.0,1695.0,1695.0,0.0,0.0,0.0,1.0
248d38b5-c353-4817-ac0b-605d97ab5ccd,2040.0,2040.0,0.0,2040.0,2040.0,0.0,0.0,0.0,1.0
2495dff7-89f0-4a95-9be9-9c0958065ef0,5995.0,5995.0,0.0,5995.0,5995.0,0.0,0.0,0.0,1.0
2497c086-80ad-4dfc-b585-a8f7fd8e9fc5,17900.0,17900.0,0.0,17900.0,17900.0,0.0,0.0,0.0,1.0
24a2e339-a7d0-4f8a-a81e-964c6e274b0a,4295.0,4295.0,0.0,4295.0,4295.0,0.0,0.0,0.0,1.0
24b94962-39e2-4ae5-a9bc-1ceeccc216f8,6995.0,6995.0,0.0,6995.0,6995.0,0.0,0.0,0.0,1.0
24c30e43-18cc-49ff-a554-9edbc1ff8c5c,14900.0,14900.0,0.0,14900.0,14900.0,0.0,0.0,0.0,1.0
24c6827f-8ed4-4fd7-baf2-d4024a497d55,2495.0,2495.0,0.0,2495.0,2495.0,0.0,0.0,0.0,1.0
24c69312-7859-47b3-85cb-8576a607d3a3,1275.0,1275.0,0.0,1275.0,1275.0,0.0,0.0,0.0,1.0
24c9a956-4845-461f-90b0-c0c514a815d8,2850.0,2850.0,0.0,2850.0,2850.0,0.0,0.0,0.0,1.0
24d8ae59-7b2a-4201-902d-741692a75938,595.0,595.0,0.0,595.0,595.0,0.0,0.0,0.0,1.0
24de4c5f-86c7-4196-8ce2-f59b48464f0b,4495.0,4495.0,0.0,4495.0,4495.0,0.0,0.0,0.0,1.0
24de97d5-6c11-4314-ae66-73e3434d70c6,2000.0,2000.0,0.0,2000.0,2000.0,0.0,0.0,0.0,1.0
24e08272-7a10-481c-a3dd-17aa31bdca16,1895.0,1895.0,0.0,1895.0,1895.0,0.0,0.0,0.0,1.0
24e8d0e1-b83c-4958-8f0f-6d776566a7a3,12500.0,12500.0,0.0,12500.0,12500.0,0.0,0.0,0.0,1.0
24e95e69-7518-446d-a08d-2068fa87e71d,2420.0,2420.0,0.0,2420.0,2420.0,0.0,0.0,0.0,1.0
24f987d5-15f3-444e-806e-ccbfacdda52b,27900.0,27900.0,0.0,27900.0,27900.0,0.0,0.0,0.0,1.0
24fa564b-9714-4b7e-a57c-c8578fd2673d,1295.0,1295.0,0.0,1295.0,1295.0,0.0,0.0,0.0,1.0
24fce9ec-81de-497f-a4c9-c426b8ccee06,1700.0,1700.0,0.0,1700.0,1700.0,0.0,0.0,0.0,1.0
24ff9e63-beb2-4022-aa19-4ddb49df6290,3495.0,3495.0,0.0,3495.0,3495.0,0.0,0.0,0.0,1.0
25027941-37b2-4c88-aa90-a400ee3291ae,2699.0,2699.0,0.0,2699.0,2699.0,0.0,0.0,0.0,1.0
25050a3a-0164-4556-a813-117a0a7bfd6b,3272.0,3272.0,0.0,3272.0,3272.0,0.0,0.0,0.0,1.0
250f54e6-2e99-4bdb-939f-1b62e191b2d2,4490.0,4490.0,0.0,4490.0,4490.0,0.0,0.0,0.0,1.0
25105620-eaf6-4047-891e-1361d338214b,1395.0,1395.0,0.0,1395.0,1395.0,0.0,0.0,0.0,1.0
2515f5f5-4b6d-4efa-a591-cf399c2c1ed4,995.0,995.0,0.0,995.0,995.0,0.0,0.0,0.0,1.0
25184868-42ae-4a2d-8144-96f3b432ced0,745.0,745.0,0.0,745.0,745.0,0.0,0.0,0.0,1.0
251900e1-3c1c-41d5-bc5e-59c21220f4be,22900.0,22900.0,0.0,22900.0,22900.0,0.0,0.0,0.0,1.0
2520170e-eb4c-4121-9f6d-3fd31320241c,2195.0,2195.0,0.0,2195.0,2195.0,0.0,0.0,0.0,1.0
25299eed-b105-4251-8d0a-28828904bc93,12480.0,12480.0,0.0,12480.0,12480.0,0.0,0.0,0.0,1.0
252fc8d1-2d80-4332-a693-136890c663c5,645.0,645.0,0.0,645.0,645.0,0.0,0.0,0.0,1.0
253d8562-575c-43dd-8f98-803721d73de5,2200.0,2200.0,0.0,2200.0,2200.0,0.0,0.0,0.0,1.0
25425269-8056-4b2f-b3d7-e2f13a329372,895.0,895.0,0.0,895.0,895.0,0.0,0.0,0.0,1.0
25457bdb-da45-4e77-944f-9463b650427e,3995.0,3995.0,0.0,3995.0,3995.0,0.0,0.0,0.0,1.0
254af298-7aa2-413e-8238-cca9dbc6141c,520.0,520.0,0.0,520.0,520.0,0.0,0.0,0.0,1.0
254ec0c9-274d-4b41-a67c-90aee23a1a34,1995.0,1995.0,0.0,1995.0,1995.0,0.0,0.0,0.0,1.0
2551983a-0fe7-4350-8811-03049a618c52,23900.0,23900.0,0.0,23900.0,23900.0,0.0,0.0,0.0,1.0
25572fdf-92e4-4d04-949d-13452f0ca47e,6400.0,6400.0,0.0,6400.0,6400.0,0.0,0.0,0.0,1.0
2559ab66-942d-49cf-827a-22996f627117,5295.0,5295.0,0.0,5295.0,5295.0,0.0,0.0,0.0,1.0
255d9bce-ab08-4a1a-ba2c-7670cf022623,445.0,445.0,0.0,445.0,445.0,0.0,0.0,0.0,1.0
255fe830-6811-4e64-b9a9-34edde0d993e,1120.0,1120.0,0.0,1120.0,1120.0,0.0,0.0,0.0,1.0
2561d46b-213d-4123-9807-81667e9f9239,11500.0,11500.0,0.0,11500.0,11500.0,0.0,0.0,0.0,1.0
2566c9e9-d700-46cc-89e7-85fde2447f50,695.0,695.0,0.0,695.0,695.0,0.0,0.0,0.0,1.0
256a45fb-42ea-433c-b79c-21ecc737a977,3995.0,3995.0,0.0,3995.0,3995.0,0.0,0.0,0.0,1.0
25724f35-7e6b-4756-baf6-05491f317c9e,1395.0,1395.0,0.0,1395.0,1395.0,0.0,0.0,0.0,1.0
2572b941-ca92-41ac-bc47-f276dabc0140,2295.0,2295.0,0.0,2295.0,2295.0,0.0,0.0,0.0,1.0
2575ff09-190c-4b9e-abfe-a3f805991264,785.0,785.0,0.0,785.0,785.0,0.0,0.0,0.0,1.0
257c9f7b-551d-439a-9894-b7677954d421,39900.0,39900.0,0.0,39900.0,39900.0,0.0,0.0,0.0,1.0
257dde3f-6afe-480c-b041-f97b09033d75,240.0,240.0,0.0,240.0,240.0,0.0,0.0,0.0,1.0
25813c0e-b763-4849-bba7-db0945b5668f,2100.0,2100.0,0.0,2100.0,2100.0,0.0,0.0,0.0,1.0
25984894-c23f-4a87-862d-44e645206dcd,545.0,545.0,0.0,545.0,545.0,0.0,0.0,0.0,1.0
259c0326-677a-4b2f-a933-65cb8c944060,3795.0,3795.0,0.0,3795.0,3795.0,0.0,0.0,0.0,1.0
25adf6b2-9df0-4cbd-b039-7de0ec38665d,59.0,59.0,0.0,59.0,59.0,0.0,0.0,0.0,1.0
25b37a20-6d24-489c-a7a7-c1ea8bf66560,11900.0,11900.0,0.0,11900.0,11900.0,0.0,0.0,0.0,1.0
25bc377d-0a64-4104-9971-98a82fb44261,695.0,695.0,0.0,695.0,695.0,0.0,0.0,0.0,1.0
25bda5e3-02a5-432b-b7ef-935b77a54b08,95.0,95.0,0.0,95.0,95.0,0.0,0.0,0.0,1.0
25cc4ef6-38aa-4eed-b7d9-6cdf742590aa,325.0,325.0,0.0,325.0,325.0,0.0,0.0,0.0,1.0
25cf9ebe-2152-4852-a963-0ddf630034f7,2395.0,2395.0,0.0,2395.0,2395.0,0.0,0.0,0.0,1.0
25d03488-7022-4d93-9369-72d6521bffaa,1650.0,1650.0,0.0,1650.0,1650.0,0.0,0.0,0.0,1.0
25d0fc9d-1836-4916-b395-4f0a7951ac28,1395.0,1395.0,0.0,1395.0,1395.0,0.0,0.0,0.0,1.0
25d63e11-5b17-4a45-bb9d-368ec0fb81a2,2850.0,2850.0,0.0,2850.0,2850.0,0.0,0.0,0.0,1.0
25d7023b-69b4-45d4-9b45-64d26a26f4c2,3000.0,3000.0,0.0,3000.0,3000.0,0.0,0.0,0.0,1.0
25d7cd5c-5337-43d1-b6b0-d27fb529f48f,19900.0,19900.0,0.0,19900.0,19900.0,0.0,0.0,0.0,1.0
25e5454a-ff74-4d85-99e2-d465fd82b865,595.0,595.0,0.0,595.0,595.0,0.0,0.0,0.0,1.0
25ef9b38-006a-47a4-a974-408b1b41f091,14900.0,14900.0,0.0,14900.0,14900.0,0.0,0.0,0.0,1.0
25f0e45c-25fa-4463-9aca-4b8a597331c2,2525.0,2525.0,0.0,2525.0,2525.0,0.0,0.0,0.0,1.0
25f35d65-dab0-403e-8749-2f4c39865311,10900.0,10900.0,0.0,10900.0,10900.0,0.0,0.0,0.0,1.0
25fc5130-7a7c-47a1-920c-58f7c7b4751c,1395.0,1395.0,0.0,1395.0,1395.0,0.0,0.0,0.0,1.0
2617bc8f-f45d-428c-9036-6621775a4566,535.0,535.0,0.0,535.0,535.0,0.0,0.0,0.0,1.0
26250565-30e1-45b1-a46e-1a3cad33a633,19900.0,19900.0,0.0,19900.0,19900.0,0.0,0.0,0.0,1.0
26270619-ddb2-4a2b-a5e6-44f23d68940b,1595.0,1595.0,0.0,1595.0,1595.0,0.0,0.0,0.0,1.0
262feb3f-5c2d-4c02-9d9f-1748096e4bb8,995.0,995.0,0.0,995.0,995.0,0.0,0.0,0.0,1.0
2632f64c-2f6d-4322-aff5-7aaf3b418df4,2475.0,2475.0,0.0,2475.0,2475.0,0.0,0.0,0.0,1.0
26462e93-f308-44fe-bc02-61d9135ed147,845.0,845.0,0.0,845.0,845.0,0.0,0.0,0.0,1.0
264f2192-b876-49af-a8cb-f264a4234280,2850.0,2850.0,0.0,2850.0,2850.0,0.0,0.0,0.0,1.0
265b3f93-7aa1-4eff-92e0-dfeba86219af,8900.0,8900.0,0.0,8900.0,8900.0,0.0,0.0,0.0,1.0
265e23ea-e4d8-4e24-8cef-93349c11e993,5995.0,5995.0,0.0,5995.0,5995.0,0.0,0.0,0.0,1.0
26617ece-8393-4eb5-91b5-25b4fe160a6c,4495.0,4495.0,0.0,4495.0,4495.0,0.0,0.0,0.0,1.0
2679566f-8b5d-4509-bec8-25af54652cf9,4000.0,4000.0,0.0,4000.0,4000.0,0.0,0.0,0.0,1.0
267a9465-a127-46eb-a10f-6ed727fd0ecd,4495.0,4495.0,0.0,4495.0,4495.0,0.0,0.0,0.0,1.0
267bb3a1-9999-47a1-9614-dfeb0c37ab5d,1995.0,1995.0,0.0,1995.0,1995.0,0.0,0.0,0.0,1.0
267c0134-6c83-4d24-bf92-bb1385e6e589,1100.0,1100.0,0.0,1100.0,1100.0,0.0,0.0,0.0,1.0
267e5e38-7548-4f38-9137-24a98539e703,860.0,860.0,0.0,860.0,860.0,0.0,0.0,0.0,1.0
267fa3ce-4ab6-47a5-a97b-533e6de9b462,545.0,545.0,0.0,545.0,545.0,0.0,0.0,0.0,1.0
2684c4c3-1b54-46af-a513-cfc3a1a28b88,1350.0,1350.0,0.0,1350.0,1350.0,0.0,0.0,0.0,1.0
268d5cce-5ac9-4378-bec4-fd74b679d6ca,3595.0,3595.0,0.0,3595.0,3595.0,0.0,0.0,0.0,1.0
26907cab-a448-4ae2-989b-e8c962ab9b5f,5190.0,5190.0,0.0,5190.0,5190.0,0.0,0.0,0.0,1.0
269a8982-4147-446c-9073-7cc8d1f54eba,1795.0,1795.0,0.0,1795.0,1795.0,0.0,0.0,0.0,1.0
269df8fd-6ef4-4061-8b21-97a02c4d2a97,850.0,850.0,0.0,850.0,850.0,0.0,0.0,0.0,1.0
26b5ecc6-c5b0-4fd5-a78d-a0437123f16b,4195.0,4195.0,0.0,4195.0,4195.0,0.0,0.0,0.0,1.0
26bd7ad7-cf63-4512-a394-91d47fc6b5eb,3495.0,3495.0,0.0,3495.0,3495.0,0.0,0.0,0.0,1.0
26c955da-a4f5-4d06-a81f-5d72f0ad2805,7995.0,7995.0,0.0,7995.0,7995.0,0.0,0.0,0.0,1.0
26d7455f-c0d6-4f4e-9227-939668ff8bd6,10900.0,10900.0,0.0,10900.0,10900.0,0.0,0.0,0.0,1.0
26dce890-0f27-49a1-af86-594464e5dc80,2850.0,2850.0,0.0,2850.0,2850.0,0.0,0.0,0.0,1.0
26ed9c70-7589-471c-95a2-cb80627577d0,395.0,395.0,0.0,395.0,395.0,0.0,0.0,0.0,1.0
26f325aa-2ece-4bfb-9c30-de2f3b599c73,4995.0,4995.0,0.0,4995.0,4995.0,0.0,0.0,0.0,1.0
26ffba0b-70a3-443c-a355-6010194e624e,1295.0,1295.0,0.0,1295.0,1295.0,0.0,0.0,0.0,1.0
27006788-e3cd-4b7c-8983-cc6cfc11fc8d,3110.0,3110.0,0.0,3110.0,3110.0,0.0,0.0,0.0,1.0
2700c45b-5654-4ceb-9369-87a2a1ff8431,2699.0,2699.0,0.0,2699.0,2699.0,0.0,0.0,0.0,1.0
271380e4-4fcd-4a57-a150-866a96723948,1550.0,1550.0,0.0,1550.0,1550.0,0.0,0.0,0.0,1.0
271a8694-6ca2-478f-8612-510038541bd5,39900.0,39900.0,0.0,39900.0,39900.0,0.0,0.0,0.0,1.0
27229763-02df-4eaf-99cf-685c0595c02a,445.0,445.0,0.0,445.0,445.0,0.0,0.0,0.0,1.0
27395de8-afb5-4e4c-bed3-69c49d206c08,6590.0,6590.0,0.0,6590.0,6590.0,0.0,0.0,0.0,1.0
27427236-d4ba-4800-944a-692c0565f656,595.0,595.0,0.0,595.0,595.0,0.0,0.0,0.0,1.0
274a92b3-6fad-45f7-b87b-9addeb23acaa,395.0,395.0,0.0,395.0,395.0,0.0,0.0,0.0,1.0
274c4e85-2385-4b55-8906-ea0065af47c2,9900.0,9900.0,0.0,9900.0,9900.0,0.0,0.0,0.0,1.0
276de7eb-6d17-42ff-8334-4b2b0e31fcaf,3995.0,3995.0,0.0,3995.0,3995.0,0.0,0.0,0.0,1.0
27750090-c461-41a1-a62e-9756bbf9e6d4,895.0,895.0,0.0,895.0,895.0,0.0,0.0,0.0,1.0
2775cda9-9022-488c-926f-17698c21b343,3595.0,3595.0,0.0,3595.0,3595.0,0.0,0.0,0.0,1.0
277c31fe-48e1-4ad2-af79-00dac7b71e68,2995.0,2995.0,0.0,2995.0,2995.0,0.0,0.0,0.0,1.0
277de4fd-653d-4392-92a5-c94d5a4a5cbc,7640.0,7640.0,0.0,7640.0,7640.0,0.0,0.0,0.0,1.0
2781ccb3-7285-4e81-9040-56086109eed8,3299.0,3299.0,0.0,3299.0,3299.0,0.0,0.0,0.0,1.0
27a03452-9246-4274-9bc3-35fe4848f93d,1595.0,1595.0,0.0,1595.0,1595.0,0.0,0.0,0.0,1.0
27a41856-846b-4ae6-b635-88182e89213a,275.0,275.0,0.0,275.0,275.0,0.0,0.0,0.0,1.0
27a57a88-9da4-4ec8-9f0c-9827176c5616,6490.0,6490.0,0.0,6490.0,6490.0,0.0,0.0,0.0,1.0
27b816d9-7e87-4216-90b8-99e09adcbf88,11900.0,11900.0,0.0,11900.0,11900.0,0.0,0.0,0.0,1.0
27b9829e-5a38-4703-9889-d2ae6edb21ac,1795.0,1795.0,0.0,1795.0,1795.0,0.0,0.0,0.0,1.0
27c57e3c-251d-41a4-b08e-be3fdc5feed2,5495.0,5495.0,0.0,5495.0,5495.0,0.0,0.0,0.0,1.0
27cd2f1b-673c-4f44-89fd-7dab117f52f7,610.0,610.0,0.0,610.0,610.0,0.0,0.0,0.0,1.0
27cd4616-b358-4d08-a1c5-f381bda0dc46,1995.0,1995.0,0.0,1995.0,1995.0,0.0,0.0,0.0,1.0
27cea122-4590-46ca-9a22-647c4632b2f2,13500.0,13500.0,0.0,13500.0,13500.0,0.0,0.0,0.0,1.0
27e34d1e-b9dd-455e-b6bf-954cd1f3b3eb,595.0,595.0,0.0,595.0,595.0,0.0,0.0,0.0,1.0
27ed92f7-abde-4772-9080-468a2953ba99,1795.0,1795.0,0.0,1795.0,1795.0,0.0,0.0,0.0,1.0
27eecfc0-1dff-4d4a-a662-5e5049671a84,1295.0,1295.0,0.0,1295.0,1295.0,0.0,0.0,0.0,1.0
27ef1054-bee4-4191-9452-a95636dadc2a,12900.0,12900.0,0.0,12900.0,12900.0,0.0,0.0,0.0,1.0
27f7032e-562e-4a63-b8ed-1021307a28a8,645.0,645.0,0.0,645.0,645.0,0.0,0.0,0.0,1.0
27f7c0ae-d261-41de-9c14-622a30098cbf,450.0,450.0,0.0,450.0,450.0,0.0,0.0,0.0,1.0
2804daab-5354-4e41-85be-f22c5f0c7605,25900.0,25900.0,0.0,25900.0,25900.0,0.0,0.0,0.0,1.0
280d8044-99ce-4d46-93a0-431343c60525,5900.0,5900.0,0.0,5900.0,5900.0,0.0,0.0,0.0,1.0
2814a816-fce6-4ce6-83a0-d804d36516c5,5495.0,5495.0,0.0,5495.0,5495.0,0.0,0.0,0.0,1.0
2818242e-bf1c-40a9-8b25-5cfb24ae65c2,2700.0,2700.0,0.0,2700.0,2700.0,0.0,0.0,0.0,1.0
281cbac7-ebc0-4982-bc8e-8dd3c4d21cd6,7500.0,7500.0,0.0,7500.0,7500.0,0.0,0.0,0.0,1.0
282d1d62-1fae-4b9a-84b9-8d2ca0b16172,16900.0,16900.0,0.0,16900.0,16900.0,0.0,0.0,0.0,1.0
282f8e1b-38cc-4d00-8095-3003b121d40f,4795.0,4795.0,0.0,4795.0,4795.0,0.0,0.0,0.0,1.0
28306748-6e3c-47c5-8823-7dcb1120e1f5,9900.0,9900.0,0.0,9900.0,9900.0,0.0,0.0,0.0,1.0
283125c8-09d6-4d8b-b2e3-c216b5de4dc8,52900.0,52900.0,0.0,52900.0,52900.0,0.0,0.0,0.0,1.0
28384407-adaa-427b-b787-4de922a48c07,995.0,995.0,0.0,995.0,995.0,0.0,0.0,0.0,1.0
286409c2-b4df-4c4c-9b4f-01b87066bd8e,400.0,400.0,0.0,400.0,400.0,0.0,0.0,0.0,1.0
28666df9-3aa3-46c7-aa4e-48239493ef69,3495.0,3495.0,0.0,3495.0,3495.0,0.0,0.0,0.0,1.0
288baa2d-74e3-4252-8164-d6bf366a13cd,4295.0,4295.0,0.0,4295.0,4295.0,0.0,0.0,0.0,1.0
288dbaa0-1b0c-46f0-bf03-f0f6350d53a4,545.0,545.0,0.0,545.0,545.0,0.0,0.0,0.0,1.0
28929652-60d6-4128-80e6-d5b03eee8c55,52900.0,52900.0,0.0,52900.0,52900.0,0.0,0.0,0.0,1.0
289582c5-8f04-476a-a622-c0fabe477951,1450.0,1450.0,0.0,1450.0,1450.0,0.0,0.0,0.0,1.0
28a95b10-36cc-4cfa-b62c-6cad3c7afe50,5995.0,5995.0,0.0,5995.0,5995.0,0.0,0.0,0.0,1.0
28b20bd1-e6f5-4bbe-aed1-87587982c1e7,11900.0,11900.0,0.0,11900.0,11900.0,0.0,0.0,0.0,1.0
28b57b6c-c665-461d-a9d2-a8b76d82422f,1330.0,1330.0,0.0,1330.0,1330.0,0.0,0.0,0.0,1.0
28ba9601-3c65-4429-a501-8b4e597e0323,695.0,695.0,0.0,695.0,695.0,0.0,0.0,0.0,1.0
28cae789-3096-4ffb-8e7b-4ca58b9a36c9,415.0,415.0,0.0,415.0,415.0,0.0,0.0,0.0,1.0
28d2e479-63ef-4c0a-b3ff-ad0d94afac5f,2995.0,2995.0,0.0,2995.0,2995.0,0.0,0.0,0.0,1.0
28d3a531-b1bb-4df1-be1e-dcbbb8125902,2700.0,2700.0,0.0,2700.0,2700.0,0.0,0.0,0.0,1.0
28d6f4b1-516b-484a-949c-ca3df98677f5,3295.0,3295.0,0.0,3295.0,3295.0,0.0,0.0,0.0,1.0
28d93aca-51e1-4681-a232-c73081299750,15900.0,15900.0,0.0,15900.0,15900.0,0.0,0.0,0.0,1.0
28db5123-071e-4195-8272-07d44c53e6a4,1195.0,1195.0,0.0,1195.0,1195.0,0.0,0.0,0.0,1.0
28e03ba2-da53-431a-830f-76beb8d1b82c,2495.0,2495.0,0.0,2495.0,2495.0,0.0,0.0,0.0,1.0
28e09efc-b4f7-4fbe-b984-f2d6c5303046,1995.0,1995.0,0.0,1995.0,1995.0,0.0,0.0,0.0,1.0
28ea6ccf-e5d5-45c2-9bdd-2d6e29bf60ae,3995.0,3995.0,0.0,3995.0,3995.0,0.0,0.0,0.0,1.0
29045888-0ec0-47af-b5df-d71df3057da3,80.0,80.0,0.0,80.0,80.0,0.0,0.0,0.0,1.0
290911e4-d566-443c-9d1c-dc9339baa2ce,450.0,450.0,0.0,450.0,450.0,0.0,0.0,0.0,1.0
290caa00-8136-4043-80f8-7068b64e3840,2695.0,2695.0,0.0,2695.0,2695.0,0.0,0.0,0.0,1.0
290d600d-3838-4c23-8bc5-69ce0f2edfef,21900.0,21900.0,0.0,21900.0,21900.0,0.0,0.0,0.0,1.0
2911b24c-449d-4b53-afdd-68d5af68fa66,15900.0,15900.0,0.0,15900.0,15900.0,0.0,0.0,0.0,1.0
29174de1-4ec7-4a28-bd58-86bac9d548f7,1145.0,1145.0,0.0,1145.0,1145.0,0.0,0.0,0.0,1.0
2919c803-fa1a-478c-9cbb-a0798bc598e6,8200.0,8200.0,0.0,8200.0,8200.0,0.0,0.0,0.0,1.0
291cdd6a-e3df-4cf7-9a70-39b860ea56e6,3160.0,3160.0,0.0,3160.0,3160.0,0.0,0.0,0.0,1.0
292a826b-8cbb-4121-a799-544ff4934888,2995.0,2995.0,0.0,2995.0,2995.0,0.0,0.0,0.0,1.0
292aec7c-b989-4943-b1d9-db69c06e5e7f,1495.0,1495.0,0.0,1495.0,1495.0,0.0,0.0,0.0,1.0
292df967-1f6f-4dd1-89cf-9e76c7b26b9d,1195.0,1195.0,0.0,1195.0,1195.0,0.0,0.0,0.0,1.0
2934cfb2-338b-40ae-ae12-aefdffb867f8,5195.0,5195.0,0.0,5195.0,5195.0,0.0,0.0,0.0,1.0
2936c4c9-a679-4a73-b846-b5520247bd24,995.0,995.0,0.0,995.0,995.0,0.0,0.0,0.0,1.0
2938122a-c956-4da1-81d3-ccf2bdfbcd41,5490.0,5490.0,0.0,5490.0,5490.0,0.0,0.0,0.0,1.0
2942ea6c-9f33-4974-9311-58a81dd5f6f4,1095.0,1095.0,0.0,1095.0,1095.0,0.0,0.0,0.0,1.0
294719ae-32d9-4c65-ac4e-2b8354b0b6bb,3080.0,3080.0,0.0,3080.0,3080.0,0.0,0.0,0.0,1.0
295043e3-5f59-4c45-857b-5e94ac3e5c45,9900.0,9900.0,0.0,9900.0,9900.0,0.0,0.0,0.0,1.0
2953d15e-7488-48dd-9370-c1accfd6af2b,295.0,295.0,0.0,295.0,295.0,0.0,0.0,0.0,1.0
295458a6-b1ed-40d5-9532-c19b274fc8c8,22900.0,22900.0,0.0,22900.0,22900.0,0.0,0.0,0.0,1.0
2954664f-cdf1-4d92-b361-050bf1b59bc1,7500.0,7500.0,0.0,7500.0,7500.0,0.0,0.0,0.0,1.0
295cd14e-7254-4a32-9e0e-724bc7932588,1695.0,1695.0,0.0,1695.0,1695.0,0.0,0.0,0.0,1.0
296b917b-c063-47b8-a09e-5c399e163a58,4800.0,4800.0,0.0,4800.0,4800.0,0.0,0.0,0.0,1.0
296b98da-8d62-4827-8756-e237e47e4e2c,12900.0,12900.0,0.0,12900.0,12900.0,0.0,0.0,0.0,1.0
297093de-0183-4cd4-a8fa-2863d3debc89,3990.0,3990.0,0.0,3990.0,3990.0,0.0,0.0,0.0,1.0
29732e47-741c-4b6c-9801-ed44efa2c45c,13500.0,13500.0,0.0,13500.0,13500.0,0.0,0.0,0.0,1.0
29751017-d633-4cd3-ae25-a1408173d461,645.0,645.0,0.0,645.0,645.0,0.0,0.0,0.0,1.0
297904e3-933e-476f-a7be-9ad0e61de678,14600.0,14600.0,0.0,14600.0,14600.0,0.0,0.0,0.0,1.0
2980d687-c667-4a07-936d-475b924aa358,1045.0,1045.0,0.0,1045.0,1045.0,0.0,0.0,0.0,1.0
298250f4-2ee0-46d7-9450-534c9577db59,1895.0,1895.0,0.0,1895.0,1895.0,0.0,0.0,0.0,1.0
298384a1-6f3c-4a00-8335-f2286b22556e,4499.0,4499.0,0.0,4499.0,4499.0,0.0,0.0,0.0,1.0
299ca6c5-9ffd-443d-bd5d-e395be627128,30900.0,30900.0,0.0,30900.0,30900.0,0.0,0.0,0.0,1.0
299dec69-3404-4833-894c-782f03faf8ff,2395.0,2395.0,0.0,2395.0,2395.0,0.0,0.0,0.0,1.0
29ab9e48-5263-4c94-8304-835b9f2c4b07,1895.0,1895.0,0.0,1895.0,1895.0,0.0,0.0,0.0,1.0
29b3170c-dd5f-43f0-b0b0-aafb45887172,1695.0,1695.0,0.0,1695.0,1695.0,0.0,0.0,0.0,1.0
29b7d119-064e-40ec-88ac-2bbb115e0a9a,2195.0,2195.0,0.0,2195.0,2195.0,0.0,0.0,0.0,1.0
29c14249-7d86-4050-a632-ba6ba2a978e6,2795.0,2795.0,0.0,2795.0,2795.0,0.0,0.0,0.0,1.0
29c359aa-7959-43ee-8597-22031f12c133,795.0,795.0,0.0,795.0,795.0,0.0,0.0,0.0,1.0
29c7bed1-50cf-49cb-967b-73313c6c1f45,1495.0,1495.0,0.0,1495.0,1495.0,0.0,0.0,0.0,1.0
29d54cf3-0193-44cf-be77-773ae1540298,6995.0,6995.0,0.0,6995.0,6995.0,0.0,0.0,0.0,1.0
29dca6bd-59b5-45cd-aace-876071a58288,3595.0,3595.0,0.0,3595.0,3595.0,0.0,0.0,0.0,1.0
29dfb9da-04d6-4754-85d6-4e6466f5fe3d,4695.0,4695.0,0.0,4695.0,4695.0,0.0,0.0,0.0,1.0
29e05337-5a81-496c-a386-5d318b7227eb,5195.0,5195.0,0.0,5195.0,5195.0,0.0,0.0,0.0,1.0
29e4383a-a380-4146-a105-53e2cf14015d,90.0,90.0,0.0,90.0,90.0,0.0,0.0,0.0,1.0
29e6f2b3-8766-4379-bf52-8c474bac2874,25.0,25.0,0.0,25.0,25.0,0.0,0.0,0.0,1.0
29f19085-d899-4cfd-908b-5b4bd71b618b,7495.0,7495.0,0.0,7495.0,7495.0,0.0,0.0,0.0,1.0
29f23464-5e5c-45b5-ad83-2b8f6cf97bd8,845.0,845.0,0.0,845.0,845.0,0.0,0.0,0.0,1.0
2a00558d-dd23-40eb-93df-27a58f503454,4595.0,4595.0,0.0,4595.0,4595.0,0.0,0.0,0.0,1.0
2a0307c9-76db-4c85-9285-94e7d253e182,11500.0,11500.0,0.0,11500.0,11500.0,0.0,0.0,0.0,1.0
2a04a9da-0672-4621-9f62-bc6dfd533563,695.0,695.0,0.0,695.0,695.0,0.0,0.0,0.0,1.0
2a05d510-3764-49f4-ba2f-3bc708dcc9a7,1195.0,1195.0,0.0,1195.0,1195.0,0.0,0.0,0.0,1.0
2a0ac644-6e27-43cb-bae6-e9777cce40e3,3795.0,3795.0,0.0,3795.0,3795.0,0.0,0.0,0.0,1.0
2a12df85-9549-4c51-9b01-9f26eca64cde,35900.0,35900.0,0.0,35900.0,35900.0,0.0,0.0,0.0,1.0
2a148c85-11b2-4372-bfc6-0ba34bfb0f92,4995.0,4995.0,0.0,4995.0,4995.0,0.0,0.0,0.0,1.0
2a14f053-c430-4039-9474-ce935d0d3982,5995.0,5995.0,0.0,5995.0,5995.0,0.0,0.0,0.0,1.0
2a163bab-46ea-485c-ac58-ea31ba11be7c,1395.0,1395.0,0.0,1395.0,1395.0,0.0,0.0,0.0,1.0
2a1bfd1c-b3fd-4df9-a0bb-add58b071db7,2595.0,2595.0,0.0,2595.0,2595.0,0.0,0.0,0.0,1.0
2a1de683-8324-4dc5-b3cb-078a8f76d3e7,13900.0,13900.0,0.0,13900.0,13900.0,0.0,0.0,0.0,1.0
2a39107f-d5d9-4cea-8ff4-9be6c41a53e6,3295.0,3295.0,0.0,3295.0,3295.0,0.0,0.0,0.0,1.0
2a3b44f2-a1ce-4290-9d89-0c08836d2d50,3569.0,3569.0,0.0,3569.0,3569.0,0.0,0.0,0.0,1.0
2a3e3af8-c21f-4c76-8ed0-ccad4c3cf714,495.0,495.0,0.0,495.0,495.0,0.0,0.0,0.0,1.0
2a53b9ae-2b48-4787-bd56-524313b7f9ee,13900.0,13900.0,0.0,13900.0,13900.0,0.0,0.0,0.0,1.0
2a573454-6d22-4e6f-bf31-cbd3372f8351,375.0,375.0,0.0,375.0,375.0,0.0,0.0,0.0,1.0
2a576567-ad50-40ad-a688-12131179ecab,7495.0,7495.0,0.0,7495.0,7495.0,0.0,0.0,0.0,1.0
2a5d917f-e5ad-4cb3-a27b-39c115dcfe55,14900.0,14900.0,0.0,14900.0,14900.0,0.0,0.0,0.0,1.0
2a5ffa8e-fd06-477f-adf1-f55e4cf0c368,6900.0,6900.0,0.0,6900.0,6900.0,0.0,0.0,0.0,1.0
2a63c753-c4b2-4a24-8ffa-c61adb26a7f5,32900.0,32900.0,0.0,32900.0,32900.0,0.0,0.0,0.0,1.0
2a642cf9-20b4-4ae9-bbf2-268da768b54c,13900.0,13900.0,0.0,13900.0,13900.0,0.0,0.0,0.0,1.0
2a6a5bea-ac02-42d8-9c1e-f597308ff35f,545.0,545.0,0.0,545.0,545.0,0.0,0.0,0.0,1.0
2a6d82b6-4861-4e07-a06d-286a108353b3,5100.0,5100.0,0.0,5100.0,5100.0,0.0,0.0,0.0,1.0
2a755c2d-6892-4102-ab33-ecbbeb4cd983,595.0,595.0,0.0,595.0,595.0,0.0,0.0,0.0,1.0
2a78882c-732e-456a-bbf1-39f4b4f1d8d6,210.0,210.0,0.0,210.0,210.0,0.0,0.0,0.0,1.0
2a7afa97-2abb-4596-843f-7599a769ee15,3995.0,3995.0,0.0,3995.0,3995.0,0.0,0.0,0.0,1.0
2a7b8dbe-e04a-4f90-9048-1ae42c4a940f,2600.0,2600.0,0.0,2600.0,2600.0,0.0,0.0,0.0,1.0
2a7e42b2-0851-49cd-84e5-27d1f266d097,1395.0,1395.0,0.0,1395.0,1395.0,0.0,0.0,0.0,1.0
2a833a02-9c25-4343-9598-f531be8989c9,2295.0,2295.0,0.0,2295.0,2295.0,0.0,0.0,0.0,1.0
2a84bfe6-c847-4dfe-be8e-458d077d77dc,545.0,545.0,0.0,545.0,545.0,0.0,0.0,0.0,1.0
2a86c09c-b8a9-46cc-9070-26bfe1c88d81,400.0,400.0,0.0,400.0,400.0,0.0,0.0,0.0,1.0
2a90dd3f-5ad2-41f0-a97d-4b6ba11f8129,5395.0,5395.0,0.0,5395.0,5395.0,0.0,0.0,0.0,1.0
2a90e2d0-9bb7-4716-9e1d-5e55192775ce,37900.0,37900.0,0.0,37900.0,37900.0,0.0,0.0,0.0,1.0
2a92bdb4-20f0-4e61-b6de-d46c0196e10c,525.0,525.0,0.0,525.0,525.0,0.0,0.0,0.0,1.0
2a9abef5-bac8-4fcb-b416-924a97f66fdb,2090.0,2090.0,0.0,2090.0,2090.0,0.0,0.0,0.0,1.0
2a9b56d6-cb1d-4a41-a244-d43d5ed8c5b2,695.0,695.0,0.0,695.0,695.0,0.0,0.0,0.0,1.0
2aa3d34b-4e84-4858-adc5-f8519f77ac02,47.0,47.0,0.0,47.0,47.0,0.0,0.0,0.0,1.0
2aa925cf-e62d-43aa-a0bc-790e5426a45e,1995.0,1995.0,0.0,1995.0,1995.0,0.0,0.0,0.0,1.0
2ab978a1-d15a-42ea-b0de-d7b812902c52,5495.0,5495.0,0.0,5495.0,5495.0,0.0,0.0,0.0,1.0
2abbf489-b0cf-41d7-9619-d48aea6aba49,39900.0,39900.0,0.0,39900.0,39900.0,0.0,0.0,0.0,1.0
2ac08a0e-8a0d-4ef5-a156-6499be4a8da5,18200.0,18200.0,0.0,18200.0,18200.0,0.0,0.0,0.0,1.0
2ac5a2ea-506c-4345-8f6f-786030e27c37,2700.0,2700.0,0.0,2700.0,2700.0,0.0,0.0,0.0,1.0
2add9674-4d32-405d-b18e-4edbb010771b,1595.0,1595.0,0.0,1595.0,1595.0,0.0,0.0,0.0,1.0
2aeb28e0-3d17-4a4d-a9e8-488617c4a670,2800.0,2800.0,0.0,2800.0,2800.0,0.0,0.0,0.0,1.0
2afc4d36-c642-45d7-ab76-d9b06419a678,9900.0,9900.0,0.0,9900.0,9900.0,0.0,0.0,0.0,1.0
2b109e57-29ca-471b-96f3-18740d8269e9,1695.0,1695.0,0.0,1695.0,1695.0,0.0,0.0,0.0,1.0
2b2345f4-11ed-4d76-8d62-8a14842e037f,1595.0,1595.0,0.0,1595.0,1595.0,0.0,0.0,0.0,1.0
2b2bc931-df02-4d0f-8334-1612dca83276,9900.0,9900.0,0.0,9900.0,9900.0,0.0,0.0,0.0,1.0
2b2dd1fb-b6b9-4670-b06c-9b66ba9faf42,18900.0,18900.0,0.0,18900.0,18900.0,0.0,0.0,0.0,1.0
2b31095e-a9dd-49ac-94a4-198ea8788572,845.0,845.0,0.0,845.0,845.0,0.0,0.0,0.0,1.0
2b3cfcc9-49d0-4615-b8ad-cfc3bbcb3873,9900.0,9900.0,0.0,9900.0,9900.0,0.0,0.0,0.0,1.0
2b63699d-3807-4a80-89bc-289bb8210fb2,140.0,140.0,0.0,140.0,140.0,0.0,0.0,0.0,1.0
2b76e6be-ed8d-486f-bd5d-fe03d4c03bfb,3399.0,3399.0,0.0,3399.0,3399.0,0.0,0.0,0.0,1.0
2b7728bb-2260-472a-ac9e-65cef376f49f,995.0,995.0,0.0,995.0,995.0,0.0,0.0,0.0,1.0
2b795c9c-45b5-4bcf-baa8-3abd7de1522a,10900.0,10900.0,0.0,10900.0,10900.0,0.0,0.0,0.0,1.0
2b7e8642-3d13-4677-a89b-adbefe471a5a,5995.0,5995.0,0.0,5995.0,5995.0,0.0,0.0,0.0,1.0
2b8aac92-4ae5-4061-ab97-25aebe6c2896,645.0,645.0,0.0,645.0,645.0,0.0,0.0,0.0,1.0
2b8cffe7-9034-4dec-8053-104e4019ce24,435.0,435.0,0.0,435.0,435.0,0.0,0.0,0.0,1.0
2b8d065d-7dbf-477f-8aa8-f93aab18c402,2599.0,2599.0,0.0,2599.0,2599.0,0.0,0.0,0.0,1.0
2b924de7-f814-479e-8a93-6f04d43857a0,2995.0,2995.0,0.0,2995.0,2995.0,0.0,0.0,0.0,1.0
2b9889ea-2f3c-4278-9f47-6d993433fc2d,1800.0,1800.0,0.0,1800.0,1800.0,0.0,0.0,0.0,1.0
2ba1fb74-49c3-4e03-9d4f-028d9562809e,2095.0,2095.0,0.0,2095.0,2095.0,0.0,0.0,0.0,1.0
2baec556-1b68-4bc7-aa7e-d753c8ec3126,1840.0,1840.0,0.0,1840.0,1840.0,0.0,0.0,0.0,1.0
2bc7a6a1-3295-4302-b627-83367c11e1c8,495.0,495.0,0.0,495.0,495.0,0.0,0.0,0.0,1.0
2bcf8be6-941c-4ae4-b70f-418f184b5b02,3995.0,3995.0,0.0,3995.0,3995.0,0.0,0.0,0.0,1.0
2bdd712f-b826-499e-856c-f6de5bc210e1,1795.0,1795.0,0.0,1795.0,1795.0,0.0,0.0,0.0,1.0
2be06a8c-c46d-44c1-818b-c7c6f2b5126c,1199.0,1199.0,0.0,1199.0,1199.0,0.0,0.0,0.0,1.0
2be4ed18-d311-4d29-846c-3d25ef97ac71,50.0,50.0,0.0,50.0,50.0,0.0,0.0,0.0,1.0
2be5fad9-3b26-493c-ad91-86312dd48a72,11900.0,11900.0,0.0,11900.0,11900.0,0.0,0.0,0.0,1.0
2be72943-4a49-431d-94c0-cffe04c2be48,70.0,70.0,0.0,70.0,70.0,0.0,0.0,0.0,1.0
2be9a271-50e4-4d04-b8b7-11db9f0c45b9,37900.0,37900.0,0.0,37900.0,37900.0,0.0,0.0,0.0,1.0
2bef916e-85f8-4967-b9e1-61daf5531e9b,11500.0,11500.0,0.0,11500.0,11500.0,0.0,0.0,0.0,1.0
2bf96cc7-bb49-4a8a-b94c-203f523d0324,1365.0,1365.0,0.0,1365.0,1365.0,0.0,0.0,0.0,1.0
2bf9ed83-3464-4c6b-8f3a-895f39904bb0,4695.0,4695.0,0.0,4695.0,4695.0,0.0,0.0,0.0,1.0
2c02abad-c400-43f9-8cb2-452b18283756,1315.0,1315.0,0.0,1315.0,1315.0,0.0,0.0,0.0,1.0
2c040ace-1bc1-4a1a-bea2-bf57a5b88390,7295.0,7295.0,0.0,7295.0,7295.0,0.0,0.0,0.0,1.0
2c12853c-faff-4d85-93c4-1e7bab58192f,2545.0,2545.0,0.0,2545.0,2545.0,0.0,0.0,0.0,1.0
2c1efe70-96c1-4972-9b9b-f08fde006969,2395.0,2395.0,0.0,2395.0,2395.0,0.0,0.0,0.0,1.0
2c234b9e-0d7c-488c-ad59-74440d5bbad2,6500.0,6500.0,0.0,6500.0,6500.0,0.0,0.0,0.0,1.0
2c2752d3-7241-4daa-aee8-9070f3ba5b17,2295.0,2295.0,0.0,2295.0,2295.0,0.0,0.0,0.0,1.0
2c35d7e6-ddab-4bf9-ae79-8cf7d9c15526,2699.0,2699.0,0.0,2699.0,2699.0,0.0,0.0,0.0,1.0
2c401e32-2ff3-4806-a874-abfe6378a414,5295.0,5295.0,0.0,5295.0,5295.0,0.0,0.0,0.0,1.0
2c486a6a-34cf-4230-8d87-cb4c92028a7c,3995.0,3995.0,0.0,3995.0,3995.0,0.0,0.0,0.0,1.0
2c4a04a5-75ac-40ab-b1e0-e9a99f05fe20,850.0,850.0,0.0,850.0,850.0,0.0,0.0,0.0,1.0
2c4b779f-f931-45c7-922c-2623135367b2,1595.0,1595.0,0.0,1595.0,1595.0,0.0,0.0,0.0,1.0
2c50188b-254d-4a8c-81dc-f8b8f6b3cb67,24900.0,24900.0,0.0,24900.0,24900.0,0.0,0.0,0.0,1.0
2c508874-08ea-4e66-8205-3e5faa88ea14,7900.0,7900.0,0.0,7900.0,7900.0,0.0,0.0,0.0,1.0
2c55ad40-f1fb-42e7-868d-f3bcfe5346de,495.0,495.0,0.0,495.0,495.0,0.0,0.0,0.0,1.0
2c5825bb-0a43-4397-a142-4c7ef02da9db,1045.0,1045.0,0.0,1045.0,1045.0,0.0,0.0,0.0,1.0
2c5b5059-ae55-4804-950b-f08ac343cf97,3590.0,3590.0,0.0,3590.0,3590.0,0.0,0.0,0.0,1.0
2c603d11-d1ca-4514-970e-e811558d962e,9900.0,9900.0,0.0,9900.0,9900.0,0.0,0.0,0.0,1.0
2c619c2c-cad3-4700-b4ec-da6545e8bd6d,40900.0,40900.0,0.0,40900.0,40900.0,0.0,0.0,0.0,1.0
2c6bf76b-4632-47fa-a57b-627df197fdc6,440.0,440.0,0.0,440.0,440.0,0.0,0.0,0.0,1.0
2c6fb84f-5ac7-4a03-8ee7-3868e6de2fee,7980.0,7980.0,0.0,7980.0,7980.0,0.0,0.0,0.0,1.0
2c8785be-ca9a-4a1e-a93d-6e087e89da92,11900.0,11900.0,0.0,11900.0,11900.0,0.0,0.0,0.0,1.0
2c9ec499-7a10-4754-b814-8fa4fec53df7,595.0,595.0,0.0,595.0,595.0,0.0,0.0,0.0,1.0
2cb2d0e1-dc89-4c52-b502-f4472f99fd5e,310.0,310.0,0.0,310.0,310.0,0.0,0.0,0.0,1.0
2cb55fd7-d065-4d18-a8cb-6f96914946e8,199.0,199.0,0.0,199.0,199.0,0.0,0.0,0.0,1.0
2cb82c08-ecaf-4ee7-8edc-0a5ac9a1142e,1995.0,1995.0,0.0,1995.0,1995.0,0.0,0.0,0.0,1.0
2cb8437e-f318-46e1-88e9-9035fba7a747,29900.0,29900.0,0.0,29900.0,29900.0,0.0,0.0,0.0,1.0
2cb89b4a-4f03-40ac-8082-3b4f51824041,8495.0,8495.0,0.0,8495.0,8495.0,0.0,0.0,0.0,1.0
2cb8d738-90f1-48a2-a6fe-948f3242634f,10500.0,10500.0,0.0,10500.0,10500.0,0.0,0.0,0.0,1.0
2cbe02dd-ca72-44a8-bee1-90cf522a2e05,445.0,445.0,0.0,445.0,445.0,0.0,0.0,0.0,1.0
2ccbaf2d-bac8-4a97-aba7-9f48b71e75bf,3900.0,3900.0,0.0,3900.0,3900.0,0.0,0.0,0.0,1.0
2ccd496a-b5f7-4e1b-9045-711ad2afc583,445.0,445.0,0.0,445.0,445.0,0.0,0.0,0.0,1.0
2cd47e61-1189-4569-be75-b968ac42362a,495.0,495.0,0.0,495.0,495.0,0.0,0.0,0.0,1.0
2cd676dd-6aef-4405-b5a0-bd2e2717e373,3895.0,3895.0,0.0,3895.0,3895.0,0.0,0.0,0.0,1.0
2ce0c6cb-91a2-4191-9e69-09ffc5141ff7,1495.0,1495.0,0.0,1495.0,1495.0,0.0,0.0,0.0,1.0
2cf7016d-165f-4c23-b335-38305318fe0c,5295.0,5295.0,0.0,5295.0,5295.0,0.0,0.0,0.0,1.0
2cf7211e-c1a3-475c-8af6-15acbbcc96ca,745.0,745.0,0.0,745.0,745.0,0.0,0.0,0.0,1.0
2d03f928-d1fa-4409-8725-04c06d66cca8,10900.0,10900.0,0.0,10900.0,10900.0,0.0,0.0,0.0,1.0
2d040af9-6040-4998-b69d-b2a1e7ddbef4,8995.0,8995.0,0.0,8995.0,8995.0,0.0,0.0,0.0,1.0
2d04ec30-90ba-4596-aac1-763831554414,10500.0,10500.0,0.0,10500.0,10500.0,0.0,0.0,0.0,1.0
2d06e520-663a-428a-90ad-e8959193a29f,15900.0,15900.0,0.0,15900.0,15900.0,0.0,0.0,0.0,1.0
2d142230-7ddf-4d2e-af95-f93a9228fe9f,650.0,650.0,0.0,650.0,650.0,0.0,0.0,0.0,1.0
2d1d9e34-61c6-4396-a828-a8e6edb38267,745.0,745.0,0.0,745.0,745.0,0.0,0.0,0.0,1.0
2d1fa2ca-e37b-4561-ac28-3c3d40158402,50.0,50.0,0.0,50.0,50.0,0.0,0.0,0.0,1.0
2d23de11-cc56-4d76-ad35-fa82284d7578,9200.0,9200.0,0.0,9200.0,9200.0,0.0,0.0,0.0,1.0
2d25d7ae-f682-4671-a266-54b2bce64b66,2650.0,2650.0,0.0,2650.0,2650.0,0.0,0.0,0.0,1.0
2d27ac65-ae65-4702-b32c-48bbdfa91471,995.0,995.0,0.0,995.0,995.0,0.0,0.0,0.0,1.0
2d456084-b31e-4a0b-936d-de4722fb4b73,2995.0,2995.0,0.0,2995.0,2995.0,0.0,0.0,0.0,1.0
2d486fb8-8528-40fd-a450-bdeffb5aa919,2090.0,2090.0,0.0,2090.0,2090.0,0.0,0.0,0.0,1.0
2d4c48e1-ee4c-4b75-8634-80e6a496204f,8995.0,8995.0,0.0,8995.0,8995.0,0.0,0.0,0.0,1.0
2d5176ef-6db1-4f3b-a052-f326e0583a9b,3990.0,3990.0,0.0,3990.0,3990.0,0.0,0.0,0.0,1.0
2d5c0227-7755-48d8-8893-750f67e6c409,3650.0,3650.0,0.0,3650.0,3650.0,0.0,0.0,0.0,1.0
2d5c6985-ed02-49ee-ac37-9e8330b19bfa,14900.0,14900.0,0.0,14900.0,14900.0,0.0,0.0,0.0,1.0
2d5f8b74-b206-4a18-828b-91681164e742,1895.0,1895.0,0.0,1895.0,1895.0,0.0,0.0,0.0,1.0
2d6388d2-4ad2-4b43-a7e3-874349de7ebe,100.0,100.0,0.0,100.0,100.0,0.0,0.0,0.0,1.0
2d6667fb-6bc9-4e99-a215-ef3c620fb823,80.0,80.0,0.0,80.0,80.0,0.0,0.0,0.0,1.0
2d6954ff-b271-4b2e-b7e9-bf1e7b67a1e0,1400.0,1400.0,0.0,1400.0,1400.0,0.0,0.0,0.0,1.0
2d7405ad-78c1-4982-a5aa-376cc5cf19a6,645.0,645.0,0.0,645.0,645.0,0.0,0.0,0.0,1.0
2d7a0f61-dc11-400d-8a95-0033defd9204,495.0,495.0,0.0,495.0,495.0,0.0,0.0,0.0,1.0
2d7f24f3-15ae-408b-8c91-c82211b77013,50.0,50.0,0.0,50.0,50.0,0.0,0.0,0.0,1.0
2d941784-d765-4bae-a46e-90bb79ad5044,845.0,845.0,0.0,845.0,845.0,0.0,0.0,0.0,1.0
2d985a73-d02f-46d4-9cc2-4b9ac5348cef,17900.0,17900.0,0.0,17900.0,17900.0,0.0,0.0,0.0,1.0
2da03d9e-3bec-4b75-b086-9e07062282b6,1595.0,1595.0,0.0,1595.0,1595.0,0.0,0.0,0.0,1.0
2db160a5-1f16-4d4c-91b0-749c18133b85,1495.0,1495.0,0.0,1495.0,1495.0,0.0,0.0,0.0,1.0
2db54b08-7cb3-4cd3-8599-9dd3cca95d51,31900.0,31900.0,0.0,31900.0,31900.0,0.0,0.0,0.0,1.0
2db7416c-4327-4c8a-84db-3736a515e687,1495.0,1495.0,0.0,1495.0,1495.0,0.0,0.0,0.0,1.0
2dbd9cff-ca2f-48a7-b5fe-a0008ab66ec3,2900.0,2900.0,0.0,2900.0,2900.0,0.0,0.0,0.0,1.0
2dbeee0e-c41f-4364-bb17-a88501d1702b,595.0,595.0,0.0,595.0,595.0,0.0,0.0,0.0,1.0
2dc27bea-079d-4063-8389-2a514d4a40fd,1695.0,1695.0,0.0,1695.0,1695.0,0.0,0.0,0.0,1.0
2dc812ac-30d0-4f03-8a33-76ce3cfa1c51,320.0,320.0,0.0,320.0,320.0,0.0,0.0,0.0,1.0
2dd0be28-e5cf-45bc-b542-abaf351f4844,445.0,445.0,0.0,445.0,445.0,0.0,0.0,0.0,1.0
2de3e4e8-d002-4c43-a22e-be441dc91d3f,2700.0,2700.0,0.0,2700.0,2700.0,0.0,0.0,0.0,1.0
2deaf861-dcce-47b4-bfdc-875f0a6260c1,895.0,895.0,0.0,895.0,895.0,0.0,0.0,0.0,1.0
2df34146-3427-416d-a614-183e09e526e3,49900.0,49900.0,0.0,49900.0,49900.0,0.0,0.0,0.0,1.0
2df49b4b-8e9e-4d3d-86e9-a242c4294e95,9500.0,9500.0,0.0,9500.0,9500.0,0.0,0.0,0.0,1.0
2dfa80ad-e589-441a-b8bd-b59424de11c1,425.0,425.0,0.0,425.0,425.0,0.0,0.0,0.0,1.0
2e056579-29dc-4f46-bf32-ace21f598fc2,1095.0,1095.0,0.0,1095.0,1095.0,0.0,0.0,0.0,1.0
2e092bcf-784a-4c50-949c-1c78a98d105e,10500.0,10500.0,0.0,10500.0,10500.0,0.0,0.0,0.0,1.0
2e2740af-061b-483c-8071-1b36739b5e77,245.0,245.0,0.0,245.0,245.0,0.0,0.0,0.0,1.0
2e28f00a-d6d3-41fd-a019-8bcfac59e29b,595.0,595.0,0.0,595.0,595.0,0.0,0.0,0.0,1.0
2e3c7be9-1b5e-4ebc-81f1-aa6176f58608,1200.0,1200.0,0.0,1200.0,1200.0,0.0,0.0,0.0,1.0
2e3f2f5c-a9c9-4691-8da2-5b8a2abd1e12,2945.0,2945.0,0.0,2945.0,2945.0,0.0,0.0,0.0,1.0
2e3f8dc3-a368-4d3a-8908-c990c7072e4b,12900.0,12900.0,0.0,12900.0,12900.0,0.0,0.0,0.0,1.0
2e6ed432-f396-4fd1-ad80-36fc2c6f3a35,800.0,800.0,0.0,800.0,800.0,0.0,0.0,0.0,1.0
2e727cfc-12db-4f47-9697-c79b7b410e03,6800.0,6800.0,0.0,6800.0,6800.0,0.0,0.0,0.0,1.0
2e81cce3-70dc-4f30-bf0d-63f01dfd7d62,140.0,140.0,0.0,140.0,140.0,0.0,0.0,0.0,1.0
2e8811e1-1748-4e37-a60f-9143a8254665,2995.0,2995.0,0.0,2995.0,2995.0,0.0,0.0,0.0,1.0
2e8e6547-5503-41cc-9af3-549e9bd067fa,375.0,375.0,0.0,375.0,375.0,0.0,0.0,0.0,1.0
2e90b5b9-6ac2-49c1-a7b6-8f0ce14420c1,2795.0,2795.0,0.0,2795.0,2795.0,0.0,0.0,0.0,1.0
2e987ecd-3755-4d8d-81a3-b99c4ac0e79f,11900.0,11900.0,0.0,11900.0,11900.0,0.0,0.0,0.0,1.0
2e9ecc07-1ba1-492c-92c7-2fc33cc9fab9,1890.0,1890.0,0.0,1890.0,1890.0,0.0,0.0,0.0,1.0
2ea6bf6f-e06b-4e09-92cc-0bd3b4949c43,18900.0,18900.0,0.0,18900.0,18900.0,0.0,0.0,0.0,1.0
2eb09ea1-c9cf-4cda-8ac2-0129e9120a31,23900.0,23900.0,0.0,23900.0,23900.0,0.0,0.0,0.0,1.0
2eb77231-68e2-427d-99f6-8583cc1c63d3,28900.0,28900.0,0.0,28900.0,28900.0,0.0,0.0,0.0,1.0
2ebb56a6-c7fe-4152-8fce-c16430c1fa7c,3795.0,3795.0,0.0,3795.0,3795.0,0.0,0.0,0.0,1.0
2ebeb74c-0b40-4763-b94d-a293bba0ace2,1070.0,1070.0,0.0,1070.0,1070.0,0.0,0.0,0.0,1.0
2ed1c2bf-a613-4742-a2fb-f909db618dc8,3995.0,3995.0,0.0,3995.0,3995.0,0.0,0.0,0.0,1.0
2ed5f68f-2db2-4ef2-87f5-2b76b41dbf5d,5995.0,5995.0,0.0,5995.0,5995.0,0.0,0.0,0.0,1.0
2eeb385c-f633-4f28-a96d-fa57ee260662,895.0,895.0,0.0,895.0,895.0,0.0,0.0,0.0,1.0
2ef3f44a-d1b4-4510-8665-28d51d5ffda2,3370.0,3370.0,0.0,3370.0,3370.0,0.0,0.0,0.0,1.0
2ef64033-9092-4a5b-845c-ad181c4db79a,31900.0,31900.0,0.0,31900.0,31900.0,0.0,0.0,0.0,1.0
2efc4ca2-9efd-4c05-92e8-4c207914f001,2900.0,2900.0,0.0,2900.0,2900.0,0.0,0.0,0.0,1.0
2f00f7f3-983f-4741-9157-013c3dd74a20,125.0,125.0,0.0,125.0,125.0,0.0,0.0,0.0,1.0
2f0ece5d-7d7f-4e10-8db6-ac839e61c80c,370.0,370.0,0.0,370.0,370.0,0.0,0.0,0.0,1.0
2f19ddd7-2e03-40e0-bb02-5f6bbc714d07,1195.0,1195.0,0.0,1195.0,1195.0,0.0,0.0,0.0,1.0
2f203c78-7220-4984-b6ac-bed53c411700,29900.0,29900.0,0.0,29900.0,29900.0,0.0,0.0,0.0,1.0
2f20e972-8d87-4d2e-bdbc-0984843c0319,2645.0,2645.0,0.0,2645.0,2645.0,0.0,0.0,0.0,1.0
2f21ddba-08f2-4948-bf81-0af78f442c15,6295.0,6295.0,0.0,6295.0,6295.0,0.0,0.0,0.0,1.0
2f27e522-4dab-4490-a39b-c654ec66502c,30900.0,30900.0,0.0,30900.0,30900.0,0.0,0.0,0.0,1.0
2f28703d-2cfd-45e7-807c-64a11e6c6aa5,26900.0,26900.0,0.0,26900.0,26900.0,0.0,0.0,0.0,1.0
2f28b8f8-e30f-4a10-a7c5-6813208a8468,3795.0,3795.0,0.0,3795.0,3795.0,0.0,0.0,0.0,1.0
2f29d6bc-d28a-4ddb-8616-4b34eefe3e50,1245.0,1245.0,0.0,1245.0,1245.0,0.0,0.0,0.0,1.0
2f2f009a-af47-4a74-b949-cc80d61fee25,70.0,70.0,0.0,70.0,70.0,0.0,0.0,0.0,1.0
2f31c11a-1081-4337-acc9-29b87a43b02f,1145.0,1145.0,0.0,1145.0,1145.0,0.0,0.0,0.0,1.0
2f3a5212-cf55-414f-b428-0b9695f679e9,12900.0,12900.0,0.0,12900.0,12900.0,0.0,0.0,0.0,1.0
2f3d234f-31a8-4356-aab9-03546bea2f7b,1295.0,1295.0,0.0,1295.0,1295.0,0.0,0.0,0.0,1.0
2f3d53b8-c7d5-4412-8629-4d576f15241e,4295.0,4295.0,0.0,4295.0,4295.0,0.0,0.0,0.0,1.0
2f506e72-e180-48e7-9d7e-e43f99cf206a,3295.0,3295.0,0.0,3295.0,3295.0,0.0,0.0,0.0,1.0
2f57f972-4cda-46b0-bf2f-43e9e20e0c53,100.0,100.0,0.0,100.0,100.0,0.0,0.0,0.0,1.0
2f701275-aacf-4c3f-a7bc-6b62e9ddb1a0,225.0,225.0,0.0,225.0,225.0,0.0,0.0,0.0,1.0
2f7ac748-103b-4957-a20e-049fa507f401,2095.0,2095.0,0.0,2095.0,2095.0,0.0,0.0,0.0,1.0
2f80222f-a803-4763-86e3-9c03b08d0ae8,3400.0,3400.0,0.0,3400.0,3400.0,0.0,0.0,0.0,1.0
2f819a8d-5f5c-4f07-bdaf-f3c913eea617,12900.0,12900.0,0.0,12900.0,12900.0,0.0,0.0,0.0,1.0
2f81df38-fe78-44f8-8843-507da74f01a8,2295.0,2295.0,0.0,2295.0,2295.0,0.0,0.0,0.0,1.0
2f839c78-2a4e-4e10-bb77-8b37d6dab76b,2695.0,2695.0,0.0,2695.0,2695.0,0.0,0.0,0.0,1.0
2f85c168-5bfa-4d89-8271-44071905cb11,2495.0,2495.0,0.0,2495.0,2495.0,0.0,0.0,0.0,1.0
2f880256-d258-49cd-bec5-485d2340356c,27900.0,27900.0,0.0,27900.0,27900.0,0.0,0.0,0.0,1.0
2f8b8fed-4de9-4484-8f8a-3572e9f3c0ae,695.0,695.0,0.0,695.0,695.0,0.0,0.0,0.0,1.0
2f90a172-17ec-44d7-b956-d33dde703873,7900.0,7900.0,0.0,7900.0,7900.0,0.0,0.0,0.0,1.0
2f9b02b9-3862-436b-9931-2cc4ada1b089,4495.0,4495.0,0.0,4495.0,4495.0,0.0,0.0,0.0,1.0
2f9be95e-1208-4699-b3e2-6c657e51d59c,10500.0,10500.0,0.0,10500.0,10500.0,0.0,0.0,0.0,1.0
2f9e8531-535a-4570-a5a2-78845809f344,3495.0,3495.0,0.0,3495.0,3495.0,0.0,0.0,0.0,1.0
2f9f5aed-5929-460a-85df-e03189e06015,895.0,895.0,0.0,895.0,895.0,0.0,0.0,0.0,1.0
2fa15aa7-ee2f-43c7-b68c-aac03ecce19a,1495.0,1495.0,0.0,1495.0,1495.0,0.0,0.0,0.0,1.0
2fa37e5b-c536-4970-94bc-a67795093852,18900.0,18900.0,0.0,18900.0,18900.0,0.0,0.0,0.0,1.0
2fa4e045-5a31-468a-9b16-072553cac5d2,16900.0,16900.0,0.0,16900.0,16900.0,0.0,0.0,0.0,1.0
2fab98e2-e6d3-4249-8086-e392cd82d1e4,1650.0,1650.0,0.0,1650.0,1650.0,0.0,0.0,0.0,1.0
2fb92f32-69d8-4bfc-a5eb-ea9cb1a0121d,37900.0,37900.0,0.0,37900.0,37900.0,0.0,0.0,0.0,1.0
2fc75601-bf24-40a5-9855-192196e1dbe7,17900.0,17900.0,0.0,17900.0,17900.0,0.0,0.0,0.0,1.0
2fdb7eff-b718-4466-a3a2-8dd496e5b33d,1795.0,1795.0,0.0,1795.0,1795.0,0.0,0.0,0.0,1.0
2fe18c6b-9116-4a0d-a0d4-5c61bbf9d542,1350.0,1350.0,0.0,1350.0,1350.0,0.0,0.0,0.0,1.0
2fe3aa00-fd71-411a-8680-dc85ed84ec7c,2950.0,2950.0,0.0,2950.0,2950.0,0.0,0.0,0.0,1.0
2fe5f27b-6995-41e6-a4c7-8e83f2f7f802,1995.0,1995.0,0.0,1995.0,1995.0,0.0,0.0,0.0,1.0
2fefc22c-c95a-4a27-ae70-61a66f6358b8,2395.0,2395.0,0.0,2395.0,2395.0,0.0,0.0,0.0,1.0
2ff1956e-94de-4342-83bd-b44c0813f744,9500.0,9500.0,0.0,9500.0,9500.0,0.0,0.0,0.0,1.0
2ff24d25-478d-4269-b8bc-13a6cd56ceec,1095.0,1095.0,0.0,1095.0,1095.0,0.0,0.0,0.0,1.0
2ff62443-91c2-47af-9cd7-483d82ce6d08,895.0,895.0,0.0,895.0,895.0,0.0,0.0,0.0,1.0
2ffbde04-0c1c-4e36-92ec-2b217113ccfc,49900.0,49900.0,0.0,49900.0,49900.0,0.0,0.0,0.0,1.0
30141d54-a606-48a7-82d8-30e0bc8e82bd,425.0,425.0,0.0,425.0,425.0,0.0,0.0,0.0,1.0
301ae5cc-77cb-41b2-aba6-f1e7ad993d37,595.0,595.0,0.0,595.0,595.0,0.0,0.0,0.0,1.0
30209201-5d7d-4a54-bf8f-201b75f1cc71,2195.0,2195.0,0.0,2195.0,2195.0,0.0,0.0,0.0,1.0
30247e49-2b9c-439a-9094-0f130b48fb4d,4560.0,4560.0,0.0,4560.0,4560.0,0.0,0.0,0.0,1.0
30262d82-5b39-4632-9935-7909b20c219f,11900.0,11900.0,0.0,11900.0,11900.0,0.0,0.0,0.0,1.0
302f4adf-55d4-4218-9d0b-37d48c8dc83a,2395.0,2395.0,0.0,2395.0,2395.0,0.0,0.0,0.0,1.0
3036d0d7-81e3-4fd9-9550-ae6157faa138,4395.0,4395.0,0.0,4395.0,4395.0,0.0,0.0,0.0,1.0
303c4b6a-6587-47a7-9f6b-09a0e46f30d5,2895.0,2895.0,0.0,2895.0,2895.0,0.0,0.0,0.0,1.0
303fa550-ec64-4db8-aa3a-0d5d939f2d5f,1990.0,1990.0,0.0,1990.0,1990.0,0.0,0.0,0.0,1.0
304121d2-fd25-48bd-8f9d-57b7dfce5f00,4495.0,4495.0,0.0,4495.0,4495.0,0.0,0.0,0.0,1.0
30449ffb-d33b-4593-b27c-4059fd49a6c8,4195.0,4195.0,0.0,4195.0,4195.0,0.0,0.0,0.0,1.0
304cedd6-d86e-4999-938c-e07b675d7377,50.0,50.0,0.0,50.0,50.0,0.0,0.0,0.0,1.0
304cf49d-9ab4-4839-99a2-fd123e020c72,145.0,145.0,0.0,145.0,145.0,0.0,0.0,0.0,1.0
3050c070-515f-40e1-91de-7090273bc4fb,3995.0,3995.0,0.0,3995.0,3995.0,0.0,0.0,0.0,1.0
30650771-c2c0-4b71-a76b-d174b4b1a39e,15900.0,15900.0,0.0,15900.0,15900.0,0.0,0.0,0.0,1.0
3065affe-37fe-4d0c-8133-0265370e253a,13900.0,13900.0,0.0,13900.0,13900.0,0.0,0.0,0.0,1.0
306a3b2e-a751-4933-8fd5-b371a949c4d8,3795.0,3795.0,0.0,3795.0,3795.0,0.0,0.0,0.0,1.0
3073f104-18a4-4737-be61-6147b0048011,5900.0,5900.0,0.0,5900.0,5900.0,0.0,0.0,0.0,1.0
307487fb-07de-484c-b1f9-43cd0c12b5b5,2900.0,2900.0,0.0,2900.0,2900.0,0.0,0.0,0.0,1.0
30779280-ba31-49b8-8b10-55dd32055b1a,9900.0,9900.0,0.0,9900.0,9900.0,0.0,0.0,0.0,1.0
307db1f5-18b0-4f2e-a693-e1b512b15379,15900.0,15900.0,0.0,15900.0,15900.0,0.0,0.0,0.0,1.0
307e34f5-0868-43ae-a705-5f850edf90d7,10900.0,10900.0,0.0,10900.0,10900.0,0.0,0.0,0.0,1.0
3081442a-86d3-4dc8-9d9a-824776e384c2,115.0,115.0,0.0,115.0,115.0,0.0,0.0,0.0,1.0
3083ee4c-8067-4398-831e-a3933f7e3535,2700.0,2700.0,0.0,2700.0,2700.0,0.0,0.0,0.0,1.0
3084fb3f-1720-4626-a86d-a03e89078d1e,9900.0,9900.0,0.0,9900.0,9900.0,0.0,0.0,0.0,1.0
308900be-efff-4e18-b870-aa8599baf836,13500.0,13500.0,0.0,13500.0,13500.0,0.0,0.0,0.0,1.0
3090c31d-0acc-42c0-9b3a-0eecea6411e8,990.0,990.0,0.0,990.0,990.0,0.0,0.0,0.0,1.0
30962532-11b9-4194-bc70-963bf7817588,2850.0,2850.0,0.0,2850.0,2850.0,0.0,0.0,0.0,1.0
309f3993-eb79-4e95-b2b7-b2a4ab7befc9,695.0,695.0,0.0,695.0,695.0,0.0,0.0,0.0,1.0
30a9806c-d51a-4d52-ad86-4a22d2a787e6,645.0,645.0,0.0,645.0,645.0,0.0,0.0,0.0,1.0
30b5157f-4f5f-472b-9e2c-9fbfa8a3af40,995.0,995.0,0.0,995.0,995.0,0.0,0.0,0.0,1.0
30b7e5e3-b4ba-45bf-b19e-911cc01fe632,17900.0,17900.0,0.0,17900.0,17900.0,0.0,0.0,0.0,1.0
30b8ebcf-aa41-43d0-a263-05e8531dfe52,13900.0,13900.0,0.0,13900.0,13900.0,0.0,0.0,0.0,1.0
30c51876-7c31-4ae4-803a-46f4229d2e55,4695.0,4695.0,0.0,4695.0,4695.0,0.0,0.0,0.0,1.0
30cb8895-917b-4ef2-ae99-25df7064bb4d,49900.0,49900.0,0.0,49900.0,49900.0,0.0,0.0,0.0,1.0
30ccac93-2b82-496d-9ec9-feaf7cd4775e,1850.0,1850.0,0.0,1850.0,1850.0,0.0,0.0,0.0,1.0
30cf7571-53e9-4640-93e2-ccd14da71b3f,3995.0,3995.0,0.0,3995.0,3995.0,0.0,0.0,0.0,1.0
30d4012d-c83c-419b-9ecb-f4fb5ef3fca9,215.0,215.0,0.0,215.0,215.0,0.0,0.0,0.0,1.0
30d48a0b-dce3-41cf-8162-611eb151f95d,260.0,260.0,0.0,260.0,260.0,0.0,0.0,0.0,1.0
30db69d7-3291-4498-a716-09735f13adae,14900.0,14900.0,0.0,14900.0,14900.0,0.0,0.0,0.0,1.0
30e6f9e7-eb5c-4e7b-92b1-dc92099af007,3999.0,3999.0,0.0,3999.0,3999.0,0.0,0.0,0.0,1.0
30f267b4-e24e-42b2-8aac-59af1da5e105,31900.0,31900.0,0.0,31900.0,31900.0,0.0,0.0,0.0,1.0
30fd27ea-454a-47f3-940d-db49e9d98685,1395.0,1395.0,0.0,1395.0,1395.0,0.0,0.0,0.0,1.0
3101394d-5156-4aa1-a762-70000e0b38ce,1250.0,1250.0,0.0,1250.0,1250.0,0.0,0.0,0.0,1.0
310652f5-1acb-4e60-9891-ebbcfcfa844b,1395.0,1395.0,0.0,1395.0,1395.0,0.0,0.0,0.0,1.0
3108060a-350b-4e19-b7a8-d203a066ceac,1295.0,1295.0,0.0,1295.0,1295.0,0.0,0.0,0.0,1.0
3112e5a4-cd25-4ccc-a9ba-d1d785a2e26a,1535.0,1535.0,0.0,1535.0,1535.0,0.0,0.0,0.0,1.0
31182c6d-1d54-4511-863b-71c66a346a75,7995.0,7995.0,0.0,7995.0,7995.0,0.0,0.0,0.0,1.0
311d254e-9843-4a07-962e-8cdb912322fd,42000.0,42000.0,0.0,42000.0,42000.0,0.0,0.0,0.0,1.0
311faed7-160d-4768-9ebf-3cf131d536b6,2895.0,2895.0,0.0,2895.0,2895.0,0.0,0.0,0.0,1.0
312bcf19-79b1-4e8d-9897-86d0dd87e431,395.0,395.0,0.0,395.0,395.0,0.0,0.0,0.0,1.0
3133d7f8-342f-43cb-8732-722a026c02b3,2895.0,2895.0,0.0,2895.0,2895.0,0.0,0.0,0.0,1.0
31353a2b-23a6-4e12-a6e2-8e7aaf49705a,2030.0,2030.0,0.0,2030.0,2030.0,0.0,0.0,0.0,1.0
313725d6-3e0b-46b7-81a0-7795d59b0c75,2800.0,2800.0,0.0,2800.0,2800.0,0.0,0.0,0.0,1.0
313db67f-5675-411a-a7c7-1e35ad5430d5,2800.0,2800.0,0.0,2800.0,2800.0,0.0,0.0,0.0,1.0
31516a2b-87ae-4895-8675-b14503bba742,545.0,545.0,0.0,545.0,545.0,0.0,0.0,0.0,1.0
315fb08d-8215-46b5-ab9a-36fc5aade3c8,5495.0,5495.0,0.0,5495.0,5495.0,0.0,0.0,0.0,1.0
31609a97-2b15-45a4-aba0-8f7c7f1dd96a,2295.0,2295.0,0.0,2295.0,2295.0,0.0,0.0,0.0,1.0
31756c75-4296-46f0-b0eb-05cbe246a002,930.0,930.0,0.0,930.0,930.0,0.0,0.0,0.0,1.0
31783e3c-9d9b-42cd-9da0-7ca6e212fcee,296.0,296.0,0.0,296.0,296.0,0.0,0.0,0.0,1.0
3183e932-3622-4ab0-a639-81a669c6cd9a,23900.0,23900.0,0.0,23900.0,23900.0,0.0,0.0,0.0,1.0
318c5860-1032-4608-abcc-794212ed7779,19900.0,19900.0,0.0,19900.0,19900.0,0.0,0.0,0.0,1.0
31962fac-6c14-4d59-a7a8-44dfc528f723,2925.0,2925.0,0.0,2925.0,2925.0,0.0,0.0,0.0,1.0
3197bd8a-eef4-485b-80b8-ac3c3eb030fa,995.0,995.0,0.0,995.0,995.0,0.0,0.0,0.0,1.0
319b7cb8-a836-47e7-9169-d87d8b4c2c7d,1595.0,1595.0,0.0,1595.0,1595.0,0.0,0.0,0.0,1.0
319ec587-6eba-4ac4-949f-4499ae4b39c8,625.0,625.0,0.0,625.0,625.0,0.0,0.0,0.0,1.0
31a6a51a-0681-4765-b555-6ffe47786844,155.0,155.0,0.0,155.0,155.0,0.0,0.0,0.0,1.0
31ad5904-92bc-412d-b8e2-9ae2bef1a109,3995.0,3995.0,0.0,3995.0,3995.0,0.0,0.0,0.0,1.0
31afccc5-78f0-45d0-9a42-32a16b88908a,13900.0,13900.0,0.0,13900.0,13900.0,0.0,0.0,0.0,1.0
31b01ad4-a26f-43e4-9310-29f3f3b8a34a,38900.0,38900.0,0.0,38900.0,38900.0,0.0,0.0,0.0,1.0
31b0db4d-4e9e-4cdc-ac5e-d60554cf620a,1750.0,1750.0,0.0,1750.0,1750.0,0.0,0.0,0.0,1.0
31b8241d-9d94-4714-9774-829bce3b059a,9800.0,9800.0,0.0,9800.0,9800.0,0.0,0.0,0.0,1.0
31c02425-94ef-4c81-a831-7e10f257f9fb,1895.0,1895.0,0.0,1895.0,1895.0,0.0,0.0,0.0,1.0
31c33740-9676-427b-9c8f-f70a2e37605a,31900.0,31900.0,0.0,31900.0,31900.0,0.0,0.0,0.0,1.0
31cd07db-845d-4f52-9f17-4fad76224e8b,917.0,917.0,0.0,917.0,917.0,0.0,0.0,0.0,1.0
31d60a91-ee7f-452f-aace-a541006a2e23,775.0,775.0,0.0,775.0,775.0,0.0,0.0,0.0,1.0
31dff4eb-d161-4947-aaf3-d399c79d5690,4000.0,4000.0,0.0,4000.0,4000.0,0.0,0.0,0.0,1.0
31e24190-4362-4013-b301-3b19aa4724e8,7695.0,7695.0,0.0,7695.0,7695.0,0.0,0.0,0.0,1.0
31ed6652-ed15-4e27-93d8-40d7044db9ad,1685.0,1685.0,0.0,1685.0,1685.0,0.0,0.0,0.0,1.0
31f2c252-e140-46fd-a8af-7c051d74cfad,545.0,545.0,0.0,545.0,545.0,0.0,0.0,0.0,1.0
31f96b5b-f477-473b-9da0-6f281e9adf88,445.0,445.0,0.0,445.0,445.0,0.0,0.0,0.0,1.0
31fcd683-1206-40b5-b446-ec2d67c32297,14900.0,14900.0,0.0,14900.0,14900.0,0.0,0.0,0.0,1.0
31ff22df-d35f-4ed2-bbbf-31b1ba36d146,845.0,845.0,0.0,845.0,845.0,0.0,0.0,0.0,1.0
32018634-fcb5-424b-9025-f76688d749aa,4440.0,4440.0,0.0,4440.0,4440.0,0.0,0.0,0.0,1.0
320885c3-a02c-4e77-b799-3e75ccd77191,2380.0,2380.0,0.0,2380.0,2380.0,0.0,0.0,0.0,1.0
3223e3a4-cb07-4828-9604-fd139c0a3b5a,1530.0,1530.0,0.0,1530.0,1530.0,0.0,0.0,0.0,1.0
322a3522-3001-4c7b-812e-38d7e27914c5,5500.0,5500.0,0.0,5500.0,5500.0,0.0,0.0,0.0,1.0
3236547d-6673-4dd0-84ba-2c9750b30354,845.0,845.0,0.0,845.0,845.0,0.0,0.0,0.0,1.0
323b5d9e-72c1-44f5-9fe4-b134c7b932ec,159.0,159.0,0.0,159.0,159.0,0.0,0.0,0.0,1.0
32582857-1974-4711-8679-280bd724a1e3,150.0,150.0,0.0,150.0,150.0,0.0,0.0,0.0,1.0
3259f20b-c8e2-45bc-b583-65ce8511603e,1800.0,1800.0,0.0,1800.0,1800.0,0.0,0.0,0.0,1.0
3267f3f4-1010-4e92-870e-af300f981813,2500.0,2500.0,0.0,2500.0,2500.0,0.0,0.0,0.0,1.0
32693b7e-d5bb-4342-809f-64424f2f26d6,395.0,395.0,0.0,395.0,395.0,0.0,0.0,0.0,1.0
326d80b6-762b-4cbf-9955-d296e1cd2251,2795.0,2795.0,0.0,2795.0,2795.0,0.0,0.0,0.0,1.0
32719d97-3fd3-4c37-8f46-33db34a81436,27900.0,27900.0,0.0,27900.0,27900.0,0.0,0.0,0.0,1.0
3271c46d-fd84-4c6a-ad99-972e62e4e014,2395.0,2395.0,0.0,2395.0,2395.0,0.0,0.0,0.0,1.0
327b2250-d44b-4e76-bd27-796764e398f0,10900.0,10900.0,0.0,10900.0,10900.0,0.0,0.0,0.0,1.0
3280b83d-36bd-400c-a074-a0665e4db05e,10900.0,10900.0,0.0,10900.0,10900.0,0.0,0.0,0.0,1.0
3288160e-c1ea-4a51-945e-b7d84ccf337d,2795.0,2795.0,0.0,2795.0,2795.0,0.0,0.0,0.0,1.0
328e0187-b50f-4edc-95d0-90f99760e21a,18900.0,18900.0,0.0,18900.0,18900.0,0.0,0.0,0.0,1.0
328f4fb4-d983-4e4c-93db-50d61d950973,845.0,845.0,0.0,845.0,845.0,0.0,0.0,0.0,1.0
32913afa-fc37-423d-99da-d29e534f550d,2899.0,2899.0,0.0,2899.0,2899.0,0.0,0.0,0.0,1.0
32915d01-5f17-4545-91c6-b366f36ee2b4,1295.0,1295.0,0.0,1295.0,1295.0,0.0,0.0,0.0,1.0
32986432-74a7-450e-8b2d-e13efc728733,8495.0,8495.0,0.0,8495.0,8495.0,0.0,0.0,0.0,1.0
329bba35-fbf5-4d65-91fc-8473c608f6f5,3080.0,3080.0,0.0,3080.0,3080.0,0.0,0.0,0.0,1.0
329e2014-0465-49da-b4c8-9ed14ba5092a,1095.0,1095.0,0.0,1095.0,1095.0,0.0,0.0,0.0,1.0
32a09c60-6755-4d52-b485-606984f81c7b,1845.0,1845.0,0.0,1845.0,1845.0,0.0,0.0,0.0,1.0
32a15df1-0d8b-4fc3-9a69-b8084d5629bc,4900.0,4900.0,0.0,4900.0,4900.0,0.0,0.0,0.0,1.0
32c215b6-b67e-45b7-a4d8-a83886b7a3d3,140.0,140.0,0.0,140.0,140.0,0.0,0.0,0.0,1.0
32c4b776-4e8c-45e3-b021-c60fc3e4fe35,645.0,645.0,0.0,645.0,645.0,0.0,0.0,0.0,1.0
32dc9777-e8de-46e0-b72d-48d86627e427,395.0,395.0,0.0,395.0,395.0,0.0,0.0,0.0,1.0
33026a32-cde8-44e9-bde6-3d2015014ce2,10900.0,10900.0,0.0,10900.0,10900.0,0.0,0.0,0.0,1.0
3313c5e9-b423-4204-a92a-6ce0a440d94c,2950.0,2950.0,0.0,2950.0,2950.0,0.0,0.0,0.0,1.0
3318e0d0-e455-4f20-b577-89b5c44ae37c,5900.0,5900.0,0.0,5900.0,5900.0,0.0,0.0,0.0,1.0
33213fed-5ae5-4b41-be67-3f802582030f,2745.0,2745.0,0.0,2745.0,2745.0,0.0,0.0,0.0,1.0
33374682-92fc-4ee2-a0da-76620ec8fcd3,1495.0,1495.0,0.0,1495.0,1495.0,0.0,0.0,0.0,1.0
333aa0ea-5f95-4209-a89c-3e7bccb6f98e,1950.0,1950.0,0.0,1950.0,1950.0,0.0,0.0,0.0,1.0
333bb693-25c8-4e3a-8ade-3346b0991cf5,1375.0,1375.0,0.0,1375.0,1375.0,0.0,0.0,0.0,1.0
33485816-bd66-4044-a08e-47e9e2d6de49,4295.0,4295.0,0.0,4295.0,4295.0,0.0,0.0,0.0,1.0
334a9335-8f43-4a54-b8bc-b48018a89dcb,2200.0,2200.0,0.0,2200.0,2200.0,0.0,0.0,0.0,1.0
33510feb-f46a-40b6-a353-8641e25771e6,845.0,845.0,0.0,845.0,845.0,0.0,0.0,0.0,1.0
3354b540-60e9-4933-9366-510dbc1d53a7,3495.0,3495.0,0.0,3495.0,3495.0,0.0,0.0,0.0,1.0
3370227f-1744-4fea-9a75-992825d1e2e8,3595.0,3595.0,0.0,3595.0,3595.0,0.0,0.0,0.0,1.0
3387715d-3ff5-4321-b387-ba71dff90433,11900.0,11900.0,0.0,11900.0,11900.0,0.0,0.0,0.0,1.0
3389106d-3f4e-4bd1-8fa3-465f91aa843d,6995.0,6995.0,0.0,6995.0,6995.0,0.0,0.0,0.0,1.0
3396ab14-2a23-496e-ad1d-04556beff818,3995.0,3995.0,0.0,3995.0,3995.0,0.0,0.0,0.0,1.0
339ab48b-fb5f-4ae4-ae53-71ec3147cade,12900.0,12900.0,0.0,12900.0,12900.0,0.0,0.0,0.0,1.0
33a3aa05-92cf-4caf-8aef-399633ab41cd,595.0,595.0,0.0,595.0,595.0,0.0,0.0,0.0,1.0
33b32893-1fb6-4f42-8aed-21b5ba95307e,3599.0,3599.0,0.0,3599.0,3599.0,0.0,0.0,0.0,1.0
33cb2975-2be7-475b-87fa-f19a871348c1,4070.0,4070.0,0.0,4070.0,4070.0,0.0,0.0,0.0,1.0
33cf254b-d47c-49c3-8bbd-adfe2091f093,745.0,745.0,0.0,745.0,745.0,0.0,0.0,0.0,1.0
33d53ded-45f3-41df-a3b7-2a2c59dbfcfe,1195.0,1195.0,0.0,1195.0,1195.0,0.0,0.0,0.0,1.0
33d8b0fc-9e1c-4829-bcab-a4eb2019885e,2900.0,2900.0,0.0,2900.0,2900.0,0.0,0.0,0.0,1.0
33d99de4-6e5b-4a7b-a60b-01425dadb15b,795.0,795.0,0.0,795.0,795.0,0.0,0.0,0.0,1.0
33ddf9b2-9798-4439-ac99-7fbe9b7f1313,1095.0,1095.0,0.0,1095.0,1095.0,0.0,0.0,0.0,1.0
33e1d54e-96ad-47fc-96f2-f94e51fafe63,19900.0,19900.0,0.0,19900.0,19900.0,0.0,0.0,0.0,1.0
33e336b2-85d4-44c9-90da-bb9549a87bd5,2445.0,2445.0,0.0,2445.0,2445.0,0.0,0.0,0.0,1.0
33ee457d-5c39-4df0-a48d-c45551d0b9d0,1695.0,1695.0,0.0,1695.0,1695.0,0.0,0.0,0.0,1.0
33ef55b4-b6ee-474a-9a52-7e9077fbec8c,2850.0,2850.0,0.0,2850.0,2850.0,0.0,0.0,0.0,1.0
33ffa9e8-d96f-4ab8-98b5-4a911b3b6233,22900.0,22900.0,0.0,22900.0,22900.0,0.0,0.0,0.0,1.0
3408a5ef-6d62-473e-aba8-cee70f4470dc,1500.0,1500.0,0.0,1500.0,1500.0,0.0,0.0,0.0,1.0
341490df-b421-4b88-8880-a3fd702c2add,5140.0,5140.0,0.0,5140.0,5140.0,0.0,0.0,0.0,1.0
34183a76-b93f-4558-b85c-6169c29794dc,3895.0,3895.0,0.0,3895.0,3895.0,0.0,0.0,0.0,1.0
3423dcb0-2f69-4596-8a66-86f3c7abd45c,11900.0,11900.0,0.0,11900.0,11900.0,0.0,0.0,0.0,1.0
343c8b03-5a4a-4dcb-9267-43833c9c9707,2195.0,2195.0,0.0,2195.0,2195.0,0.0,0.0,0.0,1.0
343f50dd-1d21-45ad-aa03-40f2f793f900,1795.0,1795.0,0.0,1795.0,1795.0,0.0,0.0,0.0,1.0
344650ab-91b0-4fae-b991-ee3881ade919,399.0,399.0,0.0,399.0,399.0,0.0,0.0,0.0,1.0
34557f23-f6ea-4bf3-9c4f-a8abf3d06431,845.0,845.0,0.0,845.0,845.0,0.0,0.0,0.0,1.0
346b2a8b-bad6-4b0d-aaf3-399df1eb8689,9900.0,9900.0,0.0,9900.0,9900.0,0.0,0.0,0.0,1.0
347023c9-17e4-4f8a-8216-30124479c6da,2900.0,2900.0,0.0,2900.0,2900.0,0.0,0.0,0.0,1.0
3472732d-6b10-4263-915a-f86cc727d87d,2395.0,2395.0,0.0,2395.0,2395.0,0.0,0.0,0.0,1.0
3474d0be-d7b6-4f86-a5af-2b5037ea2de5,5295.0,5295.0,0.0,5295.0,5295.0,0.0,0.0,0.0,1.0
347be751-b5ed-4e12-913d-0ed1311696a3,3995.0,3995.0,0.0,3995.0,3995.0,0.0,0.0,0.0,1.0
347f0edc-b8de-4af4-adcd-f7b82ae91384,25900.0,25900.0,0.0,25900.0,25900.0,0.0,0.0,0.0,1.0
3481a298-2c93-4cfd-beb2-0996870e3235,17900.0,17900.0,0.0,17900.0,17900.0,0.0,0.0,0.0,1.0
3481d32c-c3a3-43a0-ac62-5af1515363c0,695.0,695.0,0.0,695.0,695.0,0.0,0.0,0.0,1.0
3491cc7f-bcf0-413d-b5c1-a6344fd32009,2900.0,2900.0,0.0,2900.0,2900.0,0.0,0.0,0.0,1.0
3492c7a8-f0ae-4b4e-bc64-bc454fb89944,69900.0,69900.0,0.0,69900.0,69900.0,0.0,0.0,0.0,1.0
34a1ff16-2d9d-4816-9212-ebd351e7581b,6495.0,6495.0,0.0,6495.0,6495.0,0.0,0.0,0.0,1.0
34a457f2-4a66-43d3-aa88-0da101e6059f,4070.0,4070.0,0.0,4070.0,4070.0,0.0,0.0,0.0,1.0
34a5b728-f058-4cfc-94ff-1ea1d2920db6,3595.0,3595.0,0.0,3595.0,3595.0,0.0,0.0,0.0,1.0
34a861a1-cd51-4b36-9bb3-b6e8f5db8adf,935.0,935.0,0.0,935.0,935.0,0.0,0.0,0.0,1.0
34abf859-1a14-47de-abe5-db5ed1ac1898,1850.0,1850.0,0.0,1850.0,1850.0,0.0,0.0,0.0,1.0
34afa1b0-6b96-466a-aa9f-ecd38886f818,1245.0,1245.0,0.0,1245.0,1245.0,0.0,0.0,0.0,1.0
34afa2f1-93a4-4d7b-9a62-27b9fd13c0f1,1657.0,1657.0,0.0,1657.0,1657.0,0.0,0.0,0.0,1.0
34b5775d-7854-47c3-8978-511f74c449c4,3000.0,3000.0,0.0,3000.0,3000.0,0.0,0.0,0.0,1.0
34b62d10-7acc-44d6-b4e7-c81d215f2da8,1995.0,1995.0,0.0,1995.0,1995.0,0.0,0.0,0.0,1.0
34b6b80a-140b-481f-8e2d-2ebe7685df10,1495.0,1495.0,0.0,1495.0,1495.0,0.0,0.0,0.0,1.0
34cab917-cd41-4e68-97ff-4f829497c24b,1650.0,1650.0,0.0,1650.0,1650.0,0.0,0.0,0.0,1.0
34cf7082-16cc-47de-88ee-6ea1081722f5,1595.0,1595.0,0.0,1595.0,1595.0,0.0,0.0,0.0,1.0
34d8241c-305c-4669-bf69-3101d2bd4d04,34900.0,34900.0,0.0,34900.0,34900.0,0.0,0.0,0.0,1.0
34f3baa9-11ec-4cd8-b9f0-f0829abeb6b6,9900.0,9900.0,0.0,9900.0,9900.0,0.0,0.0,0.0,1.0
3502c6cd-0ac0-4b71-9059-e8f3db2a47d5,6000.0,6000.0,0.0,6000.0,6000.0,0.0,0.0,0.0,1.0
350a32b9-ae08-47ea-9bbe-819eafb31305,4740.0,4740.0,0.0,4740.0,4740.0,0.0,0.0,0.0,1.0
3510d3b8-c82e-4440-8307-2cbc88d321ab,945.0,945.0,0.0,945.0,945.0,0.0,0.0,0.0,1.0
35172d46-c1ae-4ffd-ab16-2e704fde77c6,995.0,995.0,0.0,995.0,995.0,0.0,0.0,0.0,1.0
351bef2d-0d06-4547-827f-af5d6573c243,1020.0,1020.0,0.0,1020.0,1020.0,0.0,0.0,0.0,1.0
351df70c-aef9-4826-8827-3bbeb7fc9047,1795.0,1795.0,0.0,1795.0,1795.0,0.0,0.0,0.0,1.0
351ead61-e521-4c2b-a9b5-2e2fa436336c,11900.0,11900.0,0.0,11900.0,11900.0,0.0,0.0,0.0,1.0
351eb7d4-4df5-4227-a17a-700737a3e59a,1495.0,1495.0,0.0,1495.0,1495.0,0.0,0.0,0.0,1.0
3521a7f8-c155-4a4c-b775-8f0331c8a809,3395.0,3395.0,0.0,3395.0,3395.0,0.0,0.0,0.0,1.0
3541c47a-aa14-41e2-bd7d-c9ba73e789af,2850.0,2850.0,0.0,2850.0,2850.0,0.0,0.0,0.0,1.0
357f3028-7868-497d-875c-6d2c23de00fa,4795.0,4795.0,0.0,4795.0,4795.0,0.0,0.0,0.0,1.0
357fc56c-1470-4d81-bce2-e36562286e1f,18900.0,18900.0,0.0,18900.0,18900.0,0.0,0.0,0.0,1.0
35818177-b29d-4d1e-8905-e88546601e34,1395.0,1395.0,0.0,1395.0,1395.0,0.0,0.0,0.0,1.0
3592f5e4-b99d-4131-a569-55d3b26fb666,14900.0,14900.0,0.0,14900.0,14900.0,0.0,0.0,0.0,1.0
359403d4-fe4f-4ef6-bf96-48d3f4ac1de3,3995.0,3995.0,0.0,3995.0,3995.0,0.0,0.0,0.0,1.0
359e7263-4846-4a8a-8649-17c84ce74707,12900.0,12900.0,0.0,12900.0,12900.0,0.0,0.0,0.0,1.0
35a56d67-4fe3-47e8-931b-e6d99a1d66ff,26900.0,26900.0,0.0,26900.0,26900.0,0.0,0.0,0.0,1.0
35a70367-85dc-43a6-bd8f-48f9b81fd296,5499.0,5499.0,0.0,5499.0,5499.0,0.0,0.0,0.0,1.0
35b4de84-c8d7-43fc-87b4-1e9f8b8d15e0,1095.0,1095.0,0.0,1095.0,1095.0,0.0,0.0,0.0,1.0
35b647ed-5ac5-44b1-83f4-60c9025aa435,5095.0,5095.0,0.0,5095.0,5095.0,0.0,0.0,0.0,1.0
35c8ad07-11c9-45b9-a675-64bbcc0a4c42,49900.0,49900.0,0.0,49900.0,49900.0,0.0,0.0,0.0,1.0
35ca9c6d-8272-4e3f-a925-07deeb5cb248,11900.0,11900.0,0.0,11900.0,11900.0,0.0,0.0,0.0,1.0
35d2beec-5b77-4bb2-9964-0d135753e2cc,275.0,275.0,0.0,275.0,275.0,0.0,0.0,0.0,1.0
35ec1541-8a0b-4e51-8f3d-6c5b1310aeda,565.0,565.0,0.0,565.0,565.0,0.0,0.0,0.0,1.0
35f46699-7ac9-4420-a6ad-d533e33d90a6,895.0,895.0,0.0,895.0,895.0,0.0,0.0,0.0,1.0
36099d82-f24e-42f5-9b0c-20c87c37df66,545.0,545.0,0.0,545.0,545.0,0.0,0.0,0.0,1.0
3631aee9-5c7f-4d81-9fc0-ca7a30338baa,3399.0,3399.0,0.0,3399.0,3399.0,0.0,0.0,0.0,1.0
36322ba0-ac75-4bad-aa8b-614285a56451,4495.0,4495.0,0.0,4495.0,4495.0,0.0,0.0,0.0,1.0
363ad920-27b0-45d9-ba4a-f57a9b0c6a96,5990.0,5990.0,0.0,5990.0,5990.0,0.0,0.0,0.0,1.0
3650eb93-e102-4563-84e8-a76352df49b5,945.0,945.0,0.0,945.0,945.0,0.0,0.0,0.0,1.0
3656c253-34f0-4405-8273-46c6fb08ea43,465.0,465.0,0.0,465.0,465.0,0.0,0.0,0.0,1.0
3659d0e0-c347-4f7e-a6b0-958e2a26ea22,4495.0,4495.0,0.0,4495.0,4495.0,0.0,0.0,0.0,1.0
365dbed8-bbd7-4ad9-af4a-e7383e7af666,17900.0,17900.0,0.0,17900.0,17900.0,0.0,0.0,0.0,1.0
3667e269-1f9c-4501-8ebf-c2d0075d2e78,1100.0,1100.0,0.0,1100.0,1100.0,0.0,0.0,0.0,1.0
36682b8a-6f45-4ebb-9dc0-e060377a9b3d,995.0,995.0,0.0,995.0,995.0,0.0,0.0,0.0,1.0
36697530-0d6a-4202-b855-332380fd8457,1695.0,1695.0,0.0,1695.0,1695.0,0.0,0.0,0.0,1.0
366b249e-f7ac-4d14-ba3a-215a3bbc5a85,3720.0,3720.0,0.0,3720.0,3720.0,0.0,0.0,0.0,1.0
3678d676-8cdd-459b-b8b1-0c51cc70b386,3900.0,3900.0,0.0,3900.0,3900.0,0.0,0.0,0.0,1.0
36801472-8449-4790-a961-07b3b9500e52,1095.0,1095.0,0.0,1095.0,1095.0,0.0,0.0,0.0,1.0
368098ff-f579-4c99-a72f-1c8e80920fcd,3995.0,3995.0,0.0,3995.0,3995.0,0.0,0.0,0.0,1.0
36811c3c-2db4-481b-98cc-1428b564aba1,2995.0,2995.0,0.0,2995.0,2995.0,0.0,0.0,0.0,1.0
36835550-8e93-4d1e-a298-13f28e5ace5f,2500.0,2500.0,0.0,2500.0,2500.0,0.0,0.0,0.0,1.0
36999341-af20-4106-adb2-98e4da6115be,7495.0,7495.0,0.0,7495.0,7495.0,0.0,0.0,0.0,1.0
369afc19-035b-4749-b7bf-3dd7073fab86,4195.0,4195.0,0.0,4195.0,4195.0,0.0,0.0,0.0,1.0
36a0c764-b57e-4d64-ac62-ff51d60b2349,495.0,495.0,0.0,495.0,495.0,0.0,0.0,0.0,1.0
36ac77a1-d4c1-493f-aba2-9013b5561c31,5995.0,5995.0,0.0,5995.0,5995.0,0.0,0.0,0.0,1.0
36b5aa48-2285-4bd0-b9fa-71c1e7739f18,9500.0,9500.0,0.0,9500.0,9500.0,0.0,0.0,0.0,1.0
36b5e4a3-6d76-4529-b68c-c88e38bc6f62,20900.0,20900.0,0.0,20900.0,20900.0,0.0,0.0,0.0,1.0
36cb27c7-fe62-4c55-b53c-04e3722df37f,1650.0,1650.0,0.0,1650.0,1650.0,0.0,0.0,0.0,1.0
36d0ad33-2d4d-4c2a-90c2-7c6879edceac,2195.0,2195.0,0.0,2195.0,2195.0,0.0,0.0,0.0,1.0
36de5882-b37d-4976-baa9-a3d02396aae5,1245.0,1245.0,0.0,1245.0,1245.0,0.0,0.0,0.0,1.0
36dee93b-554d-4a1b-a798-23b56273b053,1295.0,1295.0,0.0,1295.0,1295.0,0.0,0.0,0.0,1.0
36e9f990-e048-4768-8618-19ea2ff693c8,750.0,750.0,0.0,750.0,750.0,0.0,0.0,0.0,1.0
36ea7eb4-9ce7-4f46-a17f-5dfd6da69e9d,3195.0,3195.0,0.0,3195.0,3195.0,0.0,0.0,0.0,1.0
36fb6872-e11a-4482-8278-ce22788198d2,565.0,565.0,0.0,565.0,565.0,0.0,0.0,0.0,1.0
370379fd-8882-4d44-b775-820c8a3a8df4,13900.0,13900.0,0.0,13900.0,13900.0,0.0,0.0,0.0,1.0
370fb1af-4689-48eb-a77f-ae65c198f479,19900.0,19900.0,0.0,19900.0,19900.0,0.0,0.0,0.0,1.0
3710507c-4065-43ab-8ba7-297084cdf97b,3900.0,3900.0,0.0,3900.0,3900.0,0.0,0.0,0.0,1.0
3716eab8-297d-40ba-8443-ab8cbff54598,13900.0,13900.0,0.0,13900.0,13900.0,0.0,0.0,0.0,1.0
371a0e92-7670-49b3-9cfb-28d0e317496b,345.0,345.0,0.0,345.0,345.0,0.0,0.0,0.0,1.0
3725420c-0d96-4289-a3c0-d74208ac7cda,1200.0,1200.0,0.0,1200.0,1200.0,0.0,0.0,0.0,1.0
3726df9d-a2b5-4a53-8a5d-9dd4af7e301b,15900.0,15900.0,0.0,15900.0,15900.0,0.0,0.0,0.0,1.0
3726e48d-fb0e-46c8-8998-9db96deed7c3,3110.0,3110.0,0.0,3110.0,3110.0,0.0,0.0,0.0,1.0
372d8c6b-e317-4edd-85d2-5ac233ff94a7,1095.0,1095.0,0.0,1095.0,1095.0,0.0,0.0,0.0,1.0
37386592-3a40-4dc0-a442-12190c7a02c7,2950.0,2950.0,0.0,2950.0,2950.0,0.0,0.0,0.0,1.0
3740d2fd-b312-439a-9e08-6ae0515d9f75,1800.0,1800.0,0.0,1800.0,1800.0,0.0,0.0,0.0,1.0
374752ae-d6e8-4335-a7c9-6c5317c877f4,3295.0,3295.0,0.0,3295.0,3295.0,0.0,0.0,0.0,1.0
374d40c9-6994-4e8b-9142-e49e27828e08,2195.0,2195.0,0.0,2195.0,2195.0,0.0,0.0,0.0,1.0
3752bfcb-6bb0-4bc9-9324-f4fd10f44592,2495.0,2495.0,0.0,2495.0,2495.0,0.0,0.0,0.0,1.0
375a1929-b0f1-487b-8aa9-5faee87ad6e7,5850.0,5850.0,0.0,5850.0,5850.0,0.0,0.0,0.0,1.0
375be833-57fc-4afb-adbc-83f836267938,3895.0,3895.0,0.0,3895.0,3895.0,0.0,0.0,0.0,1.0
375c461b-c396-4403-a5df-fb8029a93c4e,1999.0,1999.0,0.0,1999.0,1999.0,0.0,0.0,0.0,1.0
37766fdf-2196-4c8b-b661-a76432d17c3a,5250.0,5250.0,0.0,5250.0,5250.0,0.0,0.0,0.0,1.0
378858c0-d288-421b-aa33-9338d3455c85,15900.0,15900.0,0.0,15900.0,15900.0,0.0,0.0,0.0,1.0
378bbe11-1f29-4cdb-a885-1df66ce5988e,32900.0,32900.0,0.0,32900.0,32900.0,0.0,0.0,0.0,1.0
378f345e-c9bc-452d-a4cf-9cbe5c2056e2,2995.0,2995.0,0.0,2995.0,2995.0,0.0,0.0,0.0,1.0
378f7a34-aa5d-472c-a64a-d89148503acb,3395.0,3395.0,0.0,3395.0,3395.0,0.0,0.0,0.0,1.0
379135fc-697c-42d8-86ae-7d30f01076a5,11900.0,11900.0,0.0,11900.0,11900.0,0.0,0.0,0.0,1.0
37969c58-ceb5-4306-b813-3865f7eef2af,5695.0,5695.0,0.0,5695.0,5695.0,0.0,0.0,0.0,1.0
37982083-de79-4290-99fe-28e19dd86575,15900.0,15900.0,0.0,15900.0,15900.0,0.0,0.0,0.0,1.0
379c0150-0477-4914-893e-32bdfffb69fb,3700.0,3700.0,0.0,3700.0,3700.0,0.0,0.0,0.0,1.0
379ccdb8-8007-4868-bc0e-a4e0e9fd17a7,495.0,495.0,0.0,495.0,495.0,0.0,0.0,0.0,1.0
37beb2a4-1699-4192-a9fd-d4bee28b2a47,1695.0,1695.0,0.0,1695.0,1695.0,0.0,0.0,0.0,1.0
37bfe09c-ba74-4ab8-ba9b-85cbcc5b2039,2495.0,2495.0,0.0,2495.0,2495.0,0.0,0.0,0.0,1.0
37c0b0c8-f6f1-4c5a-8702-5d7f77bd4fcc,540.0,540.0,0.0,540.0,540.0,0.0,0.0,0.0,1.0
37c62cc2-e382-4c68-b1a8-f22d713491e6,255.0,255.0,0.0,255.0,255.0,0.0,0.0,0.0,1.0
37c9a40d-1269-41bb-a9de-71b4173d2da1,1195.0,1195.0,0.0,1195.0,1195.0,0.0,0.0,0.0,1.0
37caf97f-f56d-4b0f-8af4-9a6bb119468c,840.0,840.0,0.0,840.0,840.0,0.0,0.0,0.0,1.0
37cbe08a-ec7b-46b7-b0c8-ab980724b374,41900.0,41900.0,0.0,41900.0,41900.0,0.0,0.0,0.0,1.0
37d280ec-bfdf-4bfd-9bf5-cecd09dc426a,1995.0,1995.0,0.0,1995.0,1995.0,0.0,0.0,0.0,1.0
37d5f2f8-88b4-4d40-a2a3-bc038dffd764,12500.0,12500.0,0.0,12500.0,12500.0,0.0,0.0,0.0,1.0
37e3884d-932f-43a9-92a5-4b0853529126,745.0,745.0,0.0,745.0,745.0,0.0,0.0,0.0,1.0
37e4e2b9-23e0-4752-b676-1eef288777c0,24900.0,24900.0,0.0,24900.0,24900.0,0.0,0.0,0.0,1.0
37ea7759-be46-4fcd-a8fa-7b1bbeef1e63,4450.0,4450.0,0.0,4450.0,4450.0,0.0,0.0,0.0,1.0
37eb443c-7106-42d4-91ea-00de5c2def44,1295.0,1295.0,0.0,1295.0,1295.0,0.0,0.0,0.0,1.0
37eb54cb-9162-4505-ad83-cea0221d0d44,9000.0,9000.0,0.0,9000.0,9000.0,0.0,0.0,0.0,1.0
37ef8b04-eb65-4285-ab4b-5e87580671f7,10500.0,10500.0,0.0,10500.0,10500.0,0.0,0.0,0.0,1.0
37f17e94-4101-4ff5-9df3-8552b4546c44,850.0,850.0,0.0,850.0,850.0,0.0,0.0,0.0,1.0
37fbec79-1824-4f4f-91cf-7a0d1fb2856a,7900.0,7900.0,0.0,7900.0,7900.0,0.0,0.0,0.0,1.0
37fda57a-93cf-4517-81b6-ec9ef9785620,3699.0,3699.0,0.0,3699.0,3699.0,0.0,0.0,0.0,1.0
380cb017-0629-4e96-98c0-feac4c71ce6b,10900.0,10900.0,0.0,10900.0,10900.0,0.0,0.0,0.0,1.0
381bb393-4019-4147-bf61-a6ae117ddb80,3495.0,3495.0,0.0,3495.0,3495.0,0.0,0.0,0.0,1.0
3825f671-0a72-4994-9b10-b21467146532,2745.0,2745.0,0.0,2745.0,2745.0,0.0,0.0,0.0,1.0
38262c52-d13e-426c-b64a-001c669ea17d,49900.0,49900.0,0.0,49900.0,49900.0,0.0,0.0,0.0,1.0
38297dc9-fb8e-4046-b159-7eab159dbd50,12200.0,12200.0,0.0,12200.0,12200.0,0.0,0.0,0.0,1.0
3839d2c2-1695-4352-91bb-db276c8e65c1,3110.0,3110.0,0.0,3110.0,3110.0,0.0,0.0,0.0,1.0
383d7718-d4cf-4acf-815f-5a18f6f50035,895.0,895.0,0.0,895.0,895.0,0.0,0.0,0.0,1.0
3840c3c3-ebf6-4705-b2d5-729e5d8ca5a0,465.0,465.0,0.0,465.0,465.0,0.0,0.0,0.0,1.0
3846a318-c781-441f-b5d8-1034bed2bda6,10900.0,10900.0,0.0,10900.0,10900.0,0.0,0.0,0.0,1.0
3846ac38-131c-45c5-a465-0f4216bc9745,18900.0,18900.0,0.0,18900.0,18900.0,0.0,0.0,0.0,1.0
384ca72c-c513-4764-b7ed-a34c5ffee46d,1900.0,1900.0,0.0,1900.0,1900.0,0.0,0.0,0.0,1.0
3850da96-c68e-47db-b623-b8c24d7d9bf2,2695.0,2695.0,0.0,2695.0,2695.0,0.0,0.0,0.0,1.0
386c2174-d648-4b40-b481-520e3d5998c2,3995.0,3995.0,0.0,3995.0,3995.0,0.0,0.0,0.0,1.0
386d7b9c-4926-4113-914c-dd11d8cb42f7,13900.0,13900.0,0.0,13900.0,13900.0,0.0,0.0,0.0,1.0
3883eb69-4a96-49b1-90c5-df434a0e74ae,1995.0,1995.0,0.0,1995.0,1995.0,0.0,0.0,0.0,1.0
38841f53-8bef-4124-a93f-6304b930cf54,1845.0,1845.0,0.0,1845.0,1845.0,0.0,0.0,0.0,1.0
38887ddd-3ffd-4028-8787-0d04e8a6f9e5,2795.0,2795.0,0.0,2795.0,2795.0,0.0,0.0,0.0,1.0
388f47ea-fcd2-43b6-95f2-3c0f13bc2633,1095.0,1095.0,0.0,1095.0,1095.0,0.0,0.0,0.0,1.0
389626da-08eb-434c-b9b3-c2d173479231,14500.0,14500.0,0.0,14500.0,14500.0,0.0,0.0,0.0,1.0
389e0b22-27e7-4e8d-a8e8-73fd39a803e2,495.0,495.0,0.0,495.0,495.0,0.0,0.0,0.0,1.0
389ed3a6-d96b-4e9e-9fbd-2f537698ad84,4495.0,4495.0,0.0,4495.0,4495.0,0.0,0.0,0.0,1.0
38a38b86-ac75-494d-bb72-44db72b064b6,2195.0,2195.0,0.0,2195.0,2195.0,0.0,0.0,0.0,1.0
38acb836-5b22-4334-8c15-2337823a7656,1395.0,1395.0,0.0,1395.0,1395.0,0.0,0.0,0.0,1.0
38afbee1-5c21-4ad9-8ee1-1bb9a4cacbc1,895.0,895.0,0.0,895.0,895.0,0.0,0.0,0.0,1.0
38ba3090-cf6f-40f7-9f7a-846fb752f29c,2350.0,2350.0,0.0,2350.0,2350.0,0.0,0.0,0.0,1.0
38bae29f-f4de-4ef6-8429-80cccea93697,17900.0,17900.0,0.0,17900.0,17900.0,0.0,0.0,0.0,1.0
38c1dee4-3d22-4bb2-8e31-f89f80af9a37,4920.0,4920.0,0.0,4920.0,4920.0,0.0,0.0,0.0,1.0
38cabad4-0713-40e4-b8f7-b28aef1a264f,1695.0,1695.0,0.0,1695.0,1695.0,0.0,0.0,0.0,1.0
38cbc57e-5631-4319-b9f7-e182a7cfef2c,950.0,950.0,0.0,950.0,950.0,0.0,0.0,0.0,1.0
38cc641b-75d0-470f-94e7-116a706df2d9,7995.0,7995.0,0.0,7995.0,7995.0,0.0,0.0,0.0,1.0
38cda782-1729-4d00-b777-9c5111fb1dca,3995.0,3995.0,0.0,3995.0,3995.0,0.0,0.0,0.0,1.0
38ce1e35-4cfe-46dc-9964-7f9057527445,5495.0,5495.0,0.0,5495.0,5495.0,0.0,0.0,0.0,1.0
38d23fb1-b3c4-4f56-9705-2f5ede96afba,15900.0,15900.0,0.0,15900.0,15900.0,0.0,0.0,0.0,1.0
38fb510e-c9c3-4320-9ba2-454d23f7fa27,7500.0,7500.0,0.0,7500.0,7500.0,0.0,0.0,0.0,1.0
38fe8c1a-a894-4b92-a901-adc11deee4a4,1345.0,1345.0,0.0,1345.0,1345.0,0.0,0.0,0.0,1.0
390e3b6c-535b-4492-b62b-1fc8fc0f4feb,7095.0,7095.0,0.0,7095.0,7095.0,0.0,0.0,0.0,1.0
3915da37-3245-4d74-8fef-bdbb5d538c7c,5995.0,5995.0,0.0,5995.0,5995.0,0.0,0.0,0.0,1.0
391dc38e-2f64-43b5-b202-866bd7e0e5e8,11900.0,11900.0,0.0,11900.0,11900.0,0.0,0.0,0.0,1.0
391e02b9-22e7-490a-b589-e30271108561,46900.0,46900.0,0.0,46900.0,46900.0,0.0,0.0,0.0,1.0
3927c54d-fe5f-4b21-b79b-ed00c7ff8547,11500.0,11500.0,0.0,11500.0,11500.0,0.0,0.0,0.0,1.0
392b9199-9e4d-4b98-a8ca-4a12d64d3613,3990.0,3990.0,0.0,3990.0,3990.0,0.0,0.0,0.0,1.0
392ccec0-7f47-41fb-830c-a0db69f6cc70,6300.0,6300.0,0.0,6300.0,6300.0,0.0,0.0,0.0,1.0
39315520-7f48-48c6-858a-6870dc459eb5,16000.0,16000.0,0.0,16000.0,16000.0,0.0,0.0,0.0,1.0
39315c37-c512-41e5-ae07-bebc28aaa978,695.0,695.0,0.0,695.0,695.0,0.0,0.0,0.0,1.0
393a50de-957c-494b-93cb-03498bf7f2a1,8400.0,8400.0,0.0,8400.0,8400.0,0.0,0.0,0.0,1.0
394ae73d-a477-46dd-b53e-6d924e482afc,10500.0,10500.0,0.0,10500.0,10500.0,0.0,0.0,0.0,1.0
394b8c58-ca4d-43bc-864f-06d2889c63af,38900.0,38900.0,0.0,38900.0,38900.0,0.0,0.0,0.0,1.0
395aba7b-6756-47f8-9d89-ebb2447694bb,470.0,470.0,0.0,470.0,470.0,0.0,0.0,0.0,1.0
395d65b2-485d-40fe-b5b1-fd8a748d38f3,2995.0,2995.0,0.0,2995.0,2995.0,0.0,0.0,0.0,1.0
39628515-0b9d-4367-b55f-ed964edd9d49,2195.0,2195.0,0.0,2195.0,2195.0,0.0,0.0,0.0,1.0
39809e47-d644-4ffb-8f72-ca03a9a0a038,1595.0,1595.0,0.0,1595.0,1595.0,0.0,0.0,0.0,1.0
398a6315-cb99-42a2-aff5-6098ada1958d,395.0,395.0,0.0,395.0,395.0,0.0,0.0,0.0,1.0
39916665-1092-4276-bec5-c84b36c097ae,895.0,895.0,0.0,895.0,895.0,0.0,0.0,0.0,1.0
3991ce04-d0bc-41a4-aca6-6a2e9c0b6842,1495.0,1495.0,0.0,1495.0,1495.0,0.0,0.0,0.0,1.0
3997db25-6e1f-4d25-b7f0-e9c8d20c2271,2195.0,2195.0,0.0,2195.0,2195.0,0.0,0.0,0.0,1.0
3999a22b-a4bb-45e7-9067-2c317543977c,4900.0,4900.0,0.0,4900.0,4900.0,0.0,0.0,0.0,1.0
399c755b-f169-4348-984b-614c4d55013b,745.0,745.0,0.0,745.0,745.0,0.0,0.0,0.0,1.0
399f5a78-c666-4c56-8029-9cec31d6b63b,2195.0,2195.0,0.0,2195.0,2195.0,0.0,0.0,0.0,1.0
39a41bbd-d48b-4bde-9964-0b0f07e36035,390.0,390.0,0.0,390.0,390.0,0.0,0.0,0.0,1.0
39a8bd47-c054-49c2-b544-4669fcc6e638,3010.0,3010.0,0.0,3010.0,3010.0,0.0,0.0,0.0,1.0
39a96918-f756-4ab2-aa6e-6660aed7af01,2410.0,2410.0,0.0,2410.0,2410.0,0.0,0.0,0.0,1.0
39b843f4-cb9b-48e7-bf77-200e9a34a126,12900.0,12900.0,0.0,12900.0,12900.0,0.0,0.0,0.0,1.0
39bb4669-a1d1-472d-9026-cf379fc6b3ea,435.0,435.0,0.0,435.0,435.0,0.0,0.0,0.0,1.0
39be5f2f-ad58-40c9-ac7f-89e693378711,42900.0,42900.0,0.0,42900.0,42900.0,0.0,0.0,0.0,1.0
39c3754c-7a77-41a6-be6c-10f62a6248a9,1750.0,1750.0,0.0,1750.0,1750.0,0.0,0.0,0.0,1.0
39c3e791-e46e-4097-aae2-36dbb6de85be,7995.0,7995.0,0.0,7995.0,7995.0,0.0,0.0,0.0,1.0
39d76338-33f2-4a0a-a5e4-e2a0df79dda8,3720.0,3720.0,0.0,3720.0,3720.0,0.0,0.0,0.0,1.0
39da21c4-83a8-468f-b54e-fe5606387b7b,2000.0,2000.0,0.0,2000.0,2000.0,0.0,0.0,0.0,1.0
39dfe85f-d6e1-43f1-b913-07ac8027c002,1350.0,1350.0,0.0,1350.0,1350.0,0.0,0.0,0.0,1.0
39e57047-bbd8-4aaa-9dad-24224b2485e5,7495.0,7495.0,0.0,7495.0,7495.0,0.0,0.0,0.0,1.0
39ea63db-48e9-4e5e-b0b2-8b8cff88e479,7500.0,7500.0,0.0,7500.0,7500.0,0.0,0.0,0.0,1.0
39f0c690-859c-4307-8b4c-d477dcc814b3,1595.0,1595.0,0.0,1595.0,1595.0,0.0,0.0,0.0,1.0
39ff670b-64d8-4a7f-9fae-3d213a2a997f,199.0,199.0,0.0,199.0,199.0,0.0,0.0,0.0,1.0
3a0bb2a1-d61b-4df0-8b4a-8ad718f30a18,2295.0,2295.0,0.0,2295.0,2295.0,0.0,0.0,0.0,1.0
3a0caae3-ab7f-4bf9-a79e-40be7d65f876,2900.0,2900.0,0.0,2900.0,2900.0,0.0,0.0,0.0,1.0
3a104ef3-37a4-46c4-856c-cc64dbd609e1,1795.0,1795.0,0.0,1795.0,1795.0,0.0,0.0,0.0,1.0
3a14b5df-c9a1-469c-a2fc-56c223d8ea1e,4995.0,4995.0,0.0,4995.0,4995.0,0.0,0.0,0.0,1.0
3a19b7c6-97dc-4776-bf74-601006bef0b3,26900.0,26900.0,0.0,26900.0,26900.0,0.0,0.0,0.0,1.0
3a1ebd86-997d-49ad-9d32-f366d3bf1f70,7590.0,7590.0,0.0,7590.0,7590.0,0.0,0.0,0.0,1.0
3a24bcdc-ce4f-4694-9ab4-f1a1b7845dad,2295.0,2295.0,0.0,2295.0,2295.0,0.0,0.0,0.0,1.0
3a24c6da-9fba-4d5d-ade3-78e0da395637,685.0,685.0,0.0,685.0,685.0,0.0,0.0,0.0,1.0
3a2c198c-b51e-4e55-9b2a-3d743a5b0f42,799.0,799.0,0.0,799.0,799.0,0.0,0.0,0.0,1.0
3a2d9686-761c-4973-9357-4e3ee9be8a97,12900.0,12900.0,0.0,12900.0,12900.0,0.0,0.0,0.0,1.0
3a3709ad-a66e-4afb-a5de-0e0a0843bbeb,5495.0,5495.0,0.0,5495.0,5495.0,0.0,0.0,0.0,1.0
3a40ccfd-5684-4a1b-ab0d-9c899093231d,3400.0,3400.0,0.0,3400.0,3400.0,0.0,0.0,0.0,1.0
3a478026-fbdd-41e0-8db7-b0e76f4edc3c,3795.0,3795.0,0.0,3795.0,3795.0,0.0,0.0,0.0,1.0
3a4b9a77-7b50-4c5c-9275-1726f80bd403,47900.0,47900.0,0.0,47900.0,47900.0,0.0,0.0,0.0,1.0
3a53b0b6-a540-4020-9a2e-251b4678694c,1295.0,1295.0,0.0,1295.0,1295.0,0.0,0.0,0.0,1.0
3a5d241c-6369-4e40-befc-6ba896d7b295,13900.0,13900.0,0.0,13900.0,13900.0,0.0,0.0,0.0,1.0
3a76822e-0539-4b53-8054-c3267b345b25,5095.0,5095.0,0.0,5095.0,5095.0,0.0,0.0,0.0,1.0
3a7dcfee-6c1c-415a-a49b-8179e066edee,1895.0,1895.0,0.0,1895.0,1895.0,0.0,0.0,0.0,1.0
3a81b62f-4176-4887-96ab-9d5cae3cf915,895.0,895.0,0.0,895.0,895.0,0.0,0.0,0.0,1.0
3a87ee5b-e63f-4a61-9778-e9cc3bf70aac,3060.0,3060.0,0.0,3060.0,3060.0,0.0,0.0,0.0,1.0
3aabec23-7d96-4a8e-a604-bf011574e3e5,13900.0,13900.0,0.0,13900.0,13900.0,0.0,0.0,0.0,1.0
3ab142cc-509d-46c5-abe7-60dce97611f4,56900.0,56900.0,0.0,56900.0,56900.0,0.0,0.0,0.0,1.0
3ab178e6-74a8-45fc-8df8-207079e69786,4040.0,4040.0,0.0,4040.0,4040.0,0.0,0.0,0.0,1.0
3ab559cc-95c1-48bc-ab58-115926f46f82,4400.0,4400.0,0.0,4400.0,4400.0,0.0,0.0,0.0,1.0
3abf55fc-83f3-411a-b284-592febb83ec1,195.0,195.0,0.0,195.0,195.0,0.0,0.0,0.0,1.0
3ac6151a-68c2-425e-9a6f-6acd85c1f4cd,16200.0,16200.0,0.0,16200.0,16200.0,0.0,0.0,0.0,1.0
3ac834a8-7c95-4523-bbdf-0db3f391f254,1275.0,1275.0,0.0,1275.0,1275.0,0.0,0.0,0.0,1.0
3ac89d4c-37ae-4128-bab2-96f2ff2aec62,495.0,495.0,0.0,495.0,495.0,0.0,0.0,0.0,1.0
3ad56756-b9bb-46bf-8c53-4597676468c1,595.0,595.0,0.0,595.0,595.0,0.0,0.0,0.0,1.0
3ade95ef-d336-44e8-afd1-822a8671752a,845.0,845.0,0.0,845.0,845.0,0.0,0.0,0.0,1.0
3ae82e3e-4dc1-4d21-882b-c26470cef0fb,2295.0,2295.0,0.0,2295.0,2295.0,0.0,0.0,0.0,1.0
3aeaea99-f18e-4a52-b0eb-7af0a6d40977,1995.0,1995.0,0.0,1995.0,1995.0,0.0,0.0,0.0,1.0
3af354a8-9e03-4284-84ae-2ceba9fec0b3,650.0,650.0,0.0,650.0,650.0,0.0,0.0,0.0,1.0
3af44788-8112-479c-8156-b5331c8d9e3f,3395.0,3395.0,0.0,3395.0,3395.0,0.0,0.0,0.0,1.0
3afbb320-a41e-4545-97fa-a6f8405e6ae9,995.0,995.0,0.0,995.0,995.0,0.0,0.0,0.0,1.0
3afe4c76-0782-4a26-96a2-edecd2d2defb,1295.0,1295.0,0.0,1295.0,1295.0,0.0,0.0,0.0,1.0
3b0d30a0-0615-44ba-a4e2-a3873666f6bd,3695.0,3695.0,0.0,3695.0,3695.0,0.0,0.0,0.0,1.0
3b10a7c5-ab62-4f6d-8882-48643d3f581e,895.0,895.0,0.0,895.0,895.0,0.0,0.0,0.0,1.0
3b1f4a4f-d272-43cc-b228-839abd4ad112,695.0,695.0,0.0,695.0,695.0,0.0,0.0,0.0,1.0
3b254abf-5f21-4a7a-8639-ec970c129d57,24900.0,24900.0,0.0,24900.0,24900.0,0.0,0.0,0.0,1.0
3b333d27-89e4-4861-8c56-6c0bc7fc2079,18900.0,18900.0,0.0,18900.0,18900.0,0.0,0.0,0.0,1.0
3b371ef5-8ec1-49d3-ac38-577c5f865448,2995.0,2995.0,0.0,2995.0,2995.0,0.0,0.0,0.0,1.0
3b3fcd4b-3e14-496f-b73e-bb3a9a321d50,345.0,345.0,0.0,345.0,345.0,0.0,0.0,0.0,1.0
3b44f751-7ad3-48dd-b309-9a8ba31f2a4e,115.0,115.0,0.0,115.0,115.0,0.0,0.0,0.0,1.0
3b4dd5aa-e409-4aea-888d-28b4455caf90,3995.0,3995.0,0.0,3995.0,3995.0,0.0,0.0,0.0,1.0
3b56c8d4-0d54-42cf-b166-ce1ecfc8753d,1200.0,1200.0,0.0,1200.0,1200.0,0.0,0.0,0.0,1.0
3b57157c-3cf6-4bb2-9d3a-931476b0ea26,245.0,245.0,0.0,245.0,245.0,0.0,0.0,0.0,1.0
3b5b71ff-c42b-4d5c-8c46-832fd3e20f63,1095.0,1095.0,0.0,1095.0,1095.0,0.0,0.0,0.0,1.0
3b60ed7c-9fc0-48b7-9687-d0a329a65f26,745.0,745.0,0.0,745.0,745.0,0.0,0.0,0.0,1.0
3b722875-a0fc-4a63-b5c3-5440b0e2d9c3,2800.0,2800.0,0.0,2800.0,2800.0,0.0,0.0,0.0,1.0
3b74ba6b-fcb4-4f60-a07d-9363ce144742,4495.0,4495.0,0.0,4495.0,4495.0,0.0,0.0,0.0,1.0
3b814e31-b03b-4843-9705-c90e646e4076,795.0,795.0,0.0,795.0,795.0,0.0,0.0,0.0,1.0
3b83c556-1abc-4707-b7a8-3856e6c9c511,1295.0,1295.0,0.0,1295.0,1295.0,0.0,0.0,0.0,1.0
3b83d1c4-0931-41a9-bb04-d970ee6c9d97,6995.0,6995.0,0.0,6995.0,6995.0,0.0,0.0,0.0,1.0
3b92cf99-8e95-465a-ac56-9161227bb2c1,160.0,160.0,0.0,160.0,160.0,0.0,0.0,0.0,1.0
3b95dd20-5039-41ca-b73c-b46f5d43f94d,7900.0,7900.0,0.0,7900.0,7900.0,0.0,0.0,0.0,1.0
3b9b8561-6c26-4d5e-8404-0f801555fbed,2095.0,2095.0,0.0,2095.0,2095.0,0.0,0.0,0.0,1.0
3ba6996d-0a9a-412f-975e-e4ff36ae3da9,10200.0,10200.0,0.0,10200.0,10200.0,0.0,0.0,0.0,1.0
3bafaef7-db2d-41dc-af28-25cfeccfb8d7,3090.0,3090.0,0.0,3090.0,3090.0,0.0,0.0,0.0,1.0
3bbee3f2-938c-49e8-9980-ecbaf40cc75d,120.0,120.0,0.0,120.0,120.0,0.0,0.0,0.0,1.0
3bc1684e-ace6-43f4-be2a-83fe6f25dce3,795.0,795.0,0.0,795.0,795.0,0.0,0.0,0.0,1.0
3bc957f2-e022-407b-b093-f4b777057367,945.0,945.0,0.0,945.0,945.0,0.0,0.0,0.0,1.0
3bd0a775-a715-4c77-8240-4246f2d9723f,3695.0,3695.0,0.0,3695.0,3695.0,0.0,0.0,0.0,1.0
3bd3e27e-83ef-4546-9eb0-4c72ef8a4a82,1050.0,1050.0,0.0,1050.0,1050.0,0.0,0.0,0.0,1.0
3bd8a815-7e2a-4f21-9a67-2c9ad43db44d,565.0,565.0,0.0,565.0,565.0,0.0,0.0,0.0,1.0
3bde308b-079d-463b-ae84-2a5a5020ce4b,1195.0,1195.0,0.0,1195.0,1195.0,0.0,0.0,0.0,1.0
3be18587-23dd-4151-a06c-10fe1840757f,125.0,125.0,0.0,125.0,125.0,0.0,0.0,0.0,1.0
3be7d808-f0fa-4240-8b1f-fec2f3472a94,2500.0,2500.0,0.0,2500.0,2500.0,0.0,0.0,0.0,1.0
3beafc83-9113-4adc-8fe1-4ea3688a6354,895.0,895.0,0.0,895.0,895.0,0.0,0.0,0.0,1.0
3bf46b6d-ee9e-4421-9ac4-034490d6361c,2700.0,2700.0,0.0,2700.0,2700.0,0.0,0.0,0.0,1.0
3bf596fc-8bdc-4ac6-ac40-19b9d2177764,30900.0,30900.0,0.0,30900.0,30900.0,0.0,0.0,0.0,1.0
3bfd5a19-f10c-44d9-8e9b-5210f2f3d090,470.0,470.0,0.0,470.0,470.0,0.0,0.0,0.0,1.0
3c02b65a-3278-4b04-b0bb-f433d7b0f9dc,1350.0,1350.0,0.0,1350.0,1350.0,0.0,0.0,0.0,1.0
3c0d34c9-0f6a-4510-87ff-d9036681e325,3800.0,3800.0,0.0,3800.0,3800.0,0.0,0.0,0.0,1.0
3c102a59-0be8-4b6a-9618-f21d50df1052,8295.0,8295.0,0.0,8295.0,8295.0,0.0,0.0,0.0,1.0
3c1fe830-0cc8-4fac-85e7-9d78f44fa820,80.0,80.0,0.0,80.0,80.0,0.0,0.0,0.0,1.0
3c21aad6-80d7-4a3c-a2a7-24b3530d6cfb,5990.0,5990.0,0.0,5990.0,5990.0,0.0,0.0,0.0,1.0
3c22f082-70dc-48db-a2b9-f0362d2d7165,1695.0,1695.0,0.0,1695.0,1695.0,0.0,0.0,0.0,1.0
3c279cb8-0c1d-49e0-9a6a-1ebddaf35899,1295.0,1295.0,0.0,1295.0,1295.0,0.0,0.0,0.0,1.0
3c30ec34-a3ec-4f8b-a7bd-d17009d5866f,26900.0,26900.0,0.0,26900.0,26900.0,0.0,0.0,0.0,1.0
3c397d2f-5488-4606-82e1-4e82cc29f946,2350.0,2350.0,0.0,2350.0,2350.0,0.0,0.0,0.0,1.0
3c3de250-3acc-4a07-851d-802aa5a0f9aa,790.0,790.0,0.0,790.0,790.0,0.0,0.0,0.0,1.0
3c468009-6925-457a-8f27-90aa4bf7002b,4995.0,4995.0,0.0,4995.0,4995.0,0.0,0.0,0.0,1.0
3c478a4f-8e67-449e-9012-8627a6d1eefb,1499.0,1499.0,0.0,1499.0,1499.0,0.0,0.0,0.0,1.0
3c49ad4f-829e-412c-acbf-aaf6cd297669,17900.0,17900.0,0.0,17900.0,17900.0,0.0,0.0,0.0,1.0
3c51901c-2366-430d-9093-25d3307476bc,39900.0,39900.0,0.0,39900.0,39900.0,0.0,0.0,0.0,1.0
3c667b98-63d1-4f31-9937-5decee5daab6,10900.0,10900.0,0.0,10900.0,10900.0,0.0,0.0,0.0,1.0
3c679590-bddf-406f-94c4-2238e549cf8c,3799.0,3799.0,0.0,3799.0,3799.0,0.0,0.0,0.0,1.0
3c68d151-ad62-4b14-951b-094a4c3e2887,6160.0,6160.0,0.0,6160.0,6160.0,0.0,0.0,0.0,1.0
3c6e8292-a58c-44bd-a3ce-0245a97b7256,1195.0,1195.0,0.0,1195.0,1195.0,0.0,0.0,0.0,1.0
3c71e768-c05d-4a47-82b3-b04b603ec85b,25900.0,25900.0,0.0,25900.0,25900.0,0.0,0.0,0.0,1.0
3c76b9ac-6992-4166-ad4f-1844e2711845,21900.0,21900.0,0.0,21900.0,21900.0,0.0,0.0,0.0,1.0
3c7a08bf-a793-4278-acbc-72911308057e,295.0,295.0,0.0,295.0,295.0,0.0,0.0,0.0,1.0
3c7cfdc8-cdc2-4a07-82e8-5b16a319bb09,1195.0,1195.0,0.0,1195.0,1195.0,0.0,0.0,0.0,1.0
3c81ea8e-3b2b-4d0e-90b7-be63e663254d,8900.0,8900.0,0.0,8900.0,8900.0,0.0,0.0,0.0,1.0
3c83ca6f-3b79-48c6-9358-da7b5bf304de,2299.0,2299.0,0.0,2299.0,2299.0,0.0,0.0,0.0,1.0
3c85731f-f8d6-461e-a204-dd217b29e28e,32900.0,32900.0,0.0,32900.0,32900.0,0.0,0.0,0.0,1.0
3c8c2a30-8431-493a-8581-f0f6ee02e322,1095.0,1095.0,0.0,1095.0,1095.0,0.0,0.0,0.0,1.0
3c8d9536-a309-4be6-9091-47c7182f25c5,1995.0,1995.0,0.0,1995.0,1995.0,0.0,0.0,0.0,1.0
3c9496b1-0251-4db5-8e94-c7351b8cb24f,595.0,595.0,0.0,595.0,595.0,0.0,0.0,0.0,1.0
3c9d9721-8580-434f-acc7-6aa3b8c4453e,1495.0,1495.0,0.0,1495.0,1495.0,0.0,0.0,0.0,1.0
3ca7c922-2bc4-45fc-a217-84fbc9de33bb,15900.0,15900.0,0.0,15900.0,15900.0,0.0,0.0,0.0,1.0
3cac70aa-5f6d-4261-85fc-4628a46fe5fd,310.0,310.0,0.0,310.0,310.0,0.0,0.0,0.0,1.0
3caf1815-2d3a-4675-a312-10eb01ca95ba,12900.0,12900.0,0.0,12900.0,12900.0,0.0,0.0,0.0,1.0
3cc3235c-1670-4b18-a345-de0833313190,1795.0,1795.0,0.0,1795.0,1795.0,0.0,0.0,0.0,1.0
3ccddc88-e0cf-4725-b438-7e1357056e1d,3800.0,3800.0,0.0,3800.0,3800.0,0.0,0.0,0.0,1.0
3ccf68b1-3fe3-4d99-9147-e94e49c4c725,680.0,680.0,0.0,680.0,680.0,0.0,0.0,0.0,1.0
3cd278fb-7f60-46ac-a4e0-22ee28eba051,1195.0,1195.0,0.0,1195.0,1195.0,0.0,0.0,0.0,1.0
3cdcc8aa-cf06-4b98-8d67-303cd56e9d2f,1045.0,1045.0,0.0,1045.0,1045.0,0.0,0.0,0.0,1.0
3cdccf6b-c500-4c6b-870c-1e82cce4f221,1450.0,1450.0,0.0,1450.0,1450.0,0.0,0.0,0.0,1.0
3cde738d-c4f6-4339-a6b9-7c3fee79c096,1595.0,1595.0,0.0,1595.0,1595.0,0.0,0.0,0.0,1.0
3ce6e4e6-c269-4f9c-a603-afe4e1104d8a,6595.0,6595.0,0.0,6595.0,6595.0,0.0,0.0,0.0,1.0
3cea18aa-bd7d-44c4-b9cb-1575fa3e624a,465.0,465.0,0.0,465.0,465.0,0.0,0.0,0.0,1.0
3ced72e5-1247-4bf3-ba9c-9014068e275c,1740.0,1740.0,0.0,1740.0,1740.0,0.0,0.0,0.0,1.0
3cee09fe-0382-48ca-90dc-9272708a8ba9,85.0,85.0,0.0,85.0,85.0,0.0,0.0,0.0,1.0
3cfd73ae-482e-4981-859e-8f156f8e0fb5,295.0,295.0,0.0,295.0,295.0,0.0,0.0,0.0,1.0
3d03345b-d67f-43f2-b175-146cd895a879,3900.0,3900.0,0.0,3900.0,3900.0,0.0,0.0,0.0,1.0
3d0a2e3c-36e7-4f22-bae1-7cae6290831a,5995.0,5995.0,0.0,5995.0,5995.0,0.0,0.0,0.0,1.0
3d1979be-d00f-45ed-8458-d158cff1ce09,415.0,415.0,0.0,415.0,415.0,0.0,0.0,0.0,1.0
3d203a01-2da2-433a-9fbb-b35cfcb691b7,545.0,545.0,0.0,545.0,545.0,0.0,0.0,0.0,1.0
3d29b9d0-ad7b-4f7b-942d-c2b4ddba7ac9,18900.0,18900.0,0.0,18900.0,18900.0,0.0,0.0,0.0,1.0
3d331dd6-527e-4305-941c-a197f558c48c,11900.0,11900.0,0.0,11900.0,11900.0,0.0,0.0,0.0,1.0
3d4a5729-8ee8-40bd-858f-0cdd874bdfa3,2795.0,2795.0,0.0,2795.0,2795.0,0.0,0.0,0.0,1.0
3d4d5776-1218-44c6-a0ba-d501543d8d6c,995.0,995.0,0.0,995.0,995.0,0.0,0.0,0.0,1.0
3d58833c-6bbb-42e1-9dac-775e82da9428,13900.0,13900.0,0.0,13900.0,13900.0,0.0,0.0,0.0,1.0
3d5d3138-821f-4cb7-881b-45e2721ab048,19900.0,19900.0,0.0,19900.0,19900.0,0.0,0.0,0.0,1.0
3d5d44c0-771e-409d-8dc6-55af253cefa0,51900.0,51900.0,0.0,51900.0,51900.0,0.0,0.0,0.0,1.0
3d72ff69-f3e4-48a1-81dc-7cf3e86b2ac7,1045.0,1045.0,0.0,1045.0,1045.0,0.0,0.0,0.0,1.0
3d77bb8a-02fe-436c-98c5-08bb5b9ea58c,2720.0,2720.0,0.0,2720.0,2720.0,0.0,0.0,0.0,1.0
3d8e78aa-abf1-45b0-8723-d9e57a997b20,2850.0,2850.0,0.0,2850.0,2850.0,0.0,0.0,0.0,1.0
3d8fbff0-6a71-4639-b2d0-b04eba9d6e73,3900.0,3900.0,0.0,3900.0,3900.0,0.0,0.0,0.0,1.0
3d91489c-fd0b-427f-8b40-41198071315d,34900.0,34900.0,0.0,34900.0,34900.0,0.0,0.0,0.0,1.0
3d95ba4b-b759-4871-9a54-130e59f3ee74,595.0,595.0,0.0,595.0,595.0,0.0,0.0,0.0,1.0
3d991eaa-e808-4a48-ae2a-05b25c8a037b,6995.0,6995.0,0.0,6995.0,6995.0,0.0,0.0,0.0,1.0
3d9c042a-3c66-475e-953d-c99d88e91863,1615.0,1615.0,0.0,1615.0,1615.0,0.0,0.0,0.0,1.0
3da214ac-a3d2-4c13-9115-cfc442c9aa3c,13900.0,13900.0,0.0,13900.0,13900.0,0.0,0.0,0.0,1.0
3db1e5ee-509b-4eff-bad8-d42a0a6a796b,3195.0,3195.0,0.0,3195.0,3195.0,0.0,0.0,0.0,1.0
3db410e3-7a80-40f5-babf-2d10992b9943,1295.0,1295.0,0.0,1295.0,1295.0,0.0,0.0,0.0,1.0
3db80c48-b385-4a4b-95e5-0e8c6c9f6650,645.0,645.0,0.0,645.0,645.0,0.0,0.0,0.0,1.0
3dce42e0-9db0-43b5-8a90-fcbfcdd053ad,3250.0,3250.0,0.0,3250.0,3250.0,0.0,0.0,0.0,1.0
3dce453c-2bf5-410f-98a0-4be290271a25,12900.0,12900.0,0.0,12900.0,12900.0,0.0,0.0,0.0,1.0
3dd8fca7-85a6-4574-8a1a-8d90493a0bd0,70.0,70.0,0.0,70.0,70.0,0.0,0.0,0.0,1.0
3ddbf804-edee-4b70-b39c-fc2522f9870c,1650.0,1650.0,0.0,1650.0,1650.0,0.0,0.0,0.0,1.0
3deaacb4-32ab-4240-b3a3-a95f500e3e85,2795.0,2795.0,0.0,2795.0,2795.0,0.0,0.0,0.0,1.0
3dec9778-f4e5-430a-bace-a1d1bc2aa03b,1595.0,1595.0,0.0,1595.0,1595.0,0.0,0.0,0.0,1.0
3dffd71f-de0b-44db-8d3d-0c997d46cbe8,12500.0,12500.0,0.0,12500.0,12500.0,0.0,0.0,0.0,1.0
3e029b68-be5c-40e2-8163-f2b2ad4724bc,695.0,695.0,0.0,695.0,695.0,0.0,0.0,0.0,1.0
3e0793da-02b6-4390-b936-92a059eeac99,3170.0,3170.0,0.0,3170.0,3170.0,0.0,0.0,0.0,1.0
3e0d8862-0fe5-42ee-ba38-9f15db6a48f1,995.0,995.0,0.0,995.0,995.0,0.0,0.0,0.0,1.0
3e2a17de-3d6b-464c-8430-5acf4a7a79f3,1095.0,1095.0,0.0,1095.0,1095.0,0.0,0.0,0.0,1.0
3e2db979-5c1d-495f-8a1c-a07a4d3ca8af,1810.0,1810.0,0.0,1810.0,1810.0,0.0,0.0,0.0,1.0
3e31d642-71f5-476e-8506-b3e342ce7b69,1895.0,1895.0,0.0,1895.0,1895.0,0.0,0.0,0.0,1.0
3e34929f-c29a-4092-84e7-eb4677e5580a,2295.0,2295.0,0.0,2295.0,2295.0,0.0,0.0,0.0,1.0
3e34c8bb-37ea-4186-b07d-cdb45b005d20,535.0,535.0,0.0,535.0,535.0,0.0,0.0,0.0,1.0
3e35df8d-b47d-423d-a444-14f8fae63549,4070.0,4070.0,0.0,4070.0,4070.0,0.0,0.0,0.0,1.0
3e3ac7b7-cf3f-47be-9082-72f0e24fb578,1695.0,1695.0,0.0,1695.0,1695.0,0.0,0.0,0.0,1.0
3e3c4ee8-2a99-4306-9f17-ce961f32030f,2095.0,2095.0,0.0,2095.0,2095.0,0.0,0.0,0.0,1.0
3e41ae9d-be0d-48e6-96e0-05b7ac80b300,1695.0,1695.0,0.0,1695.0,1695.0,0.0,0.0,0.0,1.0
3e4c3d7c-edb2-4bbd-a935-0b81aa7c0df2,1650.0,1650.0,0.0,1650.0,1650.0,0.0,0.0,0.0,1.0
3e51dacf-3e75-4c04-980b-01942e02ddce,1350.0,1350.0,0.0,1350.0,1350.0,0.0,0.0,0.0,1.0
3e5be68c-bafe-4f7f-b71b-d5939ee7ff57,7495.0,7495.0,0.0,7495.0,7495.0,0.0,0.0,0.0,1.0
3e6043a4-339c-4aec-8fd2-09958bfb932b,1080.0,1080.0,0.0,1080.0,1080.0,0.0,0.0,0.0,1.0
3e614b23-fa40-4de1-8cdb-647b3c4a5f91,545.0,545.0,0.0,545.0,545.0,0.0,0.0,0.0,1.0
3e6af496-e387-4307-9223-f95ca01dbf43,7500.0,7500.0,0.0,7500.0,7500.0,0.0,0.0,0.0,1.0
3e6d44b3-72ba-43b2-9abf-00acdf18056d,2495.0,2495.0,0.0,2495.0,2495.0,0.0,0.0,0.0,1.0
3e70704b-f317-4f83-be0d-25dabcd157a5,1665.0,1665.0,0.0,1665.0,1665.0,0.0,0.0,0.0,1.0
3e852717-67bd-4e83-983b-a7e52129c2f8,1500.0,1500.0,0.0,1500.0,1500.0,0.0,0.0,0.0,1.0
3e8a4d12-0a39-4914-8a00-741c930c7a1b,3395.0,3395.0,0.0,3395.0,3395.0,0.0,0.0,0.0,1.0
3e8d9cc7-a986-4f92-ab5c-6792d8a23a61,1535.0,1535.0,0.0,1535.0,1535.0,0.0,0.0,0.0,1.0
3e94b89f-cb1f-4069-a623-3eaf3c90a1b6,5495.0,5495.0,0.0,5495.0,5495.0,0.0,0.0,0.0,1.0
3e969165-05d4-43cc-b5d9-e7ec49379d1d,3995.0,3995.0,0.0,3995.0,3995.0,0.0,0.0,0.0,1.0
3e976306-e203-42f1-8929-dc5f4ff620d5,1395.0,1395.0,0.0,1395.0,1395.0,0.0,0.0,0.0,1.0
3e9780e9-af8e-4e63-bfca-94e944a78b13,4995.0,4995.0,0.0,4995.0,4995.0,0.0,0.0,0.0,1.0
3e9877a1-65a1-49f3-bf49-bbfef22ec6d1,5495.0,5495.0,0.0,5495.0,5495.0,0.0,0.0,0.0,1.0
3ea4f51a-6e19-4b26-92f0-6a21f6c60067,13900.0,13900.0,0.0,13900.0,13900.0,0.0,0.0,0.0,1.0
3ea90852-042c-4846-a0e8-98911fdc0f16,3900.0,3900.0,0.0,3900.0,3900.0,0.0,0.0,0.0,1.0
3ea94c0a-e89c-4364-9f06-6dea18bea83f,9900.0,9900.0,0.0,9900.0,9900.0,0.0,0.0,0.0,1.0
3eb30f5d-50e2-4c07-9e13-1b002f9cb63f,5090.0,5090.0,0.0,5090.0,5090.0,0.0,0.0,0.0,1.0
3eb8b111-7c0b-456b-84f0-dd4e45ce8f0d,1045.0,1045.0,0.0,1045.0,1045.0,0.0,0.0,0.0,1.0
3eb98bd5-8d55-4f7c-86b6-8232c0a76721,9900.0,9900.0,0.0,9900.0,9900.0,0.0,0.0,0.0,1.0
3ebaec6c-e97d-4731-8969-6a1b183a4f09,2099.0,2099.0,0.0,2099.0,2099.0,0.0,0.0,0.0,1.0
3ebb500f-e0b6-4fdb-9441-1cd74b1660f9,8495.0,8495.0,0.0,8495.0,8495.0,0.0,0.0,0.0,1.0
3ebfa248-bc28-4a96-9a05-c75a3de5e4be,1295.0,1295.0,0.0,1295.0,1295.0,0.0,0.0,0.0,1.0
3ec2a584-6282-4fb5-83b6-644e6f3347df,745.0,745.0,0.0,745.0,745.0,0.0,0.0,0.0,1.0
3ec97a43-a800-4c00-9eb8-2f18db93d7f0,1895.0,1895.0,0.0,1895.0,1895.0,0.0,0.0,0.0,1.0
3ecae9f7-880a-4f15-98d6-c93420b294d9,1250.0,1250.0,0.0,1250.0,1250.0,0.0,0.0,0.0,1.0
3ed27899-97b2-4868-92ed-68146dcd8993,1395.0,1395.0,0.0,1395.0,1395.0,0.0,0.0,0.0,1.0
3eed0dca-9ae2-41f3-8bb1-d0d3855bb19a,2449.0,2449.0,0.0,2449.0,2449.0,0.0,0.0,0.0,1.0
3eee5157-8603-44e4-b0b6-536b9c9dfd28,995.0,995.0,0.0,995.0,995.0,0.0,0.0,0.0,1.0
3ef00028-5d17-4935-8a32-8fe8321afedf,11900.0,11900.0,0.0,11900.0,11900.0,0.0,0.0,0.0,1.0
3ef09f2a-34a9-4156-87f8-3470b72f1ebd,1895.0,1895.0,0.0,1895.0,1895.0,0.0,0.0,0.0,1.0
3ef2cd61-d4b0-4e8f-9f9c-1eefb5b153de,1740.0,1740.0,0.0,1740.0,1740.0,0.0,0.0,0.0,1.0
3effe0a0-5616-46f8-babe-6dab465a9889,34900.0,34900.0,0.0,34900.0,34900.0,0.0,0.0,0.0,1.0
3f057f6f-630d-46ae-abe4-e1fb5af6f22f,1245.0,1245.0,0.0,1245.0,1245.0,0.0,0.0,0.0,1.0
3f0db1d2-8115-4883-9638-cb000fd7b7e4,460.0,460.0,0.0,460.0,460.0,0.0,0.0,0.0,1.0
3f10dfab-8426-4757-99b2-1b21dfb7392f,695.0,695.0,0.0,695.0,695.0,0.0,0.0,0.0,1.0
3f14f811-e617-4ee4-a2c2-32620d199747,4995.0,4995.0,0.0,4995.0,4995.0,0.0,0.0,0.0,1.0
3f1efdb6-bcf1-444b-975e-a51851fa7c89,2995.0,2995.0,0.0,2995.0,2995.0,0.0,0.0,0.0,1.0
3f25a655-cf96-467d-9ea5-e4ca8564c336,1295.0,1295.0,0.0,1295.0,1295.0,0.0,0.0,0.0,1.0
3f25ce52-6232-4889-bcb4-40434034e2d4,1680.0,1680.0,0.0,1680.0,1680.0,0.0,0.0,0.0,1.0
3f26f01b-92d3-4faa-9e70-74fafccd8582,14900.0,14900.0,0.0,14900.0,14900.0,0.0,0.0,0.0,1.0
3f281ed6-5beb-4d1b-bca1-128152b45b04,1095.0,1095.0,0.0,1095.0,1095.0,0.0,0.0,0.0,1.0
3f32f886-9fc2-4d79-aa19-c6ad2e7d691d,2950.0,2950.0,0.0,2950.0,2950.0,0.0,0.0,0.0,1.0
3f3ef035-7920-46cf-ab37-50ca074ab476,12900.0,12900.0,0.0,12900.0,12900.0,0.0,0.0,0.0,1.0
3f417934-fe60-4cb7-9775-ac6092b315fa,11500.0,11500.0,0.0,11500.0,11500.0,0.0,0.0,0.0,1.0
3f49db05-06ed-4be7-acb7-1ca713678327,1795.0,1795.0,0.0,1795.0,1795.0,0.0,0.0,0.0,1.0
3f57e74a-1cf5-4e2f-9c98-69dbef0100b2,4295.0,4295.0,0.0,4295.0,4295.0,0.0,0.0,0.0,1.0
3f5f23c5-41fe-4306-891f-cca50f324a53,845.0,845.0,0.0,845.0,845.0,0.0,0.0,0.0,1.0
3f65b402-2e15-470d-8650-6616f5e27236,33900.0,33900.0,0.0,33900.0,33900.0,0.0,0.0,0.0,1.0
3f6c78f1-20bc-47e8-9b4d-8212141c295b,11900.0,11900.0,0.0,11900.0,11900.0,0.0,0.0,0.0,1.0
3f6d43de-2c85-4d28-931d-ae8e87737ff1,2795.0,2795.0,0.0,2795.0,2795.0,0.0,0.0,0.0,1.0
3f7e6b4d-8252-428f-9df8-3b1e47ce9e40,2850.0,2850.0,0.0,2850.0,2850.0,0.0,0.0,0.0,1.0
3f814e74-cb0b-4dce-81fe-9d6ab7310f09,1995.0,1995.0,0.0,1995.0,1995.0,0.0,0.0,0.0,1.0
3f84d568-bc42-411b-9927-dbe0cada09c9,7995.0,7995.0,0.0,7995.0,7995.0,0.0,0.0,0.0,1.0
3f86255f-247b-49bc-9e83-e2420578d63f,110.0,110.0,0.0,110.0,110.0,0.0,0.0,0.0,1.0
3f8b8634-0a2f-4ca7-9a9a-0c373137875f,1795.0,1795.0,0.0,1795.0,1795.0,0.0,0.0,0.0,1.0
3f9072e5-3791-4209-bffd-4a3a51fceb7c,8400.0,8400.0,0.0,8400.0,8400.0,0.0,0.0,0.0,1.0
3f92cc1c-34c8-4ced-8a77-4d2078351517,995.0,995.0,0.0,995.0,995.0,0.0,0.0,0.0,1.0
3f9c79e5-6e75-4e90-b48c-08cb32b7c155,5299.0,5299.0,0.0,5299.0,5299.0,0.0,0.0,0.0,1.0
3fa06d98-7b02-430e-bb1d-24249187c178,995.0,995.0,0.0,995.0,995.0,0.0,0.0,0.0,1.0
3fa33c01-d1e3-47d8-87d0-de04d1cd9f7a,3995.0,3995.0,0.0,3995.0,3995.0,0.0,0.0,0.0,1.0
3fac0bd4-3f2f-4b47-bffc-d3816233445a,2395.0,2395.0,0.0,2395.0,2395.0,0.0,0.0,0.0,1.0
3fae5165-f350-4312-9cb3-a9bb56888aa2,34900.0,34900.0,0.0,34900.0,34900.0,0.0,0.0,0.0,1.0
3fb33ef2-57c7-40f0-b966-fbc7510792ba,545.0,545.0,0.0,545.0,545.0,0.0,0.0,0.0,1.0
3fcf200d-931e-4e1b-b542-472106739af6,345.0,345.0,0.0,345.0,345.0,0.0,0.0,0.0,1.0
3fd332d9-3028-4865-8b64-1a85cbcb4edf,1295.0,1295.0,0.0,1295.0,1295.0,0.0,0.0,0.0,1.0
3fd53add-93d5-42fc-b0b0-214be2e6c3da,17900.0,17900.0,0.0,17900.0,17900.0,0.0,0.0,0.0,1.0
3fd88b16-3727-49df-9a1f-ab62c7e5ac95,1990.0,1990.0,0.0,1990.0,1990.0,0.0,0.0,0.0,1.0
3fdfeed9-fb42-4d9b-adbc-4b978317349e,2850.0,2850.0,0.0,2850.0,2850.0,0.0,0.0,0.0,1.0
3fe35e41-5996-467f-9f2f-bfd09ca16878,6995.0,6995.0,0.0,6995.0,6995.0,0.0,0.0,0.0,1.0
3ff2ad2c-776f-4a4e-9ff8-af45fd4d3d24,1650.0,1650.0,0.0,1650.0,1650.0,0.0,0.0,0.0,1.0
3ff987b7-e959-468f-a977-93644ec1a887,2995.0,2995.0,0.0,2995.0,2995.0,0.0,0.0,0.0,1.0
40009218-9e65-4f60-b759-dac949e6d6a9,895.0,895.0,0.0,895.0,895.0,0.0,0.0,0.0,1.0
40191e9e-1ce4-4315-95a4-299a76108e4e,3995.0,3995.0,0.0,3995.0,3995.0,0.0,0.0,0.0,1.0
401ac356-7d77-4f23-b345-c334656fd293,29900.0,29900.0,0.0,29900.0,29900.0,0.0,0.0,0.0,1.0
401c231e-49af-4c5f-9b24-ad80560977c6,1099.0,1099.0,0.0,1099.0,1099.0,0.0,0.0,0.0,1.0
4021a373-d305-4101-b0fb-21257379ca43,10500.0,10500.0,0.0,10500.0,10500.0,0.0,0.0,0.0,1.0
4021be45-e7c1-4c30-87a5-72e601312b58,2595.0,2595.0,0.0,2595.0,2595.0,0.0,0.0,0.0,1.0
4027efad-51ad-4a87-8681-bb88941d9909,80.0,80.0,0.0,80.0,80.0,0.0,0.0,0.0,1.0
4028de28-9ca1-466e-ba62-78e9dee68821,2400.0,2400.0,0.0,2400.0,2400.0,0.0,0.0,0.0,1.0
40311fbd-49e8-4aa2-b9ab-4b899ca999d6,15900.0,15900.0,0.0,15900.0,15900.0,0.0,0.0,0.0,1.0
40379375-dfea-43d6-94e1-fb04843cbb79,39900.0,39900.0,0.0,39900.0,39900.0,0.0,0.0,0.0,1.0
403f86d9-7709-4b43-94cd-8a4a527d8454,145.0,145.0,0.0,145.0,145.0,0.0,0.0,0.0,1.0
40432e1e-bdf2-45c0-9599-dff02e42a671,4995.0,4995.0,0.0,4995.0,4995.0,0.0,0.0,0.0,1.0
4047dda9-c8c9-4234-8f4c-f626bf9bb526,335.0,335.0,0.0,335.0,335.0,0.0,0.0,0.0,1.0
404be0a9-acf1-4069-9644-3572602a8a29,5195.0,5195.0,0.0,5195.0,5195.0,0.0,0.0,0.0,1.0
404cfc52-f752-40f8-a0ff-acca6f4230f4,3299.0,3299.0,0.0,3299.0,3299.0,0.0,0.0,0.0,1.0
404fd999-cb17-4ee1-9c74-50b38d30c92e,11900.0,11900.0,0.0,11900.0,11900.0,0.0,0.0,0.0,1.0
405d8800-8604-467f-ad66-fc29f70e68d6,800.0,800.0,0.0,800.0,800.0,0.0,0.0,0.0,1.0
406c83e1-ff03-4f40-8c68-be336ee4d4ee,1650.0,1650.0,0.0,1650.0,1650.0,0.0,0.0,0.0,1.0
406eeff4-ecf3-4e11-bcb9-f65dfd484573,4695.0,4695.0,0.0,4695.0,4695.0,0.0,0.0,0.0,1.0
40731aaf-1dbf-4ddb-a0e7-52e63c66d0fd,10500.0,10500.0,0.0,10500.0,10500.0,0.0,0.0,0.0,1.0
4075113e-9525-4347-acb8-3b9badfb7456,845.0,845.0,0.0,845.0,845.0,0.0,0.0,0.0,1.0
4075930c-3ee3-4561-97d8-349d1f4b7d31,2750.0,2750.0,0.0,2750.0,2750.0,0.0,0.0,0.0,1.0
408e4d81-3778-4a12-9bb2-20665df25e2c,1295.0,1295.0,0.0,1295.0,1295.0,0.0,0.0,0.0,1.0
409d8523-49ea-4b5e-96a2-752c8ac06d99,2795.0,2795.0,0.0,2795.0,2795.0,0.0,0.0,0.0,1.0
40aa2fdc-13a5-4da3-9d36-f6b76c7974ba,4295.0,4295.0,0.0,4295.0,4295.0,0.0,0.0,0.0,1.0
40ace038-f7c6-4f8e-bea4-e1a79667b52f,1245.0,1245.0,0.0,1245.0,1245.0,0.0,0.0,0.0,1.0
40b5f9b0-2f5a-417c-b126-e06143ab6c2b,2200.0,2200.0,0.0,2200.0,2200.0,0.0,0.0,0.0,1.0
40b761bd-4537-4dc2-a09a-f028a496d150,2295.0,2295.0,0.0,2295.0,2295.0,0.0,0.0,0.0,1.0
40c14bb1-880d-44b2-a5fe-cde49564c109,695.0,695.0,0.0,695.0,695.0,0.0,0.0,0.0,1.0
40cad383-3061-4c93-9ed9-5dc08a1ec8e4,1995.0,1995.0,0.0,1995.0,1995.0,0.0,0.0,0.0,1.0
40cb438e-6d9f-4169-b263-e14552cfdea4,2850.0,2850.0,0.0,2850.0,2850.0,0.0,0.0,0.0,1.0
40e360c4-bb31-4fa2-9e02-742bfec8ebbf,4695.0,4695.0,0.0,4695.0,4695.0,0.0,0.0,0.0,1.0
40e44ac6-1c41-4eac-8c7d-1aef3cc733c7,3995.0,3995.0,0.0,3995.0,3995.0,0.0,0.0,0.0,1.0
40f22c76-e13d-4ed4-9235-25b9fda15630,11900.0,11900.0,0.0,11900.0,11900.0,0.0,0.0,0.0,1.0
40f6cd9e-eef0-4eb1-bf15-6e187dcdc2d0,1225.0,1225.0,0.0,1225.0,1225.0,0.0,0.0,0.0,1.0
41028854-6cea-45ac-8ef2-dc92b6db19b4,1750.0,1750.0,0.0,1750.0,1750.0,0.0,0.0,0.0,1.0
41075a33-760b-49b4-997f-596a8118419d,680.0,680.0,0.0,680.0,680.0,0.0,0.0,0.0,1.0
4107d35b-7477-44bf-a11f-3738d17742cc,4295.0,4295.0,0.0,4295.0,4295.0,0.0,0.0,0.0,1.0
41089374-dc21-49ef-af32-c65acd46a2df,3599.0,3599.0,0.0,3599.0,3599.0,0.0,0.0,0.0,1.0
4116fc5c-7d50-4be1-ad9b-84c5fd5a232c,1895.0,1895.0,0.0,1895.0,1895.0,0.0,0.0,0.0,1.0
411bc08c-b71b-4a1a-84a8-c2a4f0e39855,135.0,135.0,0.0,135.0,135.0,0.0,0.0,0.0,1.0
41231063-6545-4a22-aca4-8ea90457748c,4495.0,4495.0,0.0,4495.0,4495.0,0.0,0.0,0.0,1.0
41275d65-9700-4cd0-ad87-0cb5780bf728,545.0,545.0,0.0,545.0,545.0,0.0,0.0,0.0,1.0
41287ce9-c373-4c51-8c3c-c004891b5801,2895.0,2895.0,0.0,2895.0,2895.0,0.0,0.0,0.0,1.0
412c5799-3966-4159-85a1-e71fbd5c1570,16900.0,16900.0,0.0,16900.0,16900.0,0.0,0.0,0.0,1.0
412cdb0c-64d6-4527-b9bb-c49a0dbde5c0,1225.0,1225.0,0.0,1225.0,1225.0,0.0,0.0,0.0,1.0
4132cce8-b9e7-4b6e-9475-11a80cd6b931,795.0,795.0,0.0,795.0,795.0,0.0,0.0,0.0,1.0
413a412f-31c9-4086-be9c-6f1b3eca447c,895.0,895.0,0.0,895.0,895.0,0.0,0.0,0.0,1.0
413b6c25-a172-45bb-ab51-2aa701774c38,220.0,220.0,0.0,220.0,220.0,0.0,0.0,0.0,1.0
413caae9-e07a-4ed1-9838-f093fb642fa7,4200.0,4200.0,0.0,4200.0,4200.0,0.0,0.0,0.0,1.0
413e381a-345f-4dd5-9a3d-d2d97e198408,4295.0,4295.0,0.0,4295.0,4295.0,0.0,0.0,0.0,1.0
41432587-f1de-4056-9387-3da7d22537e6,18900.0,18900.0,0.0,18900.0,18900.0,0.0,0.0,0.0,1.0
41494b86-b8d9-42fc-bb63-41c9e98596d6,3690.0,3690.0,0.0,3690.0,3690.0,0.0,0.0,0.0,1.0
414a8a92-7682-426f-bc89-3c4ee7ae280f,545.0,545.0,0.0,545.0,545.0,0.0,0.0,0.0,1.0
414c4de1-03cb-47a8-bb35-d592528026f7,2645.0,2645.0,0.0,2645.0,2645.0,0.0,0.0,0.0,1.0
41577397-7f7b-45f0-85e7-e70da748cb65,17900.0,17900.0,0.0,17900.0,17900.0,0.0,0.0,0.0,1.0
415e6bb1-4774-4c92-adfe-ad2ede2f3c16,325.0,325.0,0.0,325.0,325.0,0.0,0.0,0.0,1.0
416e4bea-4a59-4948-89e3-ecc0a2637280,2995.0,2995.0,0.0,2995.0,2995.0,0.0,0.0,0.0,1.0
41815a9c-eb50-4497-9b43-35a7495434fa,5495.0,5495.0,0.0,5495.0,5495.0,0.0,0.0,0.0,1.0
419059f8-8c27-495e-942c-22d50916368f,2395.0,2395.0,0.0,2395.0,2395.0,0.0,0.0,0.0,1.0
419494d1-4455-4300-b011-1c80d0124f75,9900.0,9900.0,0.0,9900.0,9900.0,0.0,0.0,0.0,1.0
4197bbf6-ba08-4520-b18e-0bd2b8f47d1e,24900.0,24900.0,0.0,24900.0,24900.0,0.0,0.0,0.0,1.0
419ba4a0-b83c-499a-8d76-1b4df6ed6693,17900.0,17900.0,0.0,17900.0,17900.0,0.0,0.0,0.0,1.0
41a4543d-d3ca-45de-99cd-4eab5f4da3bb,945.0,945.0,0.0,945.0,945.0,0.0,0.0,0.0,1.0
41a699e3-c457-4285-a9b6-1ce2eb100b89,12500.0,12500.0,0.0,12500.0,12500.0,0.0,0.0,0.0,1.0
41abaaa2-23fb-4168-a63a-3758a3792115,9900.0,9900.0,0.0,9900.0,9900.0,0.0,0.0,0.0,1.0
41c4165d-0ec5-409f-add7-cb43b968c552,845.0,845.0,0.0,845.0,845.0,0.0,0.0,0.0,1.0
41c605a5-8fdf-48d4-935c-891e1ecb66f2,2695.0,2695.0,0.0,2695.0,2695.0,0.0,0.0,0.0,1.0
41ca1c84-f957-48e2-ac9d-0e9b17ba3443,11900.0,11900.0,0.0,11900.0,11900.0,0.0,0.0,0.0,1.0
41d0772e-e698-4849-b43c-af1b4a90cdf7,1040.0,1040.0,0.0,1040.0,1040.0,0.0,0.0,0.0,1.0
41d59f5d-f206-434c-9e6e-fb069a27a09e,780.0,780.0,0.0,780.0,780.0,0.0,0.0,0.0,1.0
41d826e9-c19e-4a16-9d0b-8793e1076627,10500.0,10500.0,0.0,10500.0,10500.0,0.0,0.0,0.0,1.0
41e05530-ecbb-483e-b0d8-b929d9663508,95.0,95.0,0.0,95.0,95.0,0.0,0.0,0.0,1.0
41e65f74-df2b-4073-b345-161596b220cc,6500.0,6500.0,0.0,6500.0,6500.0,0.0,0.0,0.0,1.0
41e95358-9d3b-4aba-a6dd-c05bf1feae95,645.0,645.0,0.0,645.0,645.0,0.0,0.0,0.0,1.0
41f51cbf-24d9-442f-83c2-87f4a207e062,389.0,389.0,0.0,389.0,389.0,0.0,0.0,0.0,1.0
41ff1db5-4e8c-4480-8f07-75829447ebc3,3995.0,3995.0,0.0,3995.0,3995.0,0.0,0.0,0.0,1.0
420221f3-2041-49fd-a7dc-6a0fcfefd72a,565.0,565.0,0.0,565.0,565.0,0.0,0.0,0.0,1.0
42031474-849e-4caf-aabc-c06c62ad7f5f,11900.0,11900.0,0.0,11900.0,11900.0,0.0,0.0,0.0,1.0
420d091b-4494-47b3-ac87-87e7c3dc52bd,5495.0,5495.0,0.0,5495.0,5495.0,0.0,0.0,0.0,1.0
4214be76-6a90-4a2c-aaa2-8725bdd3e61c,1695.0,1695.0,0.0,1695.0,1695.0,0.0,0.0,0.0,1.0
421c06d6-b73a-4e84-befb-5a1313186542,445.0,445.0,0.0,445.0,445.0,0.0,0.0,0.0,1.0
422121d7-3cb1-4cf6-ac77-558acb5f869b,3550.0,3550.0,0.0,3550.0,3550.0,0.0,0.0,0.0,1.0
42248dac-2e18-4a34-b309-5e0a2fe6f3f4,2895.0,2895.0,0.0,2895.0,2895.0,0.0,0.0,0.0,1.0
42390b8a-ffd3-46ce-8cfc-9fd1262d8b31,2350.0,2350.0,0.0,2350.0,2350.0,0.0,0.0,0.0,1.0
4244ac48-a61b-47cc-8e39-cfbd432468da,6900.0,6900.0,0.0,6900.0,6900.0,0.0,0.0,0.0,1.0
4253e20b-0c02-42ed-a864-8a9ab91fdabc,1999.0,1999.0,0.0,1999.0,1999.0,0.0,0.0,0.0,1.0
425b1079-3046-49df-b245-f304e54e1679,1995.0,1995.0,0.0,1995.0,1995.0,0.0,0.0,0.0,1.0
425b3b4f-21ca-4983-8b8a-e0e4b06b0acf,9900.0,9900.0,0.0,9900.0,9900.0,0.0,0.0,0.0,1.0
425e2f42-83b4-4b88-bacc-b7bb63fab1ab,2700.0,2700.0,0.0,2700.0,2700.0,0.0,0.0,0.0,1.0
42609afd-b43b-4a23-a814-6667c58c45b9,3800.0,3800.0,0.0,3800.0,3800.0,0.0,0.0,0.0,1.0
426b22a8-0660-4997-a61a-558810004146,895.0,895.0,0.0,895.0,895.0,0.0,0.0,0.0,1.0
427aaeae-5f6f-4bf4-bb06-e816a7c27537,2720.0,2720.0,0.0,2720.0,2720.0,0.0,0.0,0.0,1.0
427be68f-da4b-4e8d-8387-e61e34050ef8,9900.0,9900.0,0.0,9900.0,9900.0,0.0,0.0,0.0,1.0
427dd706-7cec-4c4f-a6de-9dc082bcea52,545.0,545.0,0.0,545.0,545.0,0.0,0.0,0.0,1.0
429a0daf-5c74-43ed-86e0-97faf751ba7c,895.0,895.0,0.0,895.0,895.0,0.0,0.0,0.0,1.0
429f3f1c-9cae-4223-bbcc-64e715d29d82,875.0,875.0,0.0,875.0,875.0,0.0,0.0,0.0,1.0
42a18718-8b52-4ac1-a85a-784efde1bb09,9900.0,9900.0,0.0,9900.0,9900.0,0.0,0.0,0.0,1.0
42a3e737-0519-4a07-94d1-4653ae376fc0,8495.0,8495.0,0.0,8495.0,8495.0,0.0,0.0,0.0,1.0
42a5210d-7b38-4499-93bb-fe08648f1264,3795.0,3795.0,0.0,3795.0,3795.0,0.0,0.0,0.0,1.0
42a7c7f3-c6db-432f-b65c-d79fdf18f153,8995.0,8995.0,0.0,8995.0,8995.0,0.0,0.0,0.0,1.0
42b16f1b-706c-44f4-8555-5e95ecfa9407,9900.0,9900.0,0.0,9900.0,9900.0,0.0,0.0,0.0,1.0
42c15723-6b12-444e-8aed-7759fba80af7,1245.0,1245.0,0.0,1245.0,1245.0,0.0,0.0,0.0,1.0
42c4ddfb-b54a-44e8-b98e-ae95a3be3b74,595.0,595.0,0.0,595.0,595.0,0.0,0.0,0.0,1.0
42c60dc1-db3a-4923-8298-6674b41ed776,445.0,445.0,0.0,445.0,445.0,0.0,0.0,0.0,1.0
42dedb3b-2f52-44fe-b208-58b0a8c6d43f,9500.0,9500.0,0.0,9500.0,9500.0,0.0,0.0,0.0,1.0
42e21ad4-eb56-4060-b7c8-3c33259a90bc,160.0,160.0,0.0,160.0,160.0,0.0,0.0,0.0,1.0
42e28421-bd5c-481f-9d2c-2d898227d17d,16900.0,16900.0,0.0,16900.0,16900.0,0.0,0.0,0.0,1.0
42e852cc-88fb-47a0-b683-f48c3ab1656e,795.0,795.0,0.0,795.0,795.0,0.0,0.0,0.0,1.0
42e86a04-e584-4ddf-a1f2-d660d271f94f,1345.0,1345.0,0.0,1345.0,1345.0,0.0,0.0,0.0,1.0
42e8ac89-b86f-45d2-9ca9-2313c6240be5,5995.0,5995.0,0.0,5995.0,5995.0,0.0,0.0,0.0,1.0
42eae844-4b11-4518-9d78-92260509a581,1080.0,1080.0,0.0,1080.0,1080.0,0.0,0.0,0.0,1.0
430ce2af-1147-4cf2-9416-590dc54f28dc,2095.0,2095.0,0.0,2095.0,2095.0,0.0,0.0,0.0,1.0
430d8538-76aa-45b8-991f-296fc77c92b8,1595.0,1595.0,0.0,1595.0,1595.0,0.0,0.0,0.0,1.0
430f1cd0-344f-45f4-b7bc-ccb2bc216849,1795.0,1795.0,0.0,1795.0,1795.0,0.0,0.0,0.0,1.0
4316f0df-1d06-42f8-9158-85b0810988a5,5130.0,5130.0,0.0,5130.0,5130.0,0.0,0.0,0.0,1.0
4319b7ee-10f1-4d67-9f20-41546f69a0d3,9900.0,9900.0,0.0,9900.0,9900.0,0.0,0.0,0.0,1.0
43205168-433b-4f17-813d-d209b200521f,2699.0,2699.0,0.0,2699.0,2699.0,0.0,0.0,0.0,1.0
43242a71-dac9-45de-adfa-ac601351f178,10500.0,10500.0,0.0,10500.0,10500.0,0.0,0.0,0.0,1.0
43351992-673e-4b20-b5a2-c8065c4d64d2,8995.0,8995.0,0.0,8995.0,8995.0,0.0,0.0,0.0,1.0
43357fd8-3a24-404c-9f22-18c037b6c119,2600.0,2600.0,0.0,2600.0,2600.0,0.0,0.0,0.0,1.0
43554102-8438-4dca-a9e0-47b081f3614c,10700.0,10700.0,0.0,10700.0,10700.0,0.0,0.0,0.0,1.0
43579138-a424-4484-ac4d-6ef4c71938e7,1095.0,1095.0,0.0,1095.0,1095.0,0.0,0.0,0.0,1.0
435e908e-cc10-4e4c-a2fd-5511714d8cd5,490.0,490.0,0.0,490.0,490.0,0.0,0.0,0.0,1.0
4363bc39-95f2-41d4-be84-fae9c52fb25f,15900.0,15900.0,0.0,15900.0,15900.0,0.0,0.0,0.0,1.0
436670db-6086-420c-8301-bbcb892eb3ef,895.0,895.0,0.0,895.0,895.0,0.0,0.0,0.0,1.0
4372f342-f143-4741-9057-4faa3cf73501,5990.0,5990.0,0.0,5990.0,5990.0,0.0,0.0,0.0,1.0
437d29b6-23a3-4a5b-aa15-6917cc2d429b,695.0,695.0,0.0,695.0,695.0,0.0,0.0,0.0,1.0
43850b74-ae81-462c-8512-999b2afeba39,540.0,540.0,0.0,540.0,540.0,0.0,0.0,0.0,1.0
4385c760-1dd1-4eb0-a84b-517fc14e8f35,4040.0,4040.0,0.0,4040.0,4040.0,0.0,0.0,0.0,1.0
4387ec27-7ed0-4d30-87d6-39e57b78c860,295.0,295.0,0.0,295.0,295.0,0.0,0.0,0.0,1.0
438a1c00-2dac-4405-b6fb-e16a7414ef66,1650.0,1650.0,0.0,1650.0,1650.0,0.0,0.0,0.0,1.0
438bb27e-9d27-4394-ae1c-8ec3f05c8bb2,1495.0,1495.0,0.0,1495.0,1495.0,0.0,0.0,0.0,1.0
438f14aa-8e56-4be2-b96e-bf654950bcd0,80.0,80.0,0.0,80.0,80.0,0.0,0.0,0.0,1.0
438ffcc1-b419-4187-83c3-f73ac2d5c8dd,3195.0,3195.0,0.0,3195.0,3195.0,0.0,0.0,0.0,1.0
4394d9f1-3291-4d58-9f53-5cad417b7533,3995.0,3995.0,0.0,3995.0,3995.0,0.0,0.0,0.0,1.0
43992ea9-4925-440a-bdf5-107f31c5229c,29900.0,29900.0,0.0,29900.0,29900.0,0.0,0.0,0.0,1.0
43a45efe-36ce-4cb2-8fd8-6b243494282e,11900.0,11900.0,0.0,11900.0,11900.0,0.0,0.0,0.0,1.0
43af437d-4920-4411-8bae-5200dcb464ac,3495.0,3495.0,0.0,3495.0,3495.0,0.0,0.0,0.0,1.0
43b3dc52-29e7-48fd-9032-eb6c0715a1f1,26900.0,26900.0,0.0,26900.0,26900.0,0.0,0.0,0.0,1.0
43c62722-7c8f-4c49-b720-da2271cf5215,1195.0,1195.0,0.0,1195.0,1195.0,0.0,0.0,0.0,1.0
43cccc04-342a-46e1-846d-3b3c94702f8e,4395.0,4395.0,0.0,4395.0,4395.0,0.0,0.0,0.0,1.0
43ce0ded-3adb-42ae-966f-531955bb025a,475.0,475.0,0.0,475.0,475.0,0.0,0.0,0.0,1.0
43d3ecc7-6fd4-433d-b130-64e57c7510c5,6995.0,6995.0,0.0,6995.0,6995.0,0.0,0.0,0.0,1.0
43d55b15-e47b-40c1-bba2-118474fb4a2b,1195.0,1195.0,0.0,1195.0,1195.0,0.0,0.0,0.0,1.0
43e2a3ed-53fc-459c-aa5b-e040f7826134,895.0,895.0,0.0,895.0,895.0,0.0,0.0,0.0,1.0
43e38e46-c76e-46a3-8b8d-0981d2a40280,12900.0,12900.0,0.0,12900.0,12900.0,0.0,0.0,0.0,1.0
43e3b091-5799-4e06-8af2-d4f0b1d3e495,25900.0,25900.0,0.0,25900.0,25900.0,0.0,0.0,0.0,1.0
43e4eaee-93cd-44ee-9364-9ed2112dece7,250.0,250.0,0.0,250.0,250.0,0.0,0.0,0.0,1.0
43e5a4bf-0f9c-4636-96bf-952641cc77eb,125.0,125.0,0.0,125.0,125.0,0.0,0.0,0.0,1.0
43eb8907-03b4-419a-8416-a6a94dfb6982,5995.0,5995.0,0.0,5995.0,5995.0,0.0,0.0,0.0,1.0
43ec100a-b058-4452-ac19-089ea0136e58,13900.0,13900.0,0.0,13900.0,13900.0,0.0,0.0,0.0,1.0
43f209a6-8ba7-4407-9dff-f80583041bca,395.0,395.0,0.0,395.0,395.0,0.0,0.0,0.0,1.0
43f65af4-7d67-4744-824e-245e9f053159,999.0,999.0,0.0,999.0,999.0,0.0,0.0,0.0,1.0
43fa7072-d360-408b-b35e-dda208911b48,29900.0,29900.0,0.0,29900.0,29900.0,0.0,0.0,0.0,1.0
43fa9ac6-f0ae-408c-a146-14ab839b6014,7995.0,7995.0,0.0,7995.0,7995.0,0.0,0.0,0.0,1.0
43fb3bbc-a1fa-4955-ae75-8b164b763756,1195.0,1195.0,0.0,1195.0,1195.0,0.0,0.0,0.0,1.0
44035959-094b-4187-bdb4-8d8b6656b0f9,19900.0,19900.0,0.0,19900.0,19900.0,0.0,0.0,0.0,1.0
4409a822-d56a-4a01-9444-498c5518dec0,225.0,225.0,0.0,225.0,225.0,0.0,0.0,0.0,1.0
4410b83e-ee42-48b7-be26-1c147aa49d14,45.0,45.0,0.0,45.0,45.0,0.0,0.0,0.0,1.0
441d0bde-1e79-4178-91b7-a5318ca7d71a,26900.0,26900.0,0.0,26900.0,26900.0,0.0,0.0,0.0,1.0
44229d97-11e6-4cc5-b01f-14f9682031c0,2345.0,2345.0,0.0,2345.0,2345.0,0.0,0.0,0.0,1.0
442a1070-1890-46c7-bb84-dbe1e81a5f8c,1495.0,1495.0,0.0,1495.0,1495.0,0.0,0.0,0.0,1.0
442ae70d-4d0b-4e4c-a893-c0b65c6c9aaa,1290.0,1290.0,0.0,1290.0,1290.0,0.0,0.0,0.0,1.0
442d27a0-2997-4ddb-935b-9c73864374f5,37900.0,37900.0,0.0,37900.0,37900.0,0.0,0.0,0.0,1.0
4432d418-1648-4acd-ac5c-c62ec8c55389,5495.0,5495.0,0.0,5495.0,5495.0,0.0,0.0,0.0,1.0
44425dae-5309-4dba-91ea-c221c96457da,995.0,995.0,0.0,995.0,995.0,0.0,0.0,0.0,1.0
4455263e-3878-4358-999e-3deb4ea8f15c,595.0,595.0,0.0,595.0,595.0,0.0,0.0,0.0,1.0
4457118e-51d8-478a-aab0-ed1875501c7b,24900.0,24900.0,0.0,24900.0,24900.0,0.0,0.0,0.0,1.0
445daa4e-3d10-4407-8f52-0b768697baf0,11500.0,11500.0,0.0,11500.0,11500.0,0.0,0.0,0.0,1.0
447078fe-3851-44d8-980a-839e6737d6e0,150.0,150.0,0.0,150.0,150.0,0.0,0.0,0.0,1.0
447cae73-261b-49f3-9003-114aa68dd7fa,6500.0,6500.0,0.0,6500.0,6500.0,0.0,0.0,0.0,1.0
447edec4-632e-4d18-bfdf-81db762a13d3,495.0,495.0,0.0,495.0,495.0,0.0,0.0,0.0,1.0
4481b015-f755-41c4-9bb4-39890c44b012,1295.0,1295.0,0.0,1295.0,1295.0,0.0,0.0,0.0,1.0
448e9ae6-8209-40e7-b734-38258b09f7a1,4050.0,4050.0,0.0,4050.0,4050.0,0.0,0.0,0.0,1.0
448ee1da-2995-4f45-be1c-cc099727bb37,1995.0,1995.0,0.0,1995.0,1995.0,0.0,0.0,0.0,1.0
449d35d8-8575-4c30-9c44-6cfb08acfc26,80.0,80.0,0.0,80.0,80.0,0.0,0.0,0.0,1.0
449e8c8b-e05d-42e7-905d-4b8acc130ab6,100.0,100.0,0.0,100.0,100.0,0.0,0.0,0.0,1.0
44a9fd26-e697-4886-a0d1-c6f613a31b9a,14900.0,14900.0,0.0,14900.0,14900.0,0.0,0.0,0.0,1.0
44aa4170-ed5c-4872-86ab-1d196998fd63,1195.0,1195.0,0.0,1195.0,1195.0,0.0,0.0,0.0,1.0
44ad2f0b-2f1b-4713-97d8-20a7549f9962,13900.0,13900.0,0.0,13900.0,13900.0,0.0,0.0,0.0,1.0
44b337d9-f7b1-4dd7-9812-e59cb06b8e0a,2800.0,2800.0,0.0,2800.0,2800.0,0.0,0.0,0.0,1.0
44b9367f-2115-4550-b32d-0e5617a95543,4900.0,4900.0,0.0,4900.0,4900.0,0.0,0.0,0.0,1.0
44bfa2bc-5312-4c52-8aa5-762cb2c482b0,1295.0,1295.0,0.0,1295.0,1295.0,0.0,0.0,0.0,1.0
44cd6d0e-0960-4c8a-a990-e070f925a80f,2995.0,2995.0,0.0,2995.0,2995.0,0.0,0.0,0.0,1.0
44ce6645-148e-47fa-b79f-db56a4b3fe1d,20900.0,20900.0,0.0,20900.0,20900.0,0.0,0.0,0.0,1.0
44dc926e-88fc-49e0-9815-941f9ec3b230,5995.0,5995.0,0.0,5995.0,5995.0,0.0,0.0,0.0,1.0
44dea96a-59c0-4c53-97e2-263e775bc2b7,2095.0,2095.0,0.0,2095.0,2095.0,0.0,0.0,0.0,1.0
44df526f-a479-4bf5-bf3b-caa727f0982a,1645.0,1645.0,0.0,1645.0,1645.0,0.0,0.0,0.0,1.0
44e455d0-4776-4487-9348-f764617b3137,9900.0,9900.0,0.0,9900.0,9900.0,0.0,0.0,0.0,1.0
4501dd58-8cc8-4912-baae-351f6ed6daa0,445.0,445.0,0.0,445.0,445.0,0.0,0.0,0.0,1.0
450cf43a-8f28-4faa-bae9-4f5fcdc0c154,645.0,645.0,0.0,645.0,645.0,0.0,0.0,0.0,1.0
45119e1a-7c36-4cec-9452-10be05087703,2900.0,2900.0,0.0,2900.0,2900.0,0.0,0.0,0.0,1.0
4518a0f1-7740-411b-b81c-93becc6d80bb,1595.0,1595.0,0.0,1595.0,1595.0,0.0,0.0,0.0,1.0
451960ea-ed24-4072-b514-b7a54aad6e01,6995.0,6995.0,0.0,6995.0,6995.0,0.0,0.0,0.0,1.0
451f93c0-568b-4d38-8992-234cc84c8f10,695.0,695.0,0.0,695.0,695.0,0.0,0.0,0.0,1.0
45219d8d-2283-4099-a55d-c2b89e8f44a3,995.0,995.0,0.0,995.0,995.0,0.0,0.0,0.0,1.0
4532b2a2-473a-4426-9d84-4f4afc862f20,5495.0,5495.0,0.0,5495.0,5495.0,0.0,0.0,0.0,1.0
4536f60b-76e6-40b6-9702-d794b7c8a0f4,7350.0,7350.0,0.0,7350.0,7350.0,0.0,0.0,0.0,1.0
4542d9be-171c-4d04-be3f-9bfb00fe94cc,23900.0,23900.0,0.0,23900.0,23900.0,0.0,0.0,0.0,1.0
45463512-9f7b-479e-9dde-1276bd902823,52900.0,52900.0,0.0,52900.0,52900.0,0.0,0.0,0.0,1.0
4547b958-256e-46ae-9052-2463954c8a89,695.0,695.0,0.0,695.0,695.0,0.0,0.0,0.0,1.0
454d384b-b2fb-4ca9-9781-fa837d60bd47,2095.0,2095.0,0.0,2095.0,2095.0,0.0,0.0,0.0,1.0
454e2bfe-e1b9-4702-bfd5-1bfda75a84fc,7100.0,7100.0,0.0,7100.0,7100.0,0.0,0.0,0.0,1.0
4556591c-073b-435e-a6ad-b8caa7e2a64e,3995.0,3995.0,0.0,3995.0,3995.0,0.0,0.0,0.0,1.0
4556830f-0e19-4a64-9710-a53bb54fe13f,1195.0,1195.0,0.0,1195.0,1195.0,0.0,0.0,0.0,1.0
45597a05-e182-42d9-8d27-93068d2f1972,39900.0,39900.0,0.0,39900.0,39900.0,0.0,0.0,0.0,1.0
455f220b-830d-4e3c-86fc-abac3f2d5fa2,35900.0,35900.0,0.0,35900.0,35900.0,0.0,0.0,0.0,1.0
45751e38-9fed-4c28-bc85-7b52c07b52f3,11900.0,11900.0,0.0,11900.0,11900.0,0.0,0.0,0.0,1.0
4576c7c7-7535-417c-aec1-4df26e8a4e73,495.0,495.0,0.0,495.0,495.0,0.0,0.0,0.0,1.0
45775381-00b2-4192-9033-69da6cd205ed,19900.0,19900.0,0.0,19900.0,19900.0,0.0,0.0,0.0,1.0
457f5ea6-28ae-47dc-b57f-9d8d42190321,395.0,395.0,0.0,395.0,395.0,0.0,0.0,0.0,1.0
458e85ce-d157-4df6-8a10-a9feadf5534c,1895.0,1895.0,0.0,1895.0,1895.0,0.0,0.0,0.0,1.0
458edd73-e9e0-432c-8fee-34bd188fd83c,395.0,395.0,0.0,395.0,395.0,0.0,0.0,0.0,1.0
45983df4-7b5a-42f0-b8ab-69d673f55866,565.0,565.0,0.0,565.0,565.0,0.0,0.0,0.0,1.0
45a60816-7703-4d38-a623-ccf361b2cfd9,1795.0,1795.0,0.0,1795.0,1795.0,0.0,0.0,0.0,1.0
45aad938-706e-4fcb-9fd1-28cba20af980,225.0,225.0,0.0,225.0,225.0,0.0,0.0,0.0,1.0
45aee801-08c2-4b51-a14e-09a6c88270be,2095.0,2095.0,0.0,2095.0,2095.0,0.0,0.0,0.0,1.0
45bba027-0287-483a-a6a6-2a5ea3ac0a66,4450.0,4450.0,0.0,4450.0,4450.0,0.0,0.0,0.0,1.0
45bd8809-9d85-494a-920b-be31cb6f39d6,125.0,125.0,0.0,125.0,125.0,0.0,0.0,0.0,1.0
45c03f29-e9c6-4224-9199-67ebd5790dc1,1395.0,1395.0,0.0,1395.0,1395.0,0.0,0.0,0.0,1.0
45c042d7-8651-418f-a7c1-b32c954ac53a,1535.0,1535.0,0.0,1535.0,1535.0,0.0,0.0,0.0,1.0
45c41970-dbc6-4ac1-8b4e-9c0dd0e99d6b,3995.0,3995.0,0.0,3995.0,3995.0,0.0,0.0,0.0,1.0
45c71d10-94a3-419e-9574-cefa07c2c00e,59900.0,59900.0,0.0,59900.0,59900.0,0.0,0.0,0.0,1.0
45de21a5-b1cd-4b75-b32b-755906275412,26900.0,26900.0,0.0,26900.0,26900.0,0.0,0.0,0.0,1.0
45e4821a-ae8f-4373-b0f3-a8a2e0ad5519,2445.0,2445.0,0.0,2445.0,2445.0,0.0,0.0,0.0,1.0
45f1bf76-3524-4779-81df-eec4ebaae8ba,28900.0,28900.0,0.0,28900.0,28900.0,0.0,0.0,0.0,1.0
45fafc53-deb6-4143-a327-3ebb5535f734,1195.0,1195.0,0.0,1195.0,1195.0,0.0,0.0,0.0,1.0
45fc706a-4a34-48c5-9c55-eabee159aacd,10900.0,10900.0,0.0,10900.0,10900.0,0.0,0.0,0.0,1.0
4607628a-49cf-4a80-b564-23cf266aff89,15900.0,15900.0,0.0,15900.0,15900.0,0.0,0.0,0.0,1.0
46184595-f1e4-4aa5-a727-50132102739e,2350.0,2350.0,0.0,2350.0,2350.0,0.0,0.0,0.0,1.0
461e6f68-ea7f-487e-85fc-d24a2aeff974,465.0,465.0,0.0,465.0,465.0,0.0,0.0,0.0,1.0
463491cd-9914-402e-a9a7-b3472b142962,3995.0,3995.0,0.0,3995.0,3995.0,0.0,0.0,0.0,1.0
46381a3b-71fa-4849-a2a3-8f1a8728e9cd,995.0,995.0,0.0,995.0,995.0,0.0,0.0,0.0,1.0
463a81a3-13e8-463b-8925-304c2d1c0428,4000.0,4000.0,0.0,4000.0,4000.0,0.0,0.0,0.0,1.0
463c5926-c2e1-48ef-9623-2c1baf53377c,44900.0,44900.0,0.0,44900.0,44900.0,0.0,0.0,0.0,1.0
46440ad0-dda0-4b4e-8b97-a98609d7d5c8,13900.0,13900.0,0.0,13900.0,13900.0,0.0,0.0,0.0,1.0
464a2bc5-d9c7-465b-8101-9eb5649625ca,3565.0,3565.0,0.0,3565.0,3565.0,0.0,0.0,0.0,1.0
464b0d4d-ca3f-4235-9d0d-b94295c2d4b0,4495.0,4495.0,0.0,4495.0,4495.0,0.0,0.0,0.0,1.0
465a0f9e-edae-4e57-8146-46d8d594eeb0,460.0,460.0,0.0,460.0,460.0,0.0,0.0,0.0,1.0
465db5fe-69f5-420e-bed1-5aadf6a962fa,2249.0,2249.0,0.0,2249.0,2249.0,0.0,0.0,0.0,1.0
4663523d-0b36-46a6-a29a-8620ca87aace,215.0,215.0,0.0,215.0,215.0,0.0,0.0,0.0,1.0
4664cce3-2a0a-4146-a58f-9aaf64ec195b,5195.0,5195.0,0.0,5195.0,5195.0,0.0,0.0,0.0,1.0
46677342-5cef-470a-baab-e3b9712bc7ee,1795.0,1795.0,0.0,1795.0,1795.0,0.0,0.0,0.0,1.0
466dc239-44e7-4242-bbef-4d8ca8ada1c9,265.0,265.0,0.0,265.0,265.0,0.0,0.0,0.0,1.0
467de8a0-3dda-4916-bcd9-2ece018e6120,1400.0,1400.0,0.0,1400.0,1400.0,0.0,0.0,0.0,1.0
467f3735-fa1f-4204-8885-fda5a92829a7,1499.0,1499.0,0.0,1499.0,1499.0,0.0,0.0,0.0,1.0
46b2ee92-466a-45c3-afc0-fda9e0667c73,19900.0,19900.0,0.0,19900.0,19900.0,0.0,0.0,0.0,1.0
46b7ee3b-9123-4d54-a1ba-4ab3c108b795,6495.0,6495.0,0.0,6495.0,6495.0,0.0,0.0,0.0,1.0
46b9bd2a-2730-4efa-83b1-229c53e5c0a3,1195.0,1195.0,0.0,1195.0,1195.0,0.0,0.0,0.0,1.0
46be9a7b-60c0-4031-9106-7b828cb79de5,595.0,595.0,0.0,595.0,595.0,0.0,0.0,0.0,1.0
46c41426-b2ae-43a1-937b-5b177b3517c0,8495.0,8495.0,0.0,8495.0,8495.0,0.0,0.0,0.0,1.0
46c9d1e0-d157-46c3-97b1-a78fe5dc3a6e,8900.0,8900.0,0.0,8900.0,8900.0,0.0,0.0,0.0,1.0
46cb31bd-8567-43e3-b913-58e4e7f26ed0,45.0,45.0,0.0,45.0,45.0,0.0,0.0,0.0,1.0
46cec4fa-a299-46a3-82dd-a65c2452a8d9,2695.0,2695.0,0.0,2695.0,2695.0,0.0,0.0,0.0,1.0
46dc6d09-e502-4b2b-be36-884505ef9c2a,445.0,445.0,0.0,445.0,445.0,0.0,0.0,0.0,1.0
46de9da5-0b71-40e2-8504-0d3cad3d756f,595.0,595.0,0.0,595.0,595.0,0.0,0.0,0.0,1.0
46e1170f-683b-4395-95b6-f04e927cd90b,995.0,995.0,0.0,995.0,995.0,0.0,0.0,0.0,1.0
46e15563-2e51-4e4d-b6c0-486d90e9988a,1495.0,1495.0,0.0,1495.0,1495.0,0.0,0.0,0.0,1.0
46e3d596-aae0-428d-bfae-b75fe23411d2,34900.0,34900.0,0.0,34900.0,34900.0,0.0,0.0,0.0,1.0
46f5c5ca-1a97-4140-a31a-076e6088917a,120.0,120.0,0.0,120.0,120.0,0.0,0.0,0.0,1.0
46f90da5-0b4a-4060-9625-3113d8c9422f,2995.0,2995.0,0.0,2995.0,2995.0,0.0,0.0,0.0,1.0
4705ffd7-7071-4a33-9ed8-b60eda1454bc,24900.0,24900.0,0.0,24900.0,24900.0,0.0,0.0,0.0,1.0
47143df3-1ad3-4a5e-951e-e209e9c5c88a,1245.0,1245.0,0.0,1245.0,1245.0,0.0,0.0,0.0,1.0
471b5a0c-a783-4f8a-a0b3-f4a16b2b1c75,1295.0,1295.0,0.0,1295.0,1295.0,0.0,0.0,0.0,1.0
471c8f3f-629e-474c-b8c4-5129950c993c,12500.0,12500.0,0.0,12500.0,12500.0,0.0,0.0,0.0,1.0
47211b22-8cbf-4f05-bc4a-5189970b7a1e,19900.0,19900.0,0.0,19900.0,19900.0,0.0,0.0,0.0,1.0
4722dcec-ecf9-4413-839a-54814b99e2d9,2495.0,2495.0,0.0,2495.0,2495.0,0.0,0.0,0.0,1.0
4729bbad-5a48-43f0-8cea-981006a1a223,275.0,275.0,0.0,275.0,275.0,0.0,0.0,0.0,1.0
473558b9-36bb-403e-b228-6b302922b372,4495.0,4495.0,0.0,4495.0,4495.0,0.0,0.0,0.0,1.0
4739ece8-b616-424f-8d9f-89ce7b5e3f7b,14500.0,14500.0,0.0,14500.0,14500.0,0.0,0.0,0.0,1.0
47429a6a-9cdb-4830-9e76-3e956b8297c8,1245.0,1245.0,0.0,1245.0,1245.0,0.0,0.0,0.0,1.0
475109f7-cb57-48e6-89a6-0338c0e3f40b,699.0,699.0,0.0,699.0,699.0,0.0,0.0,0.0,1.0
47549961-d83b-4d36-a065-8f17cdf62717,16900.0,16900.0,0.0,16900.0,16900.0,0.0,0.0,0.0,1.0
47625aeb-524f-4459-9f5f-712273939b48,140.0,140.0,0.0,140.0,140.0,0.0,0.0,0.0,1.0
4779367b-7fac-46d8-8021-4c7faac0d8f1,15500.0,15500.0,0.0,15500.0,15500.0,0.0,0.0,0.0,1.0
477cdbfb-fb65-43ab-9dd3-93135072341e,345.0,345.0,0.0,345.0,345.0,0.0,0.0,0.0,1.0
4780402c-1f9e-4749-ad31-ce7ee8574f87,8495.0,8495.0,0.0,8495.0,8495.0,0.0,0.0,0.0,1.0
47840cdc-672a-41f8-8635-100a391c90fb,1195.0,1195.0,0.0,1195.0,1195.0,0.0,0.0,0.0,1.0
47848fbd-e681-4c1e-abb5-ae4d84038eff,7900.0,7900.0,0.0,7900.0,7900.0,0.0,0.0,0.0,1.0
479dbe2e-aee7-4921-bf5b-db3e7d953b50,475.0,475.0,0.0,475.0,475.0,0.0,0.0,0.0,1.0
47a262ae-9f2f-4e52-b99e-c09a91e407d5,27900.0,27900.0,0.0,27900.0,27900.0,0.0,0.0,0.0,1.0
47a958c3-954d-400f-835a-d68827d882a7,3495.0,3495.0,0.0,3495.0,3495.0,0.0,0.0,0.0,1.0
47a9c8dd-fcc0-4745-8718-63af725bd7ec,1650.0,1650.0,0.0,1650.0,1650.0,0.0,0.0,0.0,1.0
47aa94b6-ec3b-48e0-9a15-4ea25bb399f2,10900.0,10900.0,0.0,10900.0,10900.0,0.0,0.0,0.0,1.0
47b2fe3b-df37-4f1a-975b-2ffd3041ffbf,11840.0,11840.0,0.0,11840.0,11840.0,0.0,0.0,0.0,1.0
47b75a0e-1922-43b0-a9ea-4358108b214b,1695.0,1695.0,0.0,1695.0,1695.0,0.0,0.0,0.0,1.0
47bf5d5d-ab25-45fc-91b6-af300ef100fc,14500.0,14500.0,0.0,14500.0,14500.0,0.0,0.0,0.0,1.0
47c2dee6-9c6a-45b8-ba44-6fa60eb2c17c,3195.0,3195.0,0.0,3195.0,3195.0,0.0,0.0,0.0,1.0
47c34464-ac44-4190-ad6b-05e5a2064c3b,10500.0,10500.0,0.0,10500.0,10500.0,0.0,0.0,0.0,1.0
47c38d7b-636d-4560-ad48-e39db1f5f00f,4995.0,4995.0,0.0,4995.0,4995.0,0.0,0.0,0.0,1.0
47c6221a-ca3c-47b2-b029-ba1b2fb73a78,1695.0,1695.0,0.0,1695.0,1695.0,0.0,0.0,0.0,1.0
47db22da-5ffe-4781-b0e9-bf603ea149a7,3995.0,3995.0,0.0,3995.0,3995.0,0.0,0.0,0.0,1.0
47e1f5c1-6635-4d8c-87d1-30969463f5d6,4995.0,4995.0,0.0,4995.0,4995.0,0.0,0.0,0.0,1.0
47ea8641-1205-4a5d-ba68-07fc846a1edc,2195.0,2195.0,0.0,2195.0,2195.0,0.0,0.0,0.0,1.0
47f22752-c6db-49c0-9e8e-5ff07949323b,3295.0,3295.0,0.0,3295.0,3295.0,0.0,0.0,0.0,1.0
48000e76-bb64-4492-a27e-c3968838de4b,1595.0,1595.0,0.0,1595.0,1595.0,0.0,0.0,0.0,1.0
4807a13a-4fef-43d3-b8eb-06b7eb18cb16,30900.0,30900.0,0.0,30900.0,30900.0,0.0,0.0,0.0,1.0
48100cc7-deb6-4b27-af73-9c13c6b8b942,9995.0,9995.0,0.0,9995.0,9995.0,0.0,0.0,0.0,1.0
48102fba-c418-4726-9c1d-5ee75b450eab,595.0,595.0,0.0,595.0,595.0,0.0,0.0,0.0,1.0
48173d88-d204-4453-8bcc-6fc1837b73b5,395.0,395.0,0.0,395.0,395.0,0.0,0.0,0.0,1.0
4817b5b3-4f95-47a0-bf1a-a947b1aa9e70,8995.0,8995.0,0.0,8995.0,8995.0,0.0,0.0,0.0,1.0
481acbcf-967b-4659-8657-3c78b7c3ce12,4050.0,4050.0,0.0,4050.0,4050.0,0.0,0.0,0.0,1.0
481cfb32-ac4f-49ce-b520-66ee50af853a,54900.0,54900.0,0.0,54900.0,54900.0,0.0,0.0,0.0,1.0
483227f4-2166-4fbc-843c-f431475640c6,13900.0,13900.0,0.0,13900.0,13900.0,0.0,0.0,0.0,1.0
4832fa05-a967-4b2c-8ba1-d008ec5e5a0f,3995.0,3995.0,0.0,3995.0,3995.0,0.0,0.0,0.0,1.0
4844d2c9-a7db-49a3-a2d0-f159e77673ff,1065.0,1065.0,0.0,1065.0,1065.0,0.0,0.0,0.0,1.0
484d4471-bbe0-4605-93e8-c463482dd09a,645.0,645.0,0.0,645.0,645.0,0.0,0.0,0.0,1.0
4853489e-7cc2-40e3-80ce-29b2343b64ad,2795.0,2795.0,0.0,2795.0,2795.0,0.0,0.0,0.0,1.0
485996ae-541f-45a2-bdc2-3cef9a0f6429,1695.0,1695.0,0.0,1695.0,1695.0,0.0,0.0,0.0,1.0
485aa19f-017e-459a-b0cc-7183769948d1,14900.0,14900.0,0.0,14900.0,14900.0,0.0,0.0,0.0,1.0
485fa612-f503-4c81-8a16-8e324abcfd80,3995.0,3995.0,0.0,3995.0,3995.0,0.0,0.0,0.0,1.0
4862e0a9-8424-4bba-a171-33ad1b7d8f42,14900.0,14900.0,0.0,14900.0,14900.0,0.0,0.0,0.0,1.0
4869abff-50a4-4622-961f-0fbda74a6860,2095.0,2095.0,0.0,2095.0,2095.0,0.0,0.0,0.0,1.0
4870a303-9462-4258-80a9-f2912dd4b807,52900.0,52900.0,0.0,52900.0,52900.0,0.0,0.0,0.0,1.0
48761af4-f32f-408e-8fdd-958ee68b9205,1495.0,1495.0,0.0,1495.0,1495.0,0.0,0.0,0.0,1.0
48779426-79d7-4058-8164-473ba1695c41,2720.0,2720.0,0.0,2720.0,2720.0,0.0,0.0,0.0,1.0
4887d8ad-c017-42dd-8f7f-7b1ea92053d6,28900.0,28900.0,0.0,28900.0,28900.0,0.0,0.0,0.0,1.0
488921c3-1c36-4e72-bce5-a30e5109efa2,2700.0,2700.0,0.0,2700.0,2700.0,0.0,0.0,0.0,1.0
488d09d7-540c-45e8-b3dc-c2a7d4edd877,3399.0,3399.0,0.0,3399.0,3399.0,0.0,0.0,0.0,1.0
488f3a5c-e4ba-4b16-af1a-c5caf64f7ac5,2595.0,2595.0,0.0,2595.0,2595.0,0.0,0.0,0.0,1.0
48983f53-3437-4309-9909-17adcece2c3b,5495.0,5495.0,0.0,5495.0,5495.0,0.0,0.0,0.0,1.0
489ebf68-b1de-4918-ab66-267487a605df,7400.0,7400.0,0.0,7400.0,7400.0,0.0,0.0,0.0,1.0
48aa4fb6-92e1-4468-ac08-7ecdff30d1b9,13500.0,13500.0,0.0,13500.0,13500.0,0.0,0.0,0.0,1.0
48ae23fa-e5ee-478d-8f57-d27114ba9d7e,1295.0,1295.0,0.0,1295.0,1295.0,0.0,0.0,0.0,1.0
48afce88-18c3-4a0d-acd3-1f90e62b309e,3695.0,3695.0,0.0,3695.0,3695.0,0.0,0.0,0.0,1.0
48c6a2a3-ee8a-4dff-abce-9926f78e30f8,225.0,225.0,0.0,225.0,225.0,0.0,0.0,0.0,1.0
48c9128a-4192-480e-9e7d-838047d753c9,5295.0,5295.0,0.0,5295.0,5295.0,0.0,0.0,0.0,1.0
48d25926-5505-4e50-83c7-88021f79cb24,1199.0,1199.0,0.0,1199.0,1199.0,0.0,0.0,0.0,1.0
48d8734b-c872-4d10-95cf-bd66609c1994,3060.0,3060.0,0.0,3060.0,3060.0,0.0,0.0,0.0,1.0
48e62309-79e6-44f9-b00e-a874a6f77c6f,595.0,595.0,0.0,595.0,595.0,0.0,0.0,0.0,1.0
48edb4d8-a10b-4a46-8ce6-ae66642a20c8,999.0,999.0,0.0,999.0,999.0,0.0,0.0,0.0,1.0
48fbea44-8d68-4e90-85c8-a86fd9938706,895.0,895.0,0.0,895.0,895.0,0.0,0.0,0.0,1.0
4900900a-bcb9-4b39-a2ff-3311faefbf9e,11900.0,11900.0,0.0,11900.0,11900.0,0.0,0.0,0.0,1.0
49088aba-a1ec-4a8b-8e02-578f96ab6d8b,44900.0,44900.0,0.0,44900.0,44900.0,0.0,0.0,0.0,1.0
491761bf-97a4-45c5-a149-adcdbd939c6e,49900.0,49900.0,0.0,49900.0,49900.0,0.0,0.0,0.0,1.0
49179ae6-dee1-44be-b7ee-ad4f37e9fdca,16900.0,16900.0,0.0,16900.0,16900.0,0.0,0.0,0.0,1.0
491a9001-b601-4d5c-9908-4882d2f9875f,1595.0,1595.0,0.0,1595.0,1595.0,0.0,0.0,0.0,1.0
4920e125-932a-4d0f-8cf6-4b031071b2c8,9900.0,9900.0,0.0,9900.0,9900.0,0.0,0.0,0.0,1.0
4931f74d-d77f-4b1d-bd97-2eb90e53adc0,1395.0,1395.0,0.0,1395.0,1395.0,0.0,0.0,0.0,1.0
49335cfd-c714-4bdc-b1eb-a415fc2c2a1f,395.0,395.0,0.0,395.0,395.0,0.0,0.0,0.0,1.0
4934dac3-3def-406b-b3b4-9db7b8e54f8b,1099.0,1099.0,0.0,1099.0,1099.0,0.0,0.0,0.0,1.0
4945ee5b-d160-4c88-9244-9d4012be2ab6,1695.0,1695.0,0.0,1695.0,1695.0,0.0,0.0,0.0,1.0
49460d07-009e-4215-8904-e8b778543de5,599.0,599.0,0.0,599.0,599.0,0.0,0.0,0.0,1.0
494a0ec9-6128-468e-a25e-5a86cb82b4cf,5495.0,5495.0,0.0,5495.0,5495.0,0.0,0.0,0.0,1.0
494fb559-59ce-43ee-a77f-ace2e2d0a61b,2995.0,2995.0,0.0,2995.0,2995.0,0.0,0.0,0.0,1.0
4952007e-7711-4af6-87cc-d0ef8a469b60,1295.0,1295.0,0.0,1295.0,1295.0,0.0,0.0,0.0,1.0
496c35cc-6ec2-4847-ad74-a2dce446bfbb,420.0,420.0,0.0,420.0,420.0,0.0,0.0,0.0,1.0
49706449-f85b-4088-bfc5-87e73ae09987,3695.0,3695.0,0.0,3695.0,3695.0,0.0,0.0,0.0,1.0
49741a9f-bbb1-4679-badf-34aabad032ee,1495.0,1495.0,0.0,1495.0,1495.0,0.0,0.0,0.0,1.0
497a96fc-ac4e-4a40-8c9e-23b05211d5d3,24900.0,24900.0,0.0,24900.0,24900.0,0.0,0.0,0.0,1.0
498853f3-aed9-4025-98ae-74bd36366f2e,435.0,435.0,0.0,435.0,435.0,0.0,0.0,0.0,1.0
4998b406-1f7a-4ac7-b57e-08be6d720e53,15900.0,15900.0,0.0,15900.0,15900.0,0.0,0.0,0.0,1.0
499a4e02-c25e-4a76-810a-cf95766420e4,845.0,845.0,0.0,845.0,845.0,0.0,0.0,0.0,1.0
49ae1770-d336-4a21-8ef3-db9c7f108097,2995.0,2995.0,0.0,2995.0,2995.0,0.0,0.0,0.0,1.0
49bcc8a1-a6a9-4ead-a126-af0ef4c347cf,315.0,315.0,0.0,315.0,315.0,0.0,0.0,0.0,1.0
49cbdb81-07e6-4c51-bf34-203a1ca8b21f,11900.0,11900.0,0.0,11900.0,11900.0,0.0,0.0,0.0,1.0
49cea957-d756-45ca-9bb1-543818ff33bf,2295.0,2295.0,0.0,2295.0,2295.0,0.0,0.0,0.0,1.0
49db5e1e-14f9-4afc-9fdb-72316970c773,1295.0,1295.0,0.0,1295.0,1295.0,0.0,0.0,0.0,1.0
49f032ff-63a9-43ef-aa55-d74ec836a32b,4995.0,4995.0,0.0,4995.0,4995.0,0.0,0.0,0.0,1.0
4a03c563-c6ef-4478-ab5e-68b4ba4f883c,1995.0,1995.0,0.0,1995.0,1995.0,0.0,0.0,0.0,1.0
4a1a5efc-83ff-4b49-b9ca-d9bda0071f5a,13900.0,13900.0,0.0,13900.0,13900.0,0.0,0.0,0.0,1.0
4a1ac507-7027-4aa7-b23e-4beb61113674,9900.0,9900.0,0.0,9900.0,9900.0,0.0,0.0,0.0,1.0
4a1b4cb5-30aa-457b-9ed5-5dee3d7e0a81,13900.0,13900.0,0.0,13900.0,13900.0,0.0,0.0,0.0,1.0
4a1cc437-719c-48f6-9078-2694a004bdc4,7900.0,7900.0,0.0,7900.0,7900.0,0.0,0.0,0.0,1.0
4a1ddff1-c68b-44d8-a753-66bca520c438,1395.0,1395.0,0.0,1395.0,1395.0,0.0,0.0,0.0,1.0
4a2ecdb1-76ed-47a7-a638-c7863375fd63,2700.0,2700.0,0.0,2700.0,2700.0,0.0,0.0,0.0,1.0
4a2fb525-58a7-4be4-aa4c-372f4017a456,6940.0,6940.0,0.0,6940.0,6940.0,0.0,0.0,0.0,1.0
4a343483-2556-4264-9f7a-eeedb7c849dc,3595.0,3595.0,0.0,3595.0,3595.0,0.0,0.0,0.0,1.0
4a45f56f-e0f6-4f93-9a6e-a44263d0f1d1,6900.0,6900.0,0.0,6900.0,6900.0,0.0,0.0,0.0,1.0
4a487558-a0c6-439f-869e-cb9a73a8baaf,21900.0,21900.0,0.0,21900.0,21900.0,0.0,0.0,0.0,1.0
4a4cb25b-4479-4f2a-ba52-0745d413b9b4,10900.0,10900.0,0.0,10900.0,10900.0,0.0,0.0,0.0,1.0
4a4d44fc-acff-442e-a8eb-cb98d597f430,16500.0,16500.0,0.0,16500.0,16500.0,0.0,0.0,0.0,1.0
4a500fe3-09cd-4608-83e0-05748c19f033,3995.0,3995.0,0.0,3995.0,3995.0,0.0,0.0,0.0,1.0
4a5073fa-5b86-43d1-a35b-1278fe8ec835,13500.0,13500.0,0.0,13500.0,13500.0,0.0,0.0,0.0,1.0
4a586241-1d14-436e-9083-594b4ae33480,6995.0,6995.0,0.0,6995.0,6995.0,0.0,0.0,0.0,1.0
4a6627e6-edea-4bfa-9d04-b658747d57b2,495.0,495.0,0.0,495.0,495.0,0.0,0.0,0.0,1.0
4a6a460b-b286-4b5f-a0c9-8bfe16744637,5495.0,5495.0,0.0,5495.0,5495.0,0.0,0.0,0.0,1.0
4a6af225-b2d7-4310-9aff-dfd8f8b15cae,845.0,845.0,0.0,845.0,845.0,0.0,0.0,0.0,1.0
4a72874f-d92d-41ef-87f8-a5f6d868e58e,3300.0,3300.0,0.0,3300.0,3300.0,0.0,0.0,0.0,1.0
4a997947-36ad-4fa0-873a-7e2950c96c99,1050.0,1050.0,0.0,1050.0,1050.0,0.0,0.0,0.0,1.0
4aa03ec4-4229-4316-8118-bb815d0962e8,16900.0,16900.0,0.0,16900.0,16900.0,0.0,0.0,0.0,1.0
4aa6562d-4754-41c9-a033-e1f05fae5a97,335.0,335.0,0.0,335.0,335.0,0.0,0.0,0.0,1.0
4aace270-e5df-4af8-9dcd-467453fd9828,2599.0,2599.0,0.0,2599.0,2599.0,0.0,0.0,0.0,1.0
4ab16ed5-4df5-4aaf-95ac-b1c07ef1c5cb,225.0,225.0,0.0,225.0,225.0,0.0,0.0,0.0,1.0
4ab2c974-460c-4e77-9cd0-0af489b0e1bd,1495.0,1495.0,0.0,1495.0,1495.0,0.0,0.0,0.0,1.0
4ac309e5-8019-45b1-a7b6-66927b841dbb,1250.0,1250.0,0.0,1250.0,1250.0,0.0,0.0,0.0,1.0
4ac73d5b-8bbc-4325-afff-4e4150697f92,11500.0,11500.0,0.0,11500.0,11500.0,0.0,0.0,0.0,1.0
4acad93b-99ba-4873-a0f2-ddbe7c0aa298,445.0,445.0,0.0,445.0,445.0,0.0,0.0,0.0,1.0
4acd7ff1-2005-4a6f-b232-c261be90ea02,595.0,595.0,0.0,595.0,595.0,0.0,0.0,0.0,1.0
4acf75e7-2b79-4fce-8d9a-a733b4ef815a,17900.0,17900.0,0.0,17900.0,17900.0,0.0,0.0,0.0,1.0
4ad64b45-1c0a-4c79-9caa-91f1d4c51c7d,29900.0,29900.0,0.0,29900.0,29900.0,0.0,0.0,0.0,1.0
4ad6bd06-b9bb-4efa-89f9-1ebaefafefd6,1695.0,1695.0,0.0,1695.0,1695.0,0.0,0.0,0.0,1.0
4ad8f432-7198-44ca-b444-d4393d716273,100.0,100.0,0.0,100.0,100.0,0.0,0.0,0.0,1.0
4ad9206b-7106-4d2e-8379-0ffa56573289,11900.0,11900.0,0.0,11900.0,11900.0,0.0,0.0,0.0,1.0
4ada989c-4950-48af-90a9-76b1a7701032,7495.0,7495.0,0.0,7495.0,7495.0,0.0,0.0,0.0,1.0
4adeae25-db87-43f6-acc3-36948f8b4a3f,5795.0,5795.0,0.0,5795.0,5795.0,0.0,0.0,0.0,1.0
4aecdbc4-cdd9-4885-9123-748bcdc1f699,3295.0,3295.0,0.0,3295.0,3295.0,0.0,0.0,0.0,1.0
4af08eff-f347-4b6c-8196-be8ef5506abd,895.0,895.0,0.0,895.0,895.0,0.0,0.0,0.0,1.0
4af9339f-2bb2-460a-b8e2-b44ec5a7f5d0,2100.0,2100.0,0.0,2100.0,2100.0,0.0,0.0,0.0,1.0
4af97db9-b21a-41b8-a997-9c552411ff91,1595.0,1595.0,0.0,1595.0,1595.0,0.0,0.0,0.0,1.0
4afa486d-070f-4a3d-8ccd-e966597afd28,5900.0,5900.0,0.0,5900.0,5900.0,0.0,0.0,0.0,1.0
4afc177d-767a-42be-8111-ba2f3e421681,13900.0,13900.0,0.0,13900.0,13900.0,0.0,0.0,0.0,1.0
4b076292-c6ac-4c46-855d-02fc1490b4e4,105.0,105.0,0.0,105.0,105.0,0.0,0.0,0.0,1.0
4b08863f-6e3e-42b7-94f1-2060afba21cf,700.0,700.0,0.0,700.0,700.0,0.0,0.0,0.0,1.0
4b1a75f5-439c-4d81-86a3-ac9a50ceedec,3399.0,3399.0,0.0,3399.0,3399.0,0.0,0.0,0.0,1.0
4b1ca298-2d5a-4320-a8d1-291420f740a1,1095.0,1095.0,0.0,1095.0,1095.0,0.0,0.0,0.0,1.0
4b213b2f-9464-465d-b6b1-e02ceb2707ad,6500.0,6500.0,0.0,6500.0,6500.0,0.0,0.0,0.0,1.0
4b2f2d2e-4688-43e7-bce7-a041f3844b92,845.0,845.0,0.0,845.0,845.0,0.0,0.0,0.0,1.0
4b313cba-31fc-45f6-89d6-1bd8d4845fe3,4995.0,4995.0,0.0,4995.0,4995.0,0.0,0.0,0.0,1.0
4b3183d5-0c15-4526-8246-9c548c71278e,28900.0,28900.0,0.0,28900.0,28900.0,0.0,0.0,0.0,1.0
4b3bf781-164d-49a7-b4cb-04fc6c924a4b,4195.0,4195.0,0.0,4195.0,4195.0,0.0,0.0,0.0,1.0
4b3d6622-2934-4ddf-8922-5a3a0b51ea60,310.0,310.0,0.0,310.0,310.0,0.0,0.0,0.0,1.0
4b3e6f17-293e-4fd2-9119-cd98cdec8159,5995.0,5995.0,0.0,5995.0,5995.0,0.0,0.0,0.0,1.0
4b44caf6-d9f4-4c83-9ec6-ebd977a13c1e,540.0,540.0,0.0,540.0,540.0,0.0,0.0,0.0,1.0
4b4e2722-ce02-4289-ac90-566d309a985d,41900.0,41900.0,0.0,41900.0,41900.0,0.0,0.0,0.0,1.0
4b514772-c325-4edd-af87-fadfa0bc52ed,990.0,990.0,0.0,990.0,990.0,0.0,0.0,0.0,1.0
4b53fdc5-dea1-442b-923d-ee8c8a8de052,1995.0,1995.0,0.0,1995.0,1995.0,0.0,0.0,0.0,1.0
4b62c415-cca3-4921-bf20-e21ca7de82ab,16900.0,16900.0,0.0,16900.0,16900.0,0.0,0.0,0.0,1.0
4b655dc2-6714-4ef6-a426-aed45cad6c09,1520.0,1520.0,0.0,1520.0,1520.0,0.0,0.0,0.0,1.0
4b7085b4-46ab-42d0-9b46-879db66ff387,1120.0,1120.0,0.0,1120.0,1120.0,0.0,0.0,0.0,1.0
4b7b36be-360f-4e8b-84fb-da2913a00058,1950.0,1950.0,0.0,1950.0,1950.0,0.0,0.0,0.0,1.0
4b7eaa47-19e5-4a9e-865a-b6eb82cd1377,4295.0,4295.0,0.0,4295.0,4295.0,0.0,0.0,0.0,1.0
4b81b6af-c945-4e7c-bf50-d079d6a5408e,600.0,600.0,0.0,600.0,600.0,0.0,0.0,0.0,1.0
4b848efa-8e31-4b28-8880-25d2872bd92a,6995.0,6995.0,0.0,6995.0,6995.0,0.0,0.0,0.0,1.0
4b85c68f-fae8-4386-a322-10bcd354146a,9900.0,9900.0,0.0,9900.0,9900.0,0.0,0.0,0.0,1.0
4b90aadc-37c0-49b8-a790-feffdac694a5,395.0,395.0,0.0,395.0,395.0,0.0,0.0,0.0,1.0
4b90dbda-99e6-4f07-9073-cb0fea8dacf2,13900.0,13900.0,0.0,13900.0,13900.0,0.0,0.0,0.0,1.0
4b938469-ac07-4887-950c-74982d2c228c,5310.0,5310.0,0.0,5310.0,5310.0,0.0,0.0,0.0,1.0
4b977bf5-c040-4dd8-bd42-d236b5a52c2f,6090.0,6090.0,0.0,6090.0,6090.0,0.0,0.0,0.0,1.0
4ba8dc1b-bc91-400a-b289-63aa64c06537,1195.0,1195.0,0.0,1195.0,1195.0,0.0,0.0,0.0,1.0
4bb21bc5-cab1-458c-acd9-f61e1c113eae,1995.0,1995.0,0.0,1995.0,1995.0,0.0,0.0,0.0,1.0
4bb32015-2e04-4d2b-8141-7efcad685f5a,300.0,300.0,0.0,300.0,300.0,0.0,0.0,0.0,1.0
4bb55f60-3e5f-4c10-b9e2-597bf83e6d11,1580.0,1580.0,0.0,1580.0,1580.0,0.0,0.0,0.0,1.0
4bc9a59b-f3c2-49fa-8036-5e4f4c69f360,17900.0,17900.0,0.0,17900.0,17900.0,0.0,0.0,0.0,1.0
4befab6a-79f8-4282-86cf-325b6d17c92c,1595.0,1595.0,0.0,1595.0,1595.0,0.0,0.0,0.0,1.0
4bf2f232-edae-4489-8b21-2a320f5220fc,6500.0,6500.0,0.0,6500.0,6500.0,0.0,0.0,0.0,1.0
4bfa0261-a3dd-4063-9764-4835e928025b,2595.0,2595.0,0.0,2595.0,2595.0,0.0,0.0,0.0,1.0
4bfce6e0-02c3-4c98-a76f-21a081e54736,990.0,990.0,0.0,990.0,990.0,0.0,0.0,0.0,1.0
4c02c8b8-aa77-4ee8-9236-d6d2dce0feae,2850.0,2850.0,0.0,2850.0,2850.0,0.0,0.0,0.0,1.0
4c039314-bc42-4997-a9e9-b8681c03a9f6,11900.0,11900.0,0.0,11900.0,11900.0,0.0,0.0,0.0,1.0
4c0a15c2-3b9b-4c91-85e8-d480763e43f2,1530.0,1530.0,0.0,1530.0,1530.0,0.0,0.0,0.0,1.0
4c122eeb-6c05-41c1-86d9-14d2d0175b24,10500.0,10500.0,0.0,10500.0,10500.0,0.0,0.0,0.0,1.0
4c1286dd-7419-45f4-9f8c-2980510dc515,64900.0,64900.0,0.0,64900.0,64900.0,0.0,0.0,0.0,1.0
4c2026d6-aabc-4191-99be-34a366a0614d,2995.0,2995.0,0.0,2995.0,2995.0,0.0,0.0,0.0,1.0
4c2eb1ff-a1ac-4374-a876-3f7758177442,175.0,175.0,0.0,175.0,175.0,0.0,0.0,0.0,1.0
4c2ee42b-6b85-4ab2-a1f6-65170a15da63,9900.0,9900.0,0.0,9900.0,9900.0,0.0,0.0,0.0,1.0
4c37774d-085d-4a95-8a4e-e975822ba8a6,990.0,990.0,0.0,990.0,990.0,0.0,0.0,0.0,1.0
4c3d81f2-625d-4eea-81c3-93f154aa6bfe,2150.0,2150.0,0.0,2150.0,2150.0,0.0,0.0,0.0,1.0
4c3e3085-3162-440c-b458-5a90c01470fc,8900.0,8900.0,0.0,8900.0,8900.0,0.0,0.0,0.0,1.0
4c4f2c9a-2d5d-4c4b-8b1a-029906116e28,3795.0,3795.0,0.0,3795.0,3795.0,0.0,0.0,0.0,1.0
4c5ed2af-a89b-40be-afd3-ca3b1944de37,1050.0,1050.0,0.0,1050.0,1050.0,0.0,0.0,0.0,1.0
4c5f37f2-71c5-4d4a-ac1e-572df82eb462,3990.0,3990.0,0.0,3990.0,3990.0,0.0,0.0,0.0,1.0
4c6242a6-afc5-4b3b-982f-729defba90a5,1095.0,1095.0,0.0,1095.0,1095.0,0.0,0.0,0.0,1.0
4c624b3d-0dc1-49e3-8230-6222ce9758bc,695.0,695.0,0.0,695.0,695.0,0.0,0.0,0.0,1.0
4c75eed6-bd8c-41ba-b47e-a80cb7f8abd5,645.0,645.0,0.0,645.0,645.0,0.0,0.0,0.0,1.0
4c79f80c-d31c-4088-a72d-4d7f77770a6a,4995.0,4995.0,0.0,4995.0,4995.0,0.0,0.0,0.0,1.0
4c7b4ea3-fac7-42e1-bc56-e3ff0eb474c9,1095.0,1095.0,0.0,1095.0,1095.0,0.0,0.0,0.0,1.0
4c7cbf44-222f-4da6-9e77-290787ecb73c,1100.0,1100.0,0.0,1100.0,1100.0,0.0,0.0,0.0,1.0
4c847d40-30f5-4ca3-a4eb-3cb26fa8e18d,3799.0,3799.0,0.0,3799.0,3799.0,0.0,0.0,0.0,1.0
4c87f5c7-c0ea-49fe-97e5-bbac4281d35f,995.0,995.0,0.0,995.0,995.0,0.0,0.0,0.0,1.0
4c8cb50e-cef7-4987-b742-dbba5da4ec59,11500.0,11500.0,0.0,11500.0,11500.0,0.0,0.0,0.0,1.0
4c9b6b41-adb7-4a05-9963-5268724450f7,29900.0,29900.0,0.0,29900.0,29900.0,0.0,0.0,0.0,1.0
4c9e3a27-b6a2-4ed4-85eb-8d8c97c961d2,2900.0,2900.0,0.0,2900.0,2900.0,0.0,0.0,0.0,1.0
4c9e44ec-3d75-4071-af6d-f763596ef370,2300.0,2300.0,0.0,2300.0,2300.0,0.0,0.0,0.0,1.0
4ca81ce2-6171-4d9a-b32e-cf37cf6900a6,6200.0,6200.0,0.0,6200.0,6200.0,0.0,0.0,0.0,1.0
4ca96476-5131-4cc9-bac2-bdd173d36be2,675.0,675.0,0.0,675.0,675.0,0.0,0.0,0.0,1.0
4caa473c-dc5d-42a2-9cfc-c5ea5b1d293a,7900.0,7900.0,0.0,7900.0,7900.0,0.0,0.0,0.0,1.0
4cacc20b-5fed-47e5-b05b-c340310ed843,695.0,695.0,0.0,695.0,695.0,0.0,0.0,0.0,1.0
4cada85a-e8d2-4315-9c8a-ccc1f58c3f43,5495.0,5495.0,0.0,5495.0,5495.0,0.0,0.0,0.0,1.0
4ce131d3-0369-4196-914d-689fdda5bd34,24900.0,24900.0,0.0,24900.0,24900.0,0.0,0.0,0.0,1.0
4ce15d17-7e76-4f65-a164-05e752c847ea,2800.0,2800.0,0.0,2800.0,2800.0,0.0,0.0,0.0,1.0
4ce29f66-b5da-4bfd-8098-9e190a415c78,61900.0,61900.0,0.0,61900.0,61900.0,0.0,0.0,0.0,1.0
4ce78edb-d5d4-4e08-b809-94aaa1617249,525.0,525.0,0.0,525.0,525.0,0.0,0.0,0.0,1.0
4ce91d5f-ab42-4769-8620-aae344e48ae5,1045.0,1045.0,0.0,1045.0,1045.0,0.0,0.0,0.0,1.0
4cf43139-a3e8-4652-bd6a-706003c52cba,2495.0,2495.0,0.0,2495.0,2495.0,0.0,0.0,0.0,1.0
4cf9b11b-a854-4d53-96ff-b2395c5432a6,10500.0,10500.0,0.0,10500.0,10500.0,0.0,0.0,0.0,1.0
4d0597b4-1e3c-4847-9249-9204cd38bc77,3895.0,3895.0,0.0,3895.0,3895.0,0.0,0.0,0.0,1.0
4d0b7b4e-19a1-4d1c-a32e-7f1ac3ce27fa,1695.0,1695.0,0.0,1695.0,1695.0,0.0,0.0,0.0,1.0
4d13a328-3a27-4923-92a8-1e985d131f00,34900.0,34900.0,0.0,34900.0,34900.0,0.0,0.0,0.0,1.0
4d24e3cc-e3af-4c0b-bcaa-8ff14d3cd0f7,5495.0,5495.0,0.0,5495.0,5495.0,0.0,0.0,0.0,1.0
4d277347-b1aa-4c69-8b92-80ee14ba8e66,17000.0,17000.0,0.0,17000.0,17000.0,0.0,0.0,0.0,1.0
4d2b824a-a691-4f27-8344-377f5389e213,895.0,895.0,0.0,895.0,895.0,0.0,0.0,0.0,1.0
4d32c9a4-9a25-4e51-9c5c-302921a4bc37,4295.0,4295.0,0.0,4295.0,4295.0,0.0,0.0,0.0,1.0
4d35c6ad-cdb1-42f5-a2fb-f471378dbe3a,1145.0,1145.0,0.0,1145.0,1145.0,0.0,0.0,0.0,1.0
4d3dad6f-a9d1-44ed-8eef-50e752a4af88,4695.0,4695.0,0.0,4695.0,4695.0,0.0,0.0,0.0,1.0
4d465d82-2a96-499e-acb1-54767b3dc292,375.0,375.0,0.0,375.0,375.0,0.0,0.0,0.0,1.0
4d4d03e2-bd46-42c3-a92a-09d57ff19a93,1295.0,1295.0,0.0,1295.0,1295.0,0.0,0.0,0.0,1.0
4d53b2b3-9327-4c17-a92a-4dc13e612a2c,1999.0,1999.0,0.0,1999.0,1999.0,0.0,0.0,0.0,1.0
4d69974d-4812-470f-8652-d94fe94a9c0d,17900.0,17900.0,0.0,17900.0,17900.0,0.0,0.0,0.0,1.0
4d6fca79-4b80-4bb7-b5d0-52bbbc0e3191,10900.0,10900.0,0.0,10900.0,10900.0,0.0,0.0,0.0,1.0
4d799710-b6bb-4b10-ab18-2ac614ce20ff,320.0,320.0,0.0,320.0,320.0,0.0,0.0,0.0,1.0
4d79d1b3-b75d-4254-9b63-b9e3684228f0,1940.0,1940.0,0.0,1940.0,1940.0,0.0,0.0,0.0,1.0
4d7c3a9c-f8d7-487a-b1ee-66467aaaa1fb,12500.0,12500.0,0.0,12500.0,12500.0,0.0,0.0,0.0,1.0
4d827149-e862-43ef-acaa-dfc339ffac54,6995.0,6995.0,0.0,6995.0,6995.0,0.0,0.0,0.0,1.0
4d83c77c-99a5-4145-bf0d-b9a1b98f8fb4,9900.0,9900.0,0.0,9900.0,9900.0,0.0,0.0,0.0,1.0
4d8ea3e6-df1c-4284-ba02-53cf2e196699,7900.0,7900.0,0.0,7900.0,7900.0,0.0,0.0,0.0,1.0
4d92d508-bae9-4daa-9f8b-8ea8057a7edb,1950.0,1950.0,0.0,1950.0,1950.0,0.0,0.0,0.0,1.0
4d98acc6-301b-4846-b65c-bac6dbe405d6,3800.0,3800.0,0.0,3800.0,3800.0,0.0,0.0,0.0,1.0
4dab3eea-4384-43da-9c26-b4928cdb17ec,150.0,150.0,0.0,150.0,150.0,0.0,0.0,0.0,1.0
4db4549f-4c50-49f9-8af5-579445b29fb5,470.0,470.0,0.0,470.0,470.0,0.0,0.0,0.0,1.0
4dc3c183-5fe2-49a8-b2b7-e2da399759e9,1295.0,1295.0,0.0,1295.0,1295.0,0.0,0.0,0.0,1.0
4dca1783-18ac-443c-820e-7fc04976703e,16900.0,16900.0,0.0,16900.0,16900.0,0.0,0.0,0.0,1.0
4dd0f468-1a01-4a74-ac1f-c81067c0da20,6380.0,6380.0,0.0,6380.0,6380.0,0.0,0.0,0.0,1.0
4dd8883a-f90a-4115-a293-c6a3cfa868b0,15500.0,15500.0,0.0,15500.0,15500.0,0.0,0.0,0.0,1.0
4dd94798-b5b4-4f82-8797-115108b7f8a0,16900.0,16900.0,0.0,16900.0,16900.0,0.0,0.0,0.0,1.0
4de4b8ef-9ee0-48b3-b15d-9feee0aa2d62,845.0,845.0,0.0,845.0,845.0,0.0,0.0,0.0,1.0
4de71917-79d5-4419-819b-e1ead0d3f2db,13900.0,13900.0,0.0,13900.0,13900.0,0.0,0.0,0.0,1.0
4dea9681-6006-45a3-85ac-5309f965e8a9,1845.0,1845.0,0.0,1845.0,1845.0,0.0,0.0,0.0,1.0
4defea44-7e63-4402-9527-eb1cd81ab4fe,435.0,435.0,0.0,435.0,435.0,0.0,0.0,0.0,1.0
4df09026-77f1-4091-bbd9-5f15b171bfc8,5495.0,5495.0,0.0,5495.0,5495.0,0.0,0.0,0.0,1.0
4df376ec-8796-477d-ba91-42bae00bcd28,3650.0,3650.0,0.0,3650.0,3650.0,0.0,0.0,0.0,1.0
4e1a4be3-4959-49de-bdd1-8e450ac19875,19900.0,19900.0,0.0,19900.0,19900.0,0.0,0.0,0.0,1.0
4e1fa9f2-20e8-4ebe-92b0-e41834e32bc8,3195.0,3195.0,0.0,3195.0,3195.0,0.0,0.0,0.0,1.0
4e242190-3fac-41f4-a582-d4dde632cd62,3995.0,3995.0,0.0,3995.0,3995.0,0.0,0.0,0.0,1.0
4e27e9aa-9924-47f9-a80d-9af3f5e55d79,2295.0,2295.0,0.0,2295.0,2295.0,0.0,0.0,0.0,1.0
4e29b7fb-7167-49a3-a10e-0203d4dc03e2,1650.0,1650.0,0.0,1650.0,1650.0,0.0,0.0,0.0,1.0
4e2a9e4e-0a3d-40b3-a4a7-f29fd5a73bf0,6990.0,6990.0,0.0,6990.0,6990.0,0.0,0.0,0.0,1.0
4e2b5305-ec8e-4cb8-a258-ee742a1a69f0,1245.0,1245.0,0.0,1245.0,1245.0,0.0,0.0,0.0,1.0
4e32650c-05ee-4f36-aa3b-9bfea37a60c7,1950.0,1950.0,0.0,1950.0,1950.0,0.0,0.0,0.0,1.0
4e346801-0799-4eaa-a351-fe0731cc5a25,165.0,165.0,0.0,165.0,165.0,0.0,0.0,0.0,1.0
4e40bf14-5d8c-42e8-9304-8a57c2e00ce3,745.0,745.0,0.0,745.0,745.0,0.0,0.0,0.0,1.0
4e447d55-eb50-478d-b31f-70649164d628,1795.0,1795.0,0.0,1795.0,1795.0,0.0,0.0,0.0,1.0
4e4779f9-489c-4412-abec-8d4bf61f0a6b,650.0,650.0,0.0,650.0,650.0,0.0,0.0,0.0,1.0
4e47f37e-15b7-442c-8827-06f83f88b28c,235.0,235.0,0.0,235.0,235.0,0.0,0.0,0.0,1.0
4e4a9c17-0731-4ecd-a23c-81b1b72667e5,2995.0,2995.0,0.0,2995.0,2995.0,0.0,0.0,0.0,1.0
4e52999b-568f-4f68-af8a-543e8d343e0b,3595.0,3595.0,0.0,3595.0,3595.0,0.0,0.0,0.0,1.0
4e65745f-a31d-4a08-a601-0f584817a8c1,14900.0,14900.0,0.0,14900.0,14900.0,0.0,0.0,0.0,1.0
4e6bc165-2178-4692-874b-e8b52cb5d03e,4395.0,4395.0,0.0,4395.0,4395.0,0.0,0.0,0.0,1.0
4e71679a-0653-401e-8fc9-139cd89cdfcf,120.0,120.0,0.0,120.0,120.0,0.0,0.0,0.0,1.0
4e7ca420-7f28-47de-9b7d-e9e4915eaf66,60.0,60.0,0.0,60.0,60.0,0.0,0.0,0.0,1.0
4e7d6cf4-cc30-4d6e-b142-0361f3d92adc,13200.0,13200.0,0.0,13200.0,13200.0,0.0,0.0,0.0,1.0
4e86e5cd-107a-4fe7-9c87-f778c96e8570,2395.0,2395.0,0.0,2395.0,2395.0,0.0,0.0,0.0,1.0
4e8d715f-18fe-425b-ad59-4f1998f9e899,1295.0,1295.0,0.0,1295.0,1295.0,0.0,0.0,0.0,1.0
4e9865e5-d19f-47c7-b4fa-63002ddd8508,5495.0,5495.0,0.0,5495.0,5495.0,0.0,0.0,0.0,1.0
4e9aedf7-7188-4277-8333-bd9d4dab3539,105.0,105.0,0.0,105.0,105.0,0.0,0.0,0.0,1.0
4e9dfd54-0b14-4b06-9964-92e346fb2d77,2030.0,2030.0,0.0,2030.0,2030.0,0.0,0.0,0.0,1.0
4ea09b8f-b5a2-444a-9a6f-b1d6cfd08ba3,2510.0,2510.0,0.0,2510.0,2510.0,0.0,0.0,0.0,1.0
4ea528d1-034f-4178-9749-a741b67eadd8,2295.0,2295.0,0.0,2295.0,2295.0,0.0,0.0,0.0,1.0
4ea585ff-0306-45d0-b9b4-9d72c1ffb4bf,1399.0,1399.0,0.0,1399.0,1399.0,0.0,0.0,0.0,1.0
4eae9bb1-02f4-471e-8bb8-537a805a234e,2999.0,2999.0,0.0,2999.0,2999.0,0.0,0.0,0.0,1.0
4eb356c1-e0d6-4ae6-bb92-6e6cedf2bc85,9500.0,9500.0,0.0,9500.0,9500.0,0.0,0.0,0.0,1.0
4eb45ff9-b7b7-4699-8e56-29bb0a3da262,14900.0,14900.0,0.0,14900.0,14900.0,0.0,0.0,0.0,1.0
4eb867c9-2e4b-453b-a89e-5179d86fbc66,70.0,70.0,0.0,70.0,70.0,0.0,0.0,0.0,1.0
4ebcbe8e-8f86-4f7e-b19c-588aa3131e16,845.0,845.0,0.0,845.0,845.0,0.0,0.0,0.0,1.0
4ec31b72-5e85-4d57-947c-754ee2cd7610,2500.0,2500.0,0.0,2500.0,2500.0,0.0,0.0,0.0,1.0
4ec866ef-f696-4882-b1ca-2c51774a1e5c,25.0,25.0,0.0,25.0,25.0,0.0,0.0,0.0,1.0
4ed153dd-bb14-440e-94e4-a733f7b78b18,2095.0,2095.0,0.0,2095.0,2095.0,0.0,0.0,0.0,1.0
4ed6e996-1379-4abf-96ac-097ca4397f69,2495.0,2495.0,0.0,2495.0,2495.0,0.0,0.0,0.0,1.0
4ee2d7fa-c09c-4c62-92ce-2c135c0dd30e,3995.0,3995.0,0.0,3995.0,3995.0,0.0,0.0,0.0,1.0
4ee3c5ef-9984-4647-aa3a-08f4fcac51a4,26900.0,26900.0,0.0,26900.0,26900.0,0.0,0.0,0.0,1.0
4ee90f2f-6505-40fc-a518-111ba4f38e00,1345.0,1345.0,0.0,1345.0,1345.0,0.0,0.0,0.0,1.0
4eeffdfc-fd83-495b-8400-92373dd6d9e1,1395.0,1395.0,0.0,1395.0,1395.0,0.0,0.0,0.0,1.0
4efd6a01-9622-419f-ab35-aedee197a32c,895.0,895.0,0.0,895.0,895.0,0.0,0.0,0.0,1.0
4effb06f-cd71-44d0-ba36-9d39d4e394f7,3495.0,3495.0,0.0,3495.0,3495.0,0.0,0.0,0.0,1.0
4f00cb9a-38d6-4c95-90a2-0c9a9d134773,8495.0,8495.0,0.0,8495.0,8495.0,0.0,0.0,0.0,1.0
4f0dda3e-f826-4b52-a0a9-b3ed7e2e24d1,38900.0,38900.0,0.0,38900.0,38900.0,0.0,0.0,0.0,1.0
4f0eb555-c847-42e6-bff4-e6132d91a268,3250.0,3250.0,0.0,3250.0,3250.0,0.0,0.0,0.0,1.0
4f0f3fbf-d0a1-4572-b26c-09ea9faf902f,12500.0,12500.0,0.0,12500.0,12500.0,0.0,0.0,0.0,1.0
4f1cb692-c8c4-4a57-9629-49828329c0d8,3995.0,3995.0,0.0,3995.0,3995.0,0.0,0.0,0.0,1.0
4f1dcf79-f494-4000-b6f8-3692464dd9af,445.0,445.0,0.0,445.0,445.0,0.0,0.0,0.0,1.0
4f1f7426-e5aa-4f15-952d-9ecc771798eb,695.0,695.0,0.0,695.0,695.0,0.0,0.0,0.0,1.0
4f2787c5-7f97-48d9-bbe2-8f48fb004ccf,19900.0,19900.0,0.0,19900.0,19900.0,0.0,0.0,0.0,1.0
4f3183f7-dff5-4858-9b7e-247daa823c71,830.0,830.0,0.0,830.0,830.0,0.0,0.0,0.0,1.0
4f3a69d9-f4f3-4f4c-8b29-433110bb1dca,195.0,195.0,0.0,195.0,195.0,0.0,0.0,0.0,1.0
4f4466dc-96f8-4d1c-a8b7-142a30870fd8,4495.0,4495.0,0.0,4495.0,4495.0,0.0,0.0,0.0,1.0
4f4564e1-c8e8-4cae-9f74-21b2b48de651,595.0,595.0,0.0,595.0,595.0,0.0,0.0,0.0,1.0
4f46180a-a914-4540-af54-fd2bca56f64d,595.0,595.0,0.0,595.0,595.0,0.0,0.0,0.0,1.0
4f572651-9aaf-45eb-8093-1a9fb6c7fc6c,745.0,745.0,0.0,745.0,745.0,0.0,0.0,0.0,1.0
4f58cdc3-d2fb-4b76-a475-827e1809a2ca,17900.0,17900.0,0.0,17900.0,17900.0,0.0,0.0,0.0,1.0
4f6465fd-1888-4b7b-9acb-82134c772c8c,14900.0,14900.0,0.0,14900.0,14900.0,0.0,0.0,0.0,1.0
4f68d472-10eb-4df2-9459-1c383ba2ef1c,165.0,165.0,0.0,165.0,165.0,0.0,0.0,0.0,1.0
4f719e92-436c-4cfc-acca-e06b10964104,2195.0,2195.0,0.0,2195.0,2195.0,0.0,0.0,0.0,1.0
4f782b8a-a65f-4e13-8299-e985fb922afb,1345.0,1345.0,0.0,1345.0,1345.0,0.0,0.0,0.0,1.0
4f852369-1f06-477e-a679-8115e34d5590,2900.0,2900.0,0.0,2900.0,2900.0,0.0,0.0,0.0,1.0
4f87206f-089f-4bcf-a993-cc712b8fb64b,435.0,435.0,0.0,435.0,435.0,0.0,0.0,0.0,1.0
4f8e0d83-8e33-4319-9cb3-177608f0af8a,6995.0,6995.0,0.0,6995.0,6995.0,0.0,0.0,0.0,1.0
4f8e78ad-5cee-4e5d-b5df-f9d58e59f22b,10900.0,10900.0,0.0,10900.0,10900.0,0.0,0.0,0.0,1.0
4f956fb9-f079-461b-bbcb-dc1345d0ca62,1495.0,1495.0,0.0,1495.0,1495.0,0.0,0.0,0.0,1.0
4f9ca0f2-e5e7-4bf3-ba85-bfe7a49cee79,9500.0,9500.0,0.0,9500.0,9500.0,0.0,0.0,0.0,1.0
4fa3bb7a-f3b3-452c-a33e-39b48552f758,3795.0,3795.0,0.0,3795.0,3795.0,0.0,0.0,0.0,1.0
4fb02d51-5366-4879-a2ca-d44eb7343f08,525.0,525.0,0.0,525.0,525.0,0.0,0.0,0.0,1.0
4fb2fb8f-0436-4b46-a7b3-e13c6d580870,6900.0,6900.0,0.0,6900.0,6900.0,0.0,0.0,0.0,1.0
4fb3b176-e58f-4170-aa8b-819e1846a69a,16900.0,16900.0,0.0,16900.0,16900.0,0.0,0.0,0.0,1.0
4fcc5e05-1454-47e4-bcc9-d37d8793ccdd,32900.0,32900.0,0.0,32900.0,32900.0,0.0,0.0,0.0,1.0
4fcc6bbb-793c-46af-a38e-0c71ea1c8075,3800.0,3800.0,0.0,3800.0,3800.0,0.0,0.0,0.0,1.0
4fcd2b80-9684-4ff3-9a29-310004538372,13900.0,13900.0,0.0,13900.0,13900.0,0.0,0.0,0.0,1.0
4fcfe117-2f4c-4398-bcae-8f2ea0d7d813,3995.0,3995.0,0.0,3995.0,3995.0,0.0,0.0,0.0,1.0
4fd22935-ec6d-4b5b-b22d-e85b9483f4a4,7495.0,7495.0,0.0,7495.0,7495.0,0.0,0.0,0.0,1.0
4fd2a4a6-04c5-4539-a842-5136e8c25e18,2395.0,2395.0,0.0,2395.0,2395.0,0.0,0.0,0.0,1.0
4fe3ba3f-c5b5-4837-a817-e1968f4d1c7d,2600.0,2600.0,0.0,2600.0,2600.0,0.0,0.0,0.0,1.0
4feb72fb-cbb7-47cd-a162-6e3e21b9fb63,1195.0,1195.0,0.0,1195.0,1195.0,0.0,0.0,0.0,1.0
4ff3e942-f85b-4ef8-a9dc-3ac208e15d48,4295.0,4295.0,0.0,4295.0,4295.0,0.0,0.0,0.0,1.0
50096ac6-912e-4f69-8811-2505019f5cb7,4495.0,4495.0,0.0,4495.0,4495.0,0.0,0.0,0.0,1.0
500cc95a-cf22-4adb-ad99-5934303714c8,7900.0,7900.0,0.0,7900.0,7900.0,0.0,0.0,0.0,1.0
501d2fe2-aedf-4879-9480-f600a024e8c5,17900.0,17900.0,0.0,17900.0,17900.0,0.0,0.0,0.0,1.0
501d84de-fccc-4cc9-8c71-9334ae9b081e,1895.0,1895.0,0.0,1895.0,1895.0,0.0,0.0,0.0,1.0
5020cfb9-2b9e-410d-9f3f-187bbb2924a9,10140.0,10140.0,0.0,10140.0,10140.0,0.0,0.0,0.0,1.0
5024b62f-797c-4be3-bb4e-d2084e45e779,1345.0,1345.0,0.0,1345.0,1345.0,0.0,0.0,0.0,1.0
502739cc-fe38-4aec-8c3d-f60c1fa3e961,1395.0,1395.0,0.0,1395.0,1395.0,0.0,0.0,0.0,1.0
502b34d5-a8d7-45a7-9bc7-ddd56dc54a32,3395.0,3395.0,0.0,3395.0,3395.0,0.0,0.0,0.0,1.0
50304035-7e1e-44b0-8942-31c908d4bed4,299.0,299.0,0.0,299.0,299.0,0.0,0.0,0.0,1.0
5037d93a-aaf6-4907-8e7e-5cf61e662888,1400.0,1400.0,0.0,1400.0,1400.0,0.0,0.0,0.0,1.0
503cc110-7ec1-49ed-a73b-d5ea066854b9,645.0,645.0,0.0,645.0,645.0,0.0,0.0,0.0,1.0
5040cb87-ef6b-4dc8-9909-40b1e017871e,32900.0,32900.0,0.0,32900.0,32900.0,0.0,0.0,0.0,1.0
50600bf2-0093-47df-91ba-f5c996dfe46a,2645.0,2645.0,0.0,2645.0,2645.0,0.0,0.0,0.0,1.0
5061f782-9f38-46bb-84b6-f4577c9a0b23,2995.0,2995.0,0.0,2995.0,2995.0,0.0,0.0,0.0,1.0
50683fdb-faff-427c-808a-2d6424c3df45,10900.0,10900.0,0.0,10900.0,10900.0,0.0,0.0,0.0,1.0
506bf37b-f16f-4017-bece-699bb83ba197,15900.0,15900.0,0.0,15900.0,15900.0,0.0,0.0,0.0,1.0
5070f673-837c-4271-aff7-4e4fa61cf378,1295.0,1295.0,0.0,1295.0,1295.0,0.0,0.0,0.0,1.0
507a4822-439f-4ca6-b1e0-bf290ff49f5a,5195.0,5195.0,0.0,5195.0,5195.0,0.0,0.0,0.0,1.0
507bc835-2715-4f49-837e-fc8fdabd9aee,1895.0,1895.0,0.0,1895.0,1895.0,0.0,0.0,0.0,1.0
507cf846-d09a-4e9e-8d78-bfef14061c3a,7995.0,7995.0,0.0,7995.0,7995.0,0.0,0.0,0.0,1.0
508b35f0-3d3a-4b63-9e77-c52e3d204c55,3500.0,3500.0,0.0,3500.0,3500.0,0.0,0.0,0.0,1.0
50936474-f2ea-43a0-adf9-83895a615c39,695.0,695.0,0.0,695.0,695.0,0.0,0.0,0.0,1.0
509f6abf-fdcf-4269-9e1c-6b9e7595ad4b,5880.0,5880.0,0.0,5880.0,5880.0,0.0,0.0,0.0,1.0
50a49088-e3cb-4ecf-acde-ee834e674720,26900.0,26900.0,0.0,26900.0,26900.0,0.0,0.0,0.0,1.0
50a7d76f-ed29-4d67-9816-10c69ab484ac,3530.0,3530.0,0.0,3530.0,3530.0,0.0,0.0,0.0,1.0
50af6ce6-f937-4edd-b919-05af284e9856,1295.0,1295.0,0.0,1295.0,1295.0,0.0,0.0,0.0,1.0
50b31258-11cf-4d14-86f9-bdb0d80367f2,1295.0,1295.0,0.0,1295.0,1295.0,0.0,0.0,0.0,1.0
50b3bede-cc6b-4c0b-bf53-343483303c56,19900.0,19900.0,0.0,19900.0,19900.0,0.0,0.0,0.0,1.0
50b9a902-b09b-48cc-a9e1-28246523420f,1700.0,1700.0,0.0,1700.0,1700.0,0.0,0.0,0.0,1.0
50b9de07-4dc8-4cee-a7f5-e152bf82f0c5,1795.0,1795.0,0.0,1795.0,1795.0,0.0,0.0,0.0,1.0
50bd4bc1-fbdb-403c-b0ad-14cf06bd99a1,12900.0,12900.0,0.0,12900.0,12900.0,0.0,0.0,0.0,1.0
50bda07f-722d-4d5b-b614-4f64e80e723d,2395.0,2395.0,0.0,2395.0,2395.0,0.0,0.0,0.0,1.0
50bfecc1-b714-4a2e-9cde-be81fe4a896e,540.0,540.0,0.0,540.0,540.0,0.0,0.0,0.0,1.0
50c296f4-8d8c-409b-9fcf-a5b965d64a3f,860.0,860.0,0.0,860.0,860.0,0.0,0.0,0.0,1.0
50c6b616-507a-4bb6-871f-5340bc763a6c,1995.0,1995.0,0.0,1995.0,1995.0,0.0,0.0,0.0,1.0
50cb9096-25ab-4fd5-9448-5408eddee559,9900.0,9900.0,0.0,9900.0,9900.0,0.0,0.0,0.0,1.0
50da291b-a9ef-47ab-8e44-bf64db125ec0,2795.0,2795.0,0.0,2795.0,2795.0,0.0,0.0,0.0,1.0
50dc4dcd-faf4-4713-a000-2cc79ebc3c81,5295.0,5295.0,0.0,5295.0,5295.0,0.0,0.0,0.0,1.0
50e57ea9-8df2-431d-b159-8aa66d5597da,2195.0,2195.0,0.0,2195.0,2195.0,0.0,0.0,0.0,1.0
51162259-2256-4262-9c2d-9214d1d9fca1,1395.0,1395.0,0.0,1395.0,1395.0,0.0,0.0,0.0,1.0
51194a0a-6b0e-461d-ac2a-8d7835771419,6495.0,6495.0,0.0,6495.0,6495.0,0.0,0.0,0.0,1.0
5122702a-f6c0-4d41-bd2b-e044107dbf05,3690.0,3690.0,0.0,3690.0,3690.0,0.0,0.0,0.0,1.0
51258fed-f685-4d57-b266-4d04b78c603b,1795.0,1795.0,0.0,1795.0,1795.0,0.0,0.0,0.0,1.0
51298ce1-018a-4f6a-96cc-fba91d97d5aa,595.0,595.0,0.0,595.0,595.0,0.0,0.0,0.0,1.0
51330be8-2fa8-4ea9-9583-412eabf76ea2,375.0,375.0,0.0,375.0,375.0,0.0,0.0,0.0,1.0
51335ead-faa5-48a4-abe6-290d91e4760c,545.0,545.0,0.0,545.0,545.0,0.0,0.0,0.0,1.0
5133a9a2-2abc-4f52-8113-14ee29ad9c8e,80.0,80.0,0.0,80.0,80.0,0.0,0.0,0.0,1.0
5139d9ac-128b-4fa1-af2c-09d27294ddae,3499.0,3499.0,0.0,3499.0,3499.0,0.0,0.0,0.0,1.0
513a479e-51db-401a-8920-16125c00ee15,5295.0,5295.0,0.0,5295.0,5295.0,0.0,0.0,0.0,1.0
513b1ef2-1c25-4bbc-8f4f-c2956d3da9dd,6995.0,6995.0,0.0,6995.0,6995.0,0.0,0.0,0.0,1.0
514740aa-62c1-48a6-9f38-4668c3a3ab2c,4295.0,4295.0,0.0,4295.0,4295.0,0.0,0.0,0.0,1.0
514a5c74-7858-475f-a287-0343d51d98db,910.0,910.0,0.0,910.0,910.0,0.0,0.0,0.0,1.0
5159740e-172f-4296-86f5-ebc7901709c7,6995.0,6995.0,0.0,6995.0,6995.0,0.0,0.0,0.0,1.0
5161bdcc-52be-4a23-a3f8-221ce8cd8706,4725.0,4725.0,0.0,4725.0,4725.0,0.0,0.0,0.0,1.0
516a5bed-8432-4352-ab6c-65b0e58b6bf7,1320.0,1320.0,0.0,1320.0,1320.0,0.0,0.0,0.0,1.0
516db7e9-3609-472a-afee-8f1a5ab02e46,1045.0,1045.0,0.0,1045.0,1045.0,0.0,0.0,0.0,1.0
5170b9f8-40f9-4062-ae68-9baab50958b4,3900.0,3900.0,0.0,3900.0,3900.0,0.0,0.0,0.0,1.0
5179300c-8085-4f79-89f6-9a36838b8bf8,195.0,195.0,0.0,195.0,195.0,0.0,0.0,0.0,1.0
517baa65-775d-44f1-ace0-6140fea85122,390.0,390.0,0.0,390.0,390.0,0.0,0.0,0.0,1.0
51828747-0d91-4f92-aa9c-c177639cc7e3,37900.0,37900.0,0.0,37900.0,37900.0,0.0,0.0,0.0,1.0
519d3c6e-9df7-4c0a-b6fb-d4faf3e61192,10900.0,10900.0,0.0,10900.0,10900.0,0.0,0.0,0.0,1.0
51a14475-30e1-4b6f-bdcd-cd696bbf4314,5900.0,5900.0,0.0,5900.0,5900.0,0.0,0.0,0.0,1.0
51a4368d-2cd5-49fe-b483-93b248a9028e,12900.0,12900.0,0.0,12900.0,12900.0,0.0,0.0,0.0,1.0
51cb7b60-7415-4507-a66a-55e7ce310fb9,1395.0,1395.0,0.0,1395.0,1395.0,0.0,0.0,0.0,1.0
51ceb882-0d68-4498-a47a-3340bab469e4,120.0,120.0,0.0,120.0,120.0,0.0,0.0,0.0,1.0
51d13d03-c3c8-4a05-8972-d035a35cbb41,6995.0,6995.0,0.0,6995.0,6995.0,0.0,0.0,0.0,1.0
51d68f49-8df3-4170-85c7-6276bb48a031,1195.0,1195.0,0.0,1195.0,1195.0,0.0,0.0,0.0,1.0
51dcc3a1-d222-4df5-98bf-6c9bdaab93b9,95.0,95.0,0.0,95.0,95.0,0.0,0.0,0.0,1.0
51dfa2b6-3598-42eb-9102-2e8a98f6786b,6940.0,6940.0,0.0,6940.0,6940.0,0.0,0.0,0.0,1.0
51e12f2a-f62c-47ba-9248-abcdac6f76c0,535.0,535.0,0.0,535.0,535.0,0.0,0.0,0.0,1.0
51ed3392-aa29-4830-ae29-e74e4065a1e8,4050.0,4050.0,0.0,4050.0,4050.0,0.0,0.0,0.0,1.0
52048ebe-08b9-4f63-bf3c-cc2b703293ff,1995.0,1995.0,0.0,1995.0,1995.0,0.0,0.0,0.0,1.0
52190a2e-0184-4cf2-9d4e-0dc6864e1862,1595.0,1595.0,0.0,1595.0,1595.0,0.0,0.0,0.0,1.0
522db032-5f60-4307-87e9-84cf1483e798,565.0,565.0,0.0,565.0,565.0,0.0,0.0,0.0,1.0
52370bcf-1a44-4013-ab56-1a7007d87df4,780.0,780.0,0.0,780.0,780.0,0.0,0.0,0.0,1.0
5237ee59-2db9-4d43-bbb2-cf928c571cc6,3990.0,3990.0,0.0,3990.0,3990.0,0.0,0.0,0.0,1.0
52398b9b-01d3-4dfa-966a-5737c71e6393,485.0,485.0,0.0,485.0,485.0,0.0,0.0,0.0,1.0
523b77c3-d941-48e8-9b08-194b59116822,1195.0,1195.0,0.0,1195.0,1195.0,0.0,0.0,0.0,1.0
523ccb67-8b46-4ba0-9a01-8b6dc6efca1b,495.0,495.0,0.0,495.0,495.0,0.0,0.0,0.0,1.0
5242cb24-eb00-4f0d-96e5-be9d8ad68566,1795.0,1795.0,0.0,1795.0,1795.0,0.0,0.0,0.0,1.0
525f657f-3cee-4fd6-8eb1-35de4aa9eb2f,2499.0,2499.0,0.0,2499.0,2499.0,0.0,0.0,0.0,1.0
525faf71-3f3b-4ea5-98e6-dd6411bfd50c,4995.0,4995.0,0.0,4995.0,4995.0,0.0,0.0,0.0,1.0
526044f8-31f1-4b98-ad35-4673d70c8e05,895.0,895.0,0.0,895.0,895.0,0.0,0.0,0.0,1.0
52624df8-3691-45c4-98f8-83b7a66b812b,1595.0,1595.0,0.0,1595.0,1595.0,0.0,0.0,0.0,1.0
52656abf-0b1e-44a6-b3de-8e61f79c3173,10500.0,10500.0,0.0,10500.0,10500.0,0.0,0.0,0.0,1.0
52663926-0446-4db3-ab5b-f4b4c36138ca,6995.0,6995.0,0.0,6995.0,6995.0,0.0,0.0,0.0,1.0
52688a40-a6fb-4854-8920-4d299908ff30,565.0,565.0,0.0,565.0,565.0,0.0,0.0,0.0,1.0
52744a07-2704-4721-8907-e313d413a986,990.0,990.0,0.0,990.0,990.0,0.0,0.0,0.0,1.0
5277038a-3cca-4b4f-9a1e-abd2e928fff6,8900.0,8900.0,0.0,8900.0,8900.0,0.0,0.0,0.0,1.0
5284cf2a-8dbe-4f23-85dd-b2bb1f3f46b3,11900.0,11900.0,0.0,11900.0,11900.0,0.0,0.0,0.0,1.0
528aaaac-40f4-4f96-9df2-7923633c72d2,5800.0,5800.0,0.0,5800.0,5800.0,0.0,0.0,0.0,1.0
528c8377-47d8-42e2-9c04-c3e475f3d46e,2395.0,2395.0,0.0,2395.0,2395.0,0.0,0.0,0.0,1.0
5293840a-04f0-4c1c-be3a-e73c4c322569,875.0,875.0,0.0,875.0,875.0,0.0,0.0,0.0,1.0
529814de-b608-4fe0-bd7f-4ad67277c110,7200.0,7200.0,0.0,7200.0,7200.0,0.0,0.0,0.0,1.0
529e1d24-67ed-4a4f-bed5-1c15e8528a94,995.0,995.0,0.0,995.0,995.0,0.0,0.0,0.0,1.0
52a0d74d-7bb6-4162-ad2f-3b16c81ad40f,5995.0,5995.0,0.0,5995.0,5995.0,0.0,0.0,0.0,1.0
52a746f8-efe9-4729-b6e2-e0a505154599,7495.0,7495.0,0.0,7495.0,7495.0,0.0,0.0,0.0,1.0
52a833b3-b8fe-4117-b23d-721fa0ba20fe,745.0,745.0,0.0,745.0,745.0,0.0,0.0,0.0,1.0
52b1c94a-ef64-4cef-81ae-2db340dc59e1,28900.0,28900.0,0.0,28900.0,28900.0,0.0,0.0,0.0,1.0
52b22988-5fe6-4791-8893-d490bcad4fe5,1350.0,1350.0,0.0,1350.0,1350.0,0.0,0.0,0.0,1.0
52bd6f92-48d1-442b-a1eb-88284d314e97,785.0,785.0,0.0,785.0,785.0,0.0,0.0,0.0,1.0
52c6f52b-a4d7-4f0c-b296-9e17187d895a,20900.0,20900.0,0.0,20900.0,20900.0,0.0,0.0,0.0,1.0
52c92c98-b1af-449b-b9af-b89e6cda6a13,3740.0,3740.0,0.0,3740.0,3740.0,0.0,0.0,0.0,1.0
52c95a80-c8c5-4f29-a6d6-6874b2794564,375.0,375.0,0.0,375.0,375.0,0.0,0.0,0.0,1.0
52cee406-bf86-437c-a3b1-e81366f7a3c6,49900.0,49900.0,0.0,49900.0,49900.0,0.0,0.0,0.0,1.0
52d12f7e-ef5b-4067-9987-ed7fcbfaadfa,5900.0,5900.0,0.0,5900.0,5900.0,0.0,0.0,0.0,1.0
52d5e189-322c-46b7-b9ab-31064b5342a9,1095.0,1095.0,0.0,1095.0,1095.0,0.0,0.0,0.0,1.0
52d8e31d-4c7a-42d2-9887-ed4b61c8c871,5495.0,5495.0,0.0,5495.0,5495.0,0.0,0.0,0.0,1.0
52e05bd1-c729-4bca-9b63-256127549421,625.0,625.0,0.0,625.0,625.0,0.0,0.0,0.0,1.0
52e18a71-4cbd-4f56-a7fc-66015168d023,495.0,495.0,0.0,495.0,495.0,0.0,0.0,0.0,1.0
52e9f6b8-1a43-401e-970e-9e1a32a4b1e3,3395.0,3395.0,0.0,3395.0,3395.0,0.0,0.0,0.0,1.0
52ebe723-ece2-4f56-abcd-f35abd6b4ac0,540.0,540.0,0.0,540.0,540.0,0.0,0.0,0.0,1.0
52fa8177-236a-40d3-9d2c-201851a7eaa1,4295.0,4295.0,0.0,4295.0,4295.0,0.0,0.0,0.0,1.0
52fb8a97-997c-45bd-9387-7b3d7f910ddb,545.0,545.0,0.0,545.0,545.0,0.0,0.0,0.0,1.0
52fdd73d-1be4-41fd-a000-47247c650f17,295.0,295.0,0.0,295.0,295.0,0.0,0.0,0.0,1.0
5306376f-b630-45b9-930a-99b14504aa06,2195.0,2195.0,0.0,2195.0,2195.0,0.0,0.0,0.0,1.0
5314c461-bba0-4eeb-9f0f-3a3e0ddd02d8,2700.0,2700.0,0.0,2700.0,2700.0,0.0,0.0,0.0,1.0
5317b2dd-e460-4e0e-9db1-cef986aa4a3f,5500.0,5500.0,0.0,5500.0,5500.0,0.0,0.0,0.0,1.0
531b7dfd-db28-48b0-a554-321b968166b4,150.0,150.0,0.0,150.0,150.0,0.0,0.0,0.0,1.0
53203c67-4df1-4ffc-b30a-c3a9fce24ba5,2995.0,2995.0,0.0,2995.0,2995.0,0.0,0.0,0.0,1.0
53252bd7-0361-4789-8657-e802f0bf9788,860.0,860.0,0.0,860.0,860.0,0.0,0.0,0.0,1.0
532b4e7d-1d60-4cb8-b26a-32b2b61b3305,795.0,795.0,0.0,795.0,795.0,0.0,0.0,0.0,1.0
533c2379-9af4-4fc6-afa6-1370c2d69c8e,12480.0,12480.0,0.0,12480.0,12480.0,0.0,0.0,0.0,1.0
533ee713-cb5e-4ccc-8b95-26fe315f8ed4,2245.0,2245.0,0.0,2245.0,2245.0,0.0,0.0,0.0,1.0
5341c539-a0fa-4a82-ab2e-9771bdd3cc09,15900.0,15900.0,0.0,15900.0,15900.0,0.0,0.0,0.0,1.0
5348c89b-6a32-43d5-b771-6aedcc53e592,2495.0,2495.0,0.0,2495.0,2495.0,0.0,0.0,0.0,1.0
534b1387-68d0-480c-909c-930d313f8533,375.0,375.0,0.0,375.0,375.0,0.0,0.0,0.0,1.0
53572665-b115-4a2f-add7-ed3290a04c62,1895.0,1895.0,0.0,1895.0,1895.0,0.0,0.0,0.0,1.0
535fa47b-ac78-4100-b174-a07e7fe011df,8900.0,8900.0,0.0,8900.0,8900.0,0.0,0.0,0.0,1.0
53663ae4-681f-4380-aca9-b3593d3730db,2770.0,2770.0,0.0,2770.0,2770.0,0.0,0.0,0.0,1.0
537953ff-1e65-471b-a4ef-0a08e1500e4d,5995.0,5995.0,0.0,5995.0,5995.0,0.0,0.0,0.0,1.0
5382ff6d-be99-414c-9582-389033fad3c3,2195.0,2195.0,0.0,2195.0,2195.0,0.0,0.0,0.0,1.0
538dbc36-6815-4d51-826c-a41bd443003e,645.0,645.0,0.0,645.0,645.0,0.0,0.0,0.0,1.0
53900a45-df70-4225-ba8c-e3c3eef5ba04,4500.0,4500.0,0.0,4500.0,4500.0,0.0,0.0,0.0,1.0
5392fb6a-0b78-4c66-bc7d-e0b5fb27e8d6,295.0,295.0,0.0,295.0,295.0,0.0,0.0,0.0,1.0
53997751-0ffe-421e-a7de-fa43a15aec60,4995.0,4995.0,0.0,4995.0,4995.0,0.0,0.0,0.0,1.0
53a89b9f-6fd0-45cd-8a24-e713f25dc6a4,3995.0,3995.0,0.0,3995.0,3995.0,0.0,0.0,0.0,1.0
53aac3d3-6abc-4eb4-bb75-49121e439416,7500.0,7500.0,0.0,7500.0,7500.0,0.0,0.0,0.0,1.0
53ae0cd8-4866-401a-967b-50d81fa6bb4e,4995.0,4995.0,0.0,4995.0,4995.0,0.0,0.0,0.0,1.0
53b2bdc3-d038-4dd9-a87f-9d8d6fb7bb96,39900.0,39900.0,0.0,39900.0,39900.0,0.0,0.0,0.0,1.0
53b84ece-6da2-4cb9-ac56-bbd3b5b51881,9900.0,9900.0,0.0,9900.0,9900.0,0.0,0.0,0.0,1.0
53bd304b-2b08-46be-9c59-239c76cf6289,1995.0,1995.0,0.0,1995.0,1995.0,0.0,0.0,0.0,1.0
53bd75d3-4806-46c7-a2c6-3a8316159b5e,890.0,890.0,0.0,890.0,890.0,0.0,0.0,0.0,1.0
53c413d0-71c1-4a9f-8d2e-a23055ad44d4,7495.0,7495.0,0.0,7495.0,7495.0,0.0,0.0,0.0,1.0
53c96370-4457-4a15-9767-b6d0677a3cd3,645.0,645.0,0.0,645.0,645.0,0.0,0.0,0.0,1.0
53cb44cf-e3b8-473a-9430-241d4923b3b9,1695.0,1695.0,0.0,1695.0,1695.0,0.0,0.0,0.0,1.0
53d2b5c2-6fdf-4a97-86dc-134b4b055750,3250.0,3250.0,0.0,3250.0,3250.0,0.0,0.0,0.0,1.0
53d47cac-e3ab-4463-9d7f-307f25283456,34900.0,34900.0,0.0,34900.0,34900.0,0.0,0.0,0.0,1.0
53d97c35-b66f-4ba0-8bfe-c778dc9482d4,3720.0,3720.0,0.0,3720.0,3720.0,0.0,0.0,0.0,1.0
53da9aae-ea32-49ba-9bd6-c3f91fa55976,565.0,565.0,0.0,565.0,565.0,0.0,0.0,0.0,1.0
53dc8d65-642a-4b72-84fb-bc2a393d8683,14900.0,14900.0,0.0,14900.0,14900.0,0.0,0.0,0.0,1.0
53df6b9c-8b1e-4f67-9f50-cd9c7f9002e9,2295.0,2295.0,0.0,2295.0,2295.0,0.0,0.0,0.0,1.0
53f27fbb-7615-463a-b6b8-869a8d30de14,1995.0,1995.0,0.0,1995.0,1995.0,0.0,0.0,0.0,1.0
53f98c5a-8ba1-492b-8b95-a180685f651d,3800.0,3800.0,0.0,3800.0,3800.0,0.0,0.0,0.0,1.0
53f9a337-58d8-44d0-bf43-2a3d6775a718,1095.0,1095.0,0.0,1095.0,1095.0,0.0,0.0,0.0,1.0
5401b9f5-aec0-43c8-a485-d6e501558851,16900.0,16900.0,0.0,16900.0,16900.0,0.0,0.0,0.0,1.0
54278620-39ec-4885-809e-69bb08acba81,2395.0,2395.0,0.0,2395.0,2395.0,0.0,0.0,0.0,1.0
54288598-a641-408d-8d9b-9af564464f8b,225.0,225.0,0.0,225.0,225.0,0.0,0.0,0.0,1.0
5428ab68-a129-46ca-8d93-e08129a669ee,3750.0,3750.0,0.0,3750.0,3750.0,0.0,0.0,0.0,1.0
5428fc9b-6e98-4559-a36e-cce80ea1f082,15900.0,15900.0,0.0,15900.0,15900.0,0.0,0.0,0.0,1.0
54342ce9-5142-4be5-b6a8-6e4f72aeb0ba,1795.0,1795.0,0.0,1795.0,1795.0,0.0,0.0,0.0,1.0
543a4b9e-c1fe-4920-9c76-2e11f08380e4,4995.0,4995.0,0.0,4995.0,4995.0,0.0,0.0,0.0,1.0
543bb2eb-5731-4c11-8947-7dd7fdc38a5d,4560.0,4560.0,0.0,4560.0,4560.0,0.0,0.0,0.0,1.0
5440270a-c5e5-4f15-a131-fa9c33e004b9,995.0,995.0,0.0,995.0,995.0,0.0,0.0,0.0,1.0
5445fd1e-5961-45c9-b22a-5bca8e77a47d,15995.0,15995.0,0.0,15995.0,15995.0,0.0,0.0,0.0,1.0
54533127-7b8b-4c01-a5c4-20db7f0e8b4d,745.0,745.0,0.0,745.0,745.0,0.0,0.0,0.0,1.0
54548111-3bef-46fb-ae22-fccef6249cc2,20900.0,20900.0,0.0,20900.0,20900.0,0.0,0.0,0.0,1.0
545ae68d-1430-4cfc-9ad5-24fbecf5bac8,540.0,540.0,0.0,540.0,540.0,0.0,0.0,0.0,1.0
545b1c53-2c51-4c00-a8c8-038975b3b5d9,1800.0,1800.0,0.0,1800.0,1800.0,0.0,0.0,0.0,1.0
545d75a6-3611-41b3-bc13-67377fa1a348,3495.0,3495.0,0.0,3495.0,3495.0,0.0,0.0,0.0,1.0
546dc4ce-6f80-47c6-b4f2-7545ae960f7b,39900.0,39900.0,0.0,39900.0,39900.0,0.0,0.0,0.0,1.0
5470ef65-5152-4b52-9b5d-49a075ed0edc,3495.0,3495.0,0.0,3495.0,3495.0,0.0,0.0,0.0,1.0
549658a3-a13e-489a-9ef1-486149bc56c3,3399.0,3399.0,0.0,3399.0,3399.0,0.0,0.0,0.0,1.0
54a084f5-48cc-4d6d-8225-53477c1cca94,1395.0,1395.0,0.0,1395.0,1395.0,0.0,0.0,0.0,1.0
54a9e4f5-e0fe-45d4-a74a-f0c78e287b35,3195.0,3195.0,0.0,3195.0,3195.0,0.0,0.0,0.0,1.0
54ac1c18-f3e8-4638-82d8-95b69466a1c1,4690.0,4690.0,0.0,4690.0,4690.0,0.0,0.0,0.0,1.0
54ad7025-3091-4f7e-845b-c68f87eadbea,29900.0,29900.0,0.0,29900.0,29900.0,0.0,0.0,0.0,1.0
54af50b5-1f81-4508-82d3-c8ea79681ec2,16900.0,16900.0,0.0,16900.0,16900.0,0.0,0.0,0.0,1.0
54afc195-3ac0-4594-9c8e-53583f3826b4,2995.0,2995.0,0.0,2995.0,2995.0,0.0,0.0,0.0,1.0
54b45c67-4651-42c2-84c8-a4deb8247154,12900.0,12900.0,0.0,12900.0,12900.0,0.0,0.0,0.0,1.0
54b6d55d-5b75-4557-8b44-34752a68e84b,4495.0,4495.0,0.0,4495.0,4495.0,0.0,0.0,0.0,1.0
54bc0278-23ce-4a9b-87b8-e11689e91fa9,2550.0,2550.0,0.0,2550.0,2550.0,0.0,0.0,0.0,1.0
54d063a0-6f7f-4897-a8fb-b7c5ef3d4efc,2850.0,2850.0,0.0,2850.0,2850.0,0.0,0.0,0.0,1.0
54d15f18-2be4-4141-b41e-20c1f778fb6c,1795.0,1795.0,0.0,1795.0,1795.0,0.0,0.0,0.0,1.0
54d261d4-b60e-40ca-9f52-c9290c732036,37900.0,37900.0,0.0,37900.0,37900.0,0.0,0.0,0.0,1.0
54d85351-bf80-4833-8857-00392307f936,19900.0,19900.0,0.0,19900.0,19900.0,0.0,0.0,0.0,1.0
54e087b1-3478-41e1-ba1f-e9775da72892,3995.0,3995.0,0.0,3995.0,3995.0,0.0,0.0,0.0,1.0
54e4d185-478b-43e2-bc10-b15db3f16a90,3390.0,3390.0,0.0,3390.0,3390.0,0.0,0.0,0.0,1.0
54e935d1-84d3-4f24-a3f9-49d67f7e8dc7,315.0,315.0,0.0,315.0,315.0,0.0,0.0,0.0,1.0
54f4d6e8-5a05-40e5-80de-48bca58f4323,2900.0,2900.0,0.0,2900.0,2900.0,0.0,0.0,0.0,1.0
54fa8868-6e64-4e02-9f8b-7ca621fae5aa,4295.0,4295.0,0.0,4295.0,4295.0,0.0,0.0,0.0,1.0
55023673-698d-491d-bac3-0e3be54050f6,32900.0,32900.0,0.0,32900.0,32900.0,0.0,0.0,0.0,1.0
550506d8-8729-494c-9b92-a8d76b76b7ad,320.0,320.0,0.0,320.0,320.0,0.0,0.0,0.0,1.0
550a9dd0-e5c2-459f-a926-d4dcd7342333,5295.0,5295.0,0.0,5295.0,5295.0,0.0,0.0,0.0,1.0
550c68eb-05ee-4233-9177-158fbdbe8809,17900.0,17900.0,0.0,17900.0,17900.0,0.0,0.0,0.0,1.0
551ca314-270b-4079-bfbc-034bc316c6c0,1995.0,1995.0,0.0,1995.0,1995.0,0.0,0.0,0.0,1.0
551e92b1-034a-4d97-8be3-186d61f1b254,3020.0,3020.0,0.0,3020.0,3020.0,0.0,0.0,0.0,1.0
551f1afa-9ade-498b-950a-7b626a16df1e,595.0,595.0,0.0,595.0,595.0,0.0,0.0,0.0,1.0
552fa2d4-98af-4313-bb8f-f9cf10e290b7,12900.0,12900.0,0.0,12900.0,12900.0,0.0,0.0,0.0,1.0
5530525b-20d6-462b-92c1-f51630526a63,4995.0,4995.0,0.0,4995.0,4995.0,0.0,0.0,0.0,1.0
5533cf53-7767-4a5b-97b2-dc3497f9fe86,2295.0,2295.0,0.0,2295.0,2295.0,0.0,0.0,0.0,1.0
553bfc79-a051-4506-a200-5314cf7ccff7,595.0,595.0,0.0,595.0,595.0,0.0,0.0,0.0,1.0
553d3676-4ed6-4c80-9831-50c0506e00ac,23900.0,23900.0,0.0,23900.0,23900.0,0.0,0.0,0.0,1.0
55441df1-7b51-4529-9f0f-7dc35dc2be95,3800.0,3800.0,0.0,3800.0,3800.0,0.0,0.0,0.0,1.0
55450232-0654-48eb-903a-67f5d54d18b8,699.0,699.0,0.0,699.0,699.0,0.0,0.0,0.0,1.0
554528f4-0d23-4a03-9aa5-eb8204bbe005,1490.0,1490.0,0.0,1490.0,1490.0,0.0,0.0,0.0,1.0
55493759-6fe7-49da-b05f-85316bd16fe4,1795.0,1795.0,0.0,1795.0,1795.0,0.0,0.0,0.0,1.0
55537fd3-3d12-4fa0-a750-f457e6613eee,9900.0,9900.0,0.0,9900.0,9900.0,0.0,0.0,0.0,1.0
55582e82-b33c-49d9-b1d8-bd48264595d7,695.0,695.0,0.0,695.0,695.0,0.0,0.0,0.0,1.0
556134a0-8515-4311-b962-823e97afd82e,1310.0,1310.0,0.0,1310.0,1310.0,0.0,0.0,0.0,1.0
55663295-1f24-450b-a458-3113fd2ecfd3,70.0,70.0,0.0,70.0,70.0,0.0,0.0,0.0,1.0
5567904f-34a7-4aaf-ba08-7837c81072d5,995.0,995.0,0.0,995.0,995.0,0.0,0.0,0.0,1.0
556a986d-0ee1-49c0-9942-a6b2a4c92c32,1495.0,1495.0,0.0,1495.0,1495.0,0.0,0.0,0.0,1.0
556c8f19-24b2-471e-8515-3b3b2c31313d,210.0,210.0,0.0,210.0,210.0,0.0,0.0,0.0,1.0
557375dc-6874-4eaf-9357-8c2f4e1e912c,36900.0,36900.0,0.0,36900.0,36900.0,0.0,0.0,0.0,1.0
557f4233-d57b-48c2-9c9b-05d2a1cb91be,5295.0,5295.0,0.0,5295.0,5295.0,0.0,0.0,0.0,1.0
557f7421-ea7e-41fb-9475-db50f83bb222,18900.0,18900.0,0.0,18900.0,18900.0,0.0,0.0,0.0,1.0
55891308-6dc3-45b5-9db4-891010e37169,795.0,795.0,0.0,795.0,795.0,0.0,0.0,0.0,1.0
558ef001-0e88-4ec3-8ddd-7e8d5cdabbc2,17.0,17.0,0.0,17.0,17.0,0.0,0.0,0.0,1.0
5595ffcb-578a-41c3-b03c-2bbf6fa62b04,65.0,65.0,0.0,65.0,65.0,0.0,0.0,0.0,1.0
5597ec0d-05ca-4d34-9b36-19becd53d9c5,17900.0,17900.0,0.0,17900.0,17900.0,0.0,0.0,0.0,1.0
55982d4e-53b9-4a7d-b1da-e9c3e1ab9818,1295.0,1295.0,0.0,1295.0,1295.0,0.0,0.0,0.0,1.0
559a036d-cfe1-4729-9315-7f9c93aafd5d,545.0,545.0,0.0,545.0,545.0,0.0,0.0,0.0,1.0
559d9b40-5662-46bf-a3f6-e12adddd1c7a,3995.0,3995.0,0.0,3995.0,3995.0,0.0,0.0,0.0,1.0
55a2d770-f015-4812-bab7-10f114c7c8f8,2900.0,2900.0,0.0,2900.0,2900.0,0.0,0.0,0.0,1.0
55a707d1-049a-4fbe-8f59-315b282a6d0f,2560.0,2560.0,0.0,2560.0,2560.0,0.0,0.0,0.0,1.0
55aae03a-daa1-4d70-80e4-3e3c1f535dc9,7995.0,7995.0,0.0,7995.0,7995.0,0.0,0.0,0.0,1.0
55ab89cb-ca96-4dbb-9896-cfaba9b00f5f,6000.0,6000.0,0.0,6000.0,6000.0,0.0,0.0,0.0,1.0
55b3146a-b06c-42e5-9627-02130b4deb39,2850.0,2850.0,0.0,2850.0,2850.0,0.0,0.0,0.0,1.0
55b31f03-67ac-486d-be1a-d82b5782b421,8000.0,8000.0,0.0,8000.0,8000.0,0.0,0.0,0.0,1.0
55b54af2-e35c-423f-b9d8-ec0183e5651a,13900.0,13900.0,0.0,13900.0,13900.0,0.0,0.0,0.0,1.0
55ba2ccf-d5f9-4025-8642-3f63c1c14aa4,3799.0,3799.0,0.0,3799.0,3799.0,0.0,0.0,0.0,1.0
55d0bbb5-8b81-40fd-a59f-eb78ad6c35fc,8900.0,8900.0,0.0,8900.0,8900.0,0.0,0.0,0.0,1.0
55d1b847-aced-4f27-98cc-4bd22dec6edb,525.0,525.0,0.0,525.0,525.0,0.0,0.0,0.0,1.0
55e9692f-d7d7-4633-943b-50923f773c8c,595.0,595.0,0.0,595.0,595.0,0.0,0.0,0.0,1.0
55eaaa10-e74b-4690-b606-78ae2f7a1ac8,4995.0,4995.0,0.0,4995.0,4995.0,0.0,0.0,0.0,1.0
55ee8775-82de-4eda-9f0d-1c4c4a4b962f,995.0,995.0,0.0,995.0,995.0,0.0,0.0,0.0,1.0
55f17aa4-7406-4db6-8e1d-b51abff6204f,15900.0,15900.0,0.0,15900.0,15900.0,0.0,0.0,0.0,1.0
55fdc0f3-adb8-4f24-9051-0dcded8103cc,7495.0,7495.0,0.0,7495.0,7495.0,0.0,0.0,0.0,1.0
55fea6c6-edfe-42b1-b7f3-7534b7a5f5be,25.0,25.0,0.0,25.0,25.0,0.0,0.0,0.0,1.0
56061bbc-055a-430c-bf24-3d2087cdc23f,1080.0,1080.0,0.0,1080.0,1080.0,0.0,0.0,0.0,1.0
5619ff2d-20b1-43ba-ab0f-e79c50e13cf3,895.0,895.0,0.0,895.0,895.0,0.0,0.0,0.0,1.0
5626a5b0-6a94-4fa4-abda-6e3a3abfb774,13500.0,13500.0,0.0,13500.0,13500.0,0.0,0.0,0.0,1.0
5627d034-96e2-467e-a3ff-0f5bb6018c0b,6995.0,6995.0,0.0,6995.0,6995.0,0.0,0.0,0.0,1.0
562916b5-0927-4292-8671-b41637ea685d,2900.0,2900.0,0.0,2900.0,2900.0,0.0,0.0,0.0,1.0
562b4676-2188-43d1-a41d-e287ed049586,12500.0,12500.0,0.0,12500.0,12500.0,0.0,0.0,0.0,1.0
562e7b73-f034-49ce-a1da-b3a873d676d8,2990.0,2990.0,0.0,2990.0,2990.0,0.0,0.0,0.0,1.0
563241f6-01fa-4a39-9fee-e47ea93a726e,1410.0,1410.0,0.0,1410.0,1410.0,0.0,0.0,0.0,1.0
563c3368-dec1-4624-aef9-ad173c28492f,1950.0,1950.0,0.0,1950.0,1950.0,0.0,0.0,0.0,1.0
56456733-178b-4b53-844e-1311263570a4,5900.0,5900.0,0.0,5900.0,5900.0,0.0,0.0,0.0,1.0
5646d79c-fea5-419c-8a14-4a51af6387ab,3720.0,3720.0,0.0,3720.0,3720.0,0.0,0.0,0.0,1.0
564d7480-a446-454f-b177-3dfbfa534add,445.0,445.0,0.0,445.0,445.0,0.0,0.0,0.0,1.0
564d8f6a-cd06-4d3d-95e5-d1d40da9b4fc,4495.0,4495.0,0.0,4495.0,4495.0,0.0,0.0,0.0,1.0
5652c8df-629f-43cd-b349-17028511fad1,30900.0,30900.0,0.0,30900.0,30900.0,0.0,0.0,0.0,1.0
56592c1d-9f04-424f-a55a-bdf56864c4fc,1395.0,1395.0,0.0,1395.0,1395.0,0.0,0.0,0.0,1.0
565ba0f2-8bb5-4001-a030-686e43f6f129,8995.0,8995.0,0.0,8995.0,8995.0,0.0,0.0,0.0,1.0
566aecc5-5312-41d2-8257-d84466935e9f,12900.0,12900.0,0.0,12900.0,12900.0,0.0,0.0,0.0,1.0
566ce6fe-1cbc-41bc-807d-1cd057ccaef9,2700.0,2700.0,0.0,2700.0,2700.0,0.0,0.0,0.0,1.0
569ad422-49ff-44df-8c5f-de689d438e67,1245.0,1245.0,0.0,1245.0,1245.0,0.0,0.0,0.0,1.0
569eb515-2e70-4688-b4ca-ec3c575a608b,420.0,420.0,0.0,420.0,420.0,0.0,0.0,0.0,1.0
56a07565-3633-4e80-8847-ca52337705fb,3695.0,3695.0,0.0,3695.0,3695.0,0.0,0.0,0.0,1.0
56abc9f6-5794-44c6-be7e-8a66675e1ca7,3590.0,3590.0,0.0,3590.0,3590.0,0.0,0.0,0.0,1.0
56b05dc2-9ec6-41d0-b0ce-adc3cf5c85c0,2800.0,2800.0,0.0,2800.0,2800.0,0.0,0.0,0.0,1.0
56b36c56-1c2b-4496-a667-bcaa5326c968,3565.0,3565.0,0.0,3565.0,3565.0,0.0,0.0,0.0,1.0
56b76820-6344-451a-a73c-2b6f01312e16,9900.0,9900.0,0.0,9900.0,9900.0,0.0,0.0,0.0,1.0
56b7ee22-feb1-490b-ad9e-0243c14268f3,2970.0,2970.0,0.0,2970.0,2970.0,0.0,0.0,0.0,1.0
56bfff15-3041-4d5e-82a7-92cb8eea663c,895.0,895.0,0.0,895.0,895.0,0.0,0.0,0.0,1.0
56c644f3-7bc5-431c-8be1-a188c1009628,2195.0,2195.0,0.0,2195.0,2195.0,0.0,0.0,0.0,1.0
56c7ae6b-f779-470b-908c-23e9ebb0acb4,41900.0,41900.0,0.0,41900.0,41900.0,0.0,0.0,0.0,1.0
56c9caae-cf51-49b3-a2ad-b7ce08956934,2145.0,2145.0,0.0,2145.0,2145.0,0.0,0.0,0.0,1.0
56c9dea4-7eeb-46ea-9ef4-2e8bfb8b8e68,8900.0,8900.0,0.0,8900.0,8900.0,0.0,0.0,0.0,1.0
56cdde4f-a85f-4988-89f5-a855a903a6e8,1045.0,1045.0,0.0,1045.0,1045.0,0.0,0.0,0.0,1.0
56d10823-86e3-4b48-af56-d8a2e3e56e46,3000.0,3000.0,0.0,3000.0,3000.0,0.0,0.0,0.0,1.0
56d54f4d-3ffe-4974-a71b-37a4276f8537,3865.0,3865.0,0.0,3865.0,3865.0,0.0,0.0,0.0,1.0
56d6795e-2e8a-47ff-bb1e-6ab59d5e2723,7900.0,7900.0,0.0,7900.0,7900.0,0.0,0.0,0.0,1.0
56dd3ff1-6dbe-47a1-ac85-9b094865eac9,190.0,190.0,0.0,190.0,190.0,0.0,0.0,0.0,1.0
56e13a84-1d50-4156-91e4-909269f4bf50,14500.0,14500.0,0.0,14500.0,14500.0,0.0,0.0,0.0,1.0
56f2e3a4-0df7-4804-8e87-6b09dd4331b4,1295.0,1295.0,0.0,1295.0,1295.0,0.0,0.0,0.0,1.0
56f9b1f9-b06e-4ea5-b315-d471207cce3f,10500.0,10500.0,0.0,10500.0,10500.0,0.0,0.0,0.0,1.0
5703737e-6df3-42d6-9cd0-41a6dd560a8d,1995.0,1995.0,0.0,1995.0,1995.0,0.0,0.0,0.0,1.0
57067dfd-424e-4c54-967f-d423659a0df8,1950.0,1950.0,0.0,1950.0,1950.0,0.0,0.0,0.0,1.0
5707a1d8-761b-4bb2-9263-59c2d12de299,11900.0,11900.0,0.0,11900.0,11900.0,0.0,0.0,0.0,1.0
5707c79a-5b95-4e81-905c-e86cbb0a8d77,1795.0,1795.0,0.0,1795.0,1795.0,0.0,0.0,0.0,1.0
570969f9-e906-42f0-88bc-4a98fdf12662,595.0,595.0,0.0,595.0,595.0,0.0,0.0,0.0,1.0
570b26f1-5475-45e5-a025-ccec61acb6dd,13500.0,13500.0,0.0,13500.0,13500.0,0.0,0.0,0.0,1.0
570fb086-df8d-4c18-8cb8-db218efc0f3b,8295.0,8295.0,0.0,8295.0,8295.0,0.0,0.0,0.0,1.0
5716918c-e018-4b25-853b-c3dd88f3fb7f,8900.0,8900.0,0.0,8900.0,8900.0,0.0,0.0,0.0,1.0
5716eed5-2e1a-49ae-b0ae-7372cd71c727,1850.0,1850.0,0.0,1850.0,1850.0,0.0,0.0,0.0,1.0
57190847-803e-41ba-b129-c378457cfe0c,3995.0,3995.0,0.0,3995.0,3995.0,0.0,0.0,0.0,1.0
5726df3f-542c-425b-b0c3-a4cab41c0a5e,1095.0,1095.0,0.0,1095.0,1095.0,0.0,0.0,0.0,1.0
5729bae7-c72c-4557-870a-6515c512e896,490.0,490.0,0.0,490.0,490.0,0.0,0.0,0.0,1.0
572b1f87-dfb9-4184-99c8-c9b042532ced,3795.0,3795.0,0.0,3795.0,3795.0,0.0,0.0,0.0,1.0
572d0f84-4682-4556-b84b-25c330a563b0,3000.0,3000.0,0.0,3000.0,3000.0,0.0,0.0,0.0,1.0
573af0b7-804e-48e7-9dbf-7cd5f272459e,2850.0,2850.0,0.0,2850.0,2850.0,0.0,0.0,0.0,1.0
573e5bf6-1ce3-4f1c-8353-a105a63b5bd6,6995.0,6995.0,0.0,6995.0,6995.0,0.0,0.0,0.0,1.0
5740f816-2263-46a5-bc9e-02dbb52e34ab,1295.0,1295.0,0.0,1295.0,1295.0,0.0,0.0,0.0,1.0
574708d8-6bb7-4778-bed0-6f3ceafa2052,3900.0,3900.0,0.0,3900.0,3900.0,0.0,0.0,0.0,1.0
57494500-239f-49c2-a6e2-f1555bc01012,595.0,595.0,0.0,595.0,595.0,0.0,0.0,0.0,1.0
574a1f79-54c8-476a-8dab-fa35101d041f,3200.0,3200.0,0.0,3200.0,3200.0,0.0,0.0,0.0,1.0
574ed998-2ab8-4568-a6b7-d8e1d3324a6f,1595.0,1595.0,0.0,1595.0,1595.0,0.0,0.0,0.0,1.0
5753c36e-fb48-4120-b7db-e99cacb4794d,4400.0,4400.0,0.0,4400.0,4400.0,0.0,0.0,0.0,1.0
5756ad20-1758-479f-b8bf-15cb2fe325a3,1995.0,1995.0,0.0,1995.0,1995.0,0.0,0.0,0.0,1.0
576047c7-9ede-49bd-a240-19346fade0d1,595.0,595.0,0.0,595.0,595.0,0.0,0.0,0.0,1.0
57775853-1fac-42fe-9db4-8a907e3307b1,1750.0,1750.0,0.0,1750.0,1750.0,0.0,0.0,0.0,1.0
577a5eeb-dc87-48de-981b-3c7e2d58d989,695.0,695.0,0.0,695.0,695.0,0.0,0.0,0.0,1.0
5780334e-e125-4bac-9107-8fd5c1349fc7,930.0,930.0,0.0,930.0,930.0,0.0,0.0,0.0,1.0
5793a6d8-ebd4-47f7-9e31-6efd3e582bfb,2295.0,2295.0,0.0,2295.0,2295.0,0.0,0.0,0.0,1.0
5793ed95-604a-4b2e-8e06-3e4bd15c88f9,6900.0,6900.0,0.0,6900.0,6900.0,0.0,0.0,0.0,1.0
579ab16e-e58e-46ac-803e-ed8d4cf9cff1,2395.0,2395.0,0.0,2395.0,2395.0,0.0,0.0,0.0,1.0
57a4924d-863e-47d7-befc-3dca11fdbd2d,1545.0,1545.0,0.0,1545.0,1545.0,0.0,0.0,0.0,1.0
57aa6f59-443b-4aa0-b662-580e658d1522,2100.0,2100.0,0.0,2100.0,2100.0,0.0,0.0,0.0,1.0
57acc071-d1ce-4f3b-bd02-bf2e2eb0ab13,11900.0,11900.0,0.0,11900.0,11900.0,0.0,0.0,0.0,1.0
57b676fe-19a5-4ad6-b205-98a86ffd323d,27900.0,27900.0,0.0,27900.0,27900.0,0.0,0.0,0.0,1.0
57b7beea-209f-4c1c-a196-8dbe84710e13,890.0,890.0,0.0,890.0,890.0,0.0,0.0,0.0,1.0
57b8f232-21d8-4b92-aa19-45dbe77c79b1,17500.0,17500.0,0.0,17500.0,17500.0,0.0,0.0,0.0,1.0
57bf2724-ffb1-42a0-b5e9-28dd6c1c05c0,1295.0,1295.0,0.0,1295.0,1295.0,0.0,0.0,0.0,1.0
57c17f8e-0965-4ab8-a419-a8d611e77a1a,795.0,795.0,0.0,795.0,795.0,0.0,0.0,0.0,1.0
57c57d8e-3d5c-4410-84bf-d185ffa65438,28900.0,28900.0,0.0,28900.0,28900.0,0.0,0.0,0.0,1.0
57db24f1-7652-4c3a-bf4d-19f760a44d54,235.0,235.0,0.0,235.0,235.0,0.0,0.0,0.0,1.0
57e19add-6d5b-46cf-89a7-be06a7dc2170,3995.0,3995.0,0.0,3995.0,3995.0,0.0,0.0,0.0,1.0
57e7ebf7-ef1d-492f-b052-bf75dbaf2f98,2999.0,2999.0,0.0,2999.0,2999.0,0.0,0.0,0.0,1.0
57f32187-6cd6-4795-bef9-0a690f15a26c,21900.0,21900.0,0.0,21900.0,21900.0,0.0,0.0,0.0,1.0
57f7d70f-2050-42eb-8cd7-d052091e6581,2850.0,2850.0,0.0,2850.0,2850.0,0.0,0.0,0.0,1.0
57faeb7a-779b-4ac7-9f92-ea01faa1bfce,595.0,595.0,0.0,595.0,595.0,0.0,0.0,0.0,1.0
58020da5-fea9-4b54-964a-6e74368fad60,2995.0,2995.0,0.0,2995.0,2995.0,0.0,0.0,0.0,1.0
580e68db-879e-4ec0-b2b7-e3a36f1f0415,1995.0,1995.0,0.0,1995.0,1995.0,0.0,0.0,0.0,1.0
580ec176-2a31-46ed-be9f-2f9f6fe51064,2895.0,2895.0,0.0,2895.0,2895.0,0.0,0.0,0.0,1.0
58150078-79eb-4676-a5f9-448ca3f4fa9a,9900.0,9900.0,0.0,9900.0,9900.0,0.0,0.0,0.0,1.0
5815d25a-6898-4da2-8b31-77888a145971,7495.0,7495.0,0.0,7495.0,7495.0,0.0,0.0,0.0,1.0
581623b2-67b7-410f-8b2c-45d45ac99049,11500.0,11500.0,0.0,11500.0,11500.0,0.0,0.0,0.0,1.0
581810ee-8c5f-4445-b553-10b88c2f8676,15900.0,15900.0,0.0,15900.0,15900.0,0.0,0.0,0.0,1.0
582120b2-b974-4c90-a015-0e5db51be94f,1520.0,1520.0,0.0,1520.0,1520.0,0.0,0.0,0.0,1.0
5835b358-f736-443a-9f64-de8bc5ec808a,1445.0,1445.0,0.0,1445.0,1445.0,0.0,0.0,0.0,1.0
58369998-71d9-4f0a-9d60-527f4ee59b5f,2195.0,2195.0,0.0,2195.0,2195.0,0.0,0.0,0.0,1.0
583df8a1-22d4-44d7-bf31-c4fab6f537b8,27900.0,27900.0,0.0,27900.0,27900.0,0.0,0.0,0.0,1.0
5841dd25-d3f4-44de-bc32-f1402f71fd9b,1345.0,1345.0,0.0,1345.0,1345.0,0.0,0.0,0.0,1.0
58432bbf-c57f-40fc-9799-fd5fc3edd106,698.0,698.0,0.0,698.0,698.0,0.0,0.0,0.0,1.0
5853b4e7-b36f-4265-b7f5-0173d2f75703,699.0,699.0,0.0,699.0,699.0,0.0,0.0,0.0,1.0
5855e987-02ef-4cc9-a54e-9fba000d2ab5,6150.0,6150.0,0.0,6150.0,6150.0,0.0,0.0,0.0,1.0
5857cbd4-e349-4c16-82d1-b85a9809c562,3595.0,3595.0,0.0,3595.0,3595.0,0.0,0.0,0.0,1.0
585894d8-119b-4d15-9a09-1f9958bd7c17,13500.0,13500.0,0.0,13500.0,13500.0,0.0,0.0,0.0,1.0
586c1e8f-93ee-47ea-bd69-e5725708045b,1295.0,1295.0,0.0,1295.0,1295.0,0.0,0.0,0.0,1.0
586d566b-7c53-4a14-9a87-8328e1e1eacc,3395.0,3395.0,0.0,3395.0,3395.0,0.0,0.0,0.0,1.0
5871bdec-2603-40dd-badf-897e9758e234,3195.0,3195.0,0.0,3195.0,3195.0,0.0,0.0,0.0,1.0
58764ecf-ecdc-4ee4-b6ad-dad5c8b5c1b7,13900.0,13900.0,0.0,13900.0,13900.0,0.0,0.0,0.0,1.0
58835b08-17d5-44f2-b920-0b57161061a1,14900.0,14900.0,0.0,14900.0,14900.0,0.0,0.0,0.0,1.0
5887d66e-7bae-463d-8294-5e0676dec000,34900.0,34900.0,0.0,34900.0,34900.0,0.0,0.0,0.0,1.0
588b8375-34d8-464f-b9db-d22caddfe756,465.0,465.0,0.0,465.0,465.0,0.0,0.0,0.0,1.0
588b8d64-fdef-4e5f-81ab-23af844b65a3,645.0,645.0,0.0,645.0,645.0,0.0,0.0,0.0,1.0
58984400-9207-49bb-8e16-5fdd3528a345,3495.0,3495.0,0.0,3495.0,3495.0,0.0,0.0,0.0,1.0
58a39b60-1ecf-443b-8395-3267ca6c25ec,6995.0,6995.0,0.0,6995.0,6995.0,0.0,0.0,0.0,1.0
58a65e2b-5b32-40e3-b64d-5f2c44be5cbe,3695.0,3695.0,0.0,3695.0,3695.0,0.0,0.0,0.0,1.0
58a726cb-8155-40d1-8d50-da68a4f93de3,8495.0,8495.0,0.0,8495.0,8495.0,0.0,0.0,0.0,1.0
58aac8d5-fda0-4e7d-b479-5aeb1f9289b4,795.0,795.0,0.0,795.0,795.0,0.0,0.0,0.0,1.0
58ac9c0c-875a-47cc-b42f-7caf1660a372,5240.0,5240.0,0.0,5240.0,5240.0,0.0,0.0,0.0,1.0
58b3a1b4-66c7-492b-9fa6-fd2e33b8688c,12900.0,12900.0,0.0,12900.0,12900.0,0.0,0.0,0.0,1.0
58bdb624-ebac-4408-ba5e-3240f59c1650,3000.0,3000.0,0.0,3000.0,3000.0,0.0,0.0,0.0,1.0
58c34802-869b-4f43-9464-7b72d325f398,31900.0,31900.0,0.0,31900.0,31900.0,0.0,0.0,0.0,1.0
58caf4de-e7c6-43d9-a646-a44d2238fb0f,2695.0,2695.0,0.0,2695.0,2695.0,0.0,0.0,0.0,1.0
58cb4e71-3ee3-4e29-ba4a-7910b365e116,460.0,460.0,0.0,460.0,460.0,0.0,0.0,0.0,1.0
58cd27e7-9a0a-4ec4-bb5e-7a577d09298b,2195.0,2195.0,0.0,2195.0,2195.0,0.0,0.0,0.0,1.0
58d484f0-c6e7-461d-8182-a9d2c1732b78,4995.0,4995.0,0.0,4995.0,4995.0,0.0,0.0,0.0,1.0
58d62550-63ca-42a2-b081-74aca0b81094,995.0,995.0,0.0,995.0,995.0,0.0,0.0,0.0,1.0
58efaef7-7101-4fc7-a9b4-b434e98bcf7f,335.0,335.0,0.0,335.0,335.0,0.0,0.0,0.0,1.0
58f0c42f-b86e-4c41-b93f-cc8454432b25,19900.0,19900.0,0.0,19900.0,19900.0,0.0,0.0,0.0,1.0
58f68e64-66d2-4778-945f-1904640befd2,1250.0,1250.0,0.0,1250.0,1250.0,0.0,0.0,0.0,1.0
58f6fe3e-293a-4260-b32d-e2271630ed36,1245.0,1245.0,0.0,1245.0,1245.0,0.0,0.0,0.0,1.0
58f9711b-cf51-4007-8d68-9a69e5729e10,1395.0,1395.0,0.0,1395.0,1395.0,0.0,0.0,0.0,1.0
58fda863-9137-4d4f-a691-8a9803adaa5c,7995.0,7995.0,0.0,7995.0,7995.0,0.0,0.0,0.0,1.0
59055d27-4d2c-4b8a-969d-47a4d4be64e7,44900.0,44900.0,0.0,44900.0,44900.0,0.0,0.0,0.0,1.0
5910a2ff-77fa-4870-a8e9-5c63dfa7f9fa,1095.0,1095.0,0.0,1095.0,1095.0,0.0,0.0,0.0,1.0
59179d05-88da-4edc-baa0-1872587a185f,2295.0,2295.0,0.0,2295.0,2295.0,0.0,0.0,0.0,1.0
591b1020-afce-461d-b3c9-b30de4f69b5f,1695.0,1695.0,0.0,1695.0,1695.0,0.0,0.0,0.0,1.0
591b9dbe-8096-4ebf-a8c9-84a59f0da768,1195.0,1195.0,0.0,1195.0,1195.0,0.0,0.0,0.0,1.0
591dfdec-31ed-4e0d-8753-e2e3248f4b8f,6495.0,6495.0,0.0,6495.0,6495.0,0.0,0.0,0.0,1.0
591f982d-128a-4e69-ad83-d7e9f664f643,1695.0,1695.0,0.0,1695.0,1695.0,0.0,0.0,0.0,1.0
59264c96-59f7-49dc-9e1b-5fd3f70c428c,1495.0,1495.0,0.0,1495.0,1495.0,0.0,0.0,0.0,1.0
592758c2-8ebd-4015-a18d-822ad02d0841,540.0,540.0,0.0,540.0,540.0,0.0,0.0,0.0,1.0
59291659-4c5a-4d2b-ad25-773416f8e75c,10900.0,10900.0,0.0,10900.0,10900.0,0.0,0.0,0.0,1.0
592a45e4-8cee-4aea-9ed0-4511623d931f,745.0,745.0,0.0,745.0,745.0,0.0,0.0,0.0,1.0
592fe169-7107-4b18-aa4f-d7377de90e3e,8500.0,8500.0,0.0,8500.0,8500.0,0.0,0.0,0.0,1.0
5936bdec-5373-4878-a702-7f349c500bf5,9900.0,9900.0,0.0,9900.0,9900.0,0.0,0.0,0.0,1.0
5942f03d-87b6-42a4-a288-0feb8bd49797,4495.0,4495.0,0.0,4495.0,4495.0,0.0,0.0,0.0,1.0
5946c22f-5323-4f5a-9248-d8c388bf53d2,910.0,910.0,0.0,910.0,910.0,0.0,0.0,0.0,1.0
594b266c-de7a-4d89-979b-416444b6602a,845.0,845.0,0.0,845.0,845.0,0.0,0.0,0.0,1.0
594e4192-b7fa-49df-8fb5-274161352164,1995.0,1995.0,0.0,1995.0,1995.0,0.0,0.0,0.0,1.0
59509054-45d7-4fb2-9ccd-2e356d9b22af,345.0,345.0,0.0,345.0,345.0,0.0,0.0,0.0,1.0
595394f1-4a28-461d-ab85-dd9ac1b872da,7950.0,7950.0,0.0,7950.0,7950.0,0.0,0.0,0.0,1.0
5954759f-cc97-47ae-a29e-090e843dd5ba,9900.0,9900.0,0.0,9900.0,9900.0,0.0,0.0,0.0,1.0
5955a692-dfb9-44d2-92b7-1a3ea096d0b6,4390.0,4390.0,0.0,4390.0,4390.0,0.0,0.0,0.0,1.0
5956ded8-2713-4075-953a-7a62ff66359d,3900.0,3900.0,0.0,3900.0,3900.0,0.0,0.0,0.0,1.0
595a4ba5-0d67-4083-8c01-cb7b3e772cb5,2950.0,2950.0,0.0,2950.0,2950.0,0.0,0.0,0.0,1.0
595af145-5dd8-4292-bf28-8ff09a82fcf9,2990.0,2990.0,0.0,2990.0,2990.0,0.0,0.0,0.0,1.0
596021dc-5d20-41a6-839f-fef2b7d68270,2250.0,2250.0,0.0,2250.0,2250.0,0.0,0.0,0.0,1.0
5961fae4-95fd-4fe9-b0f8-b5b436a97aef,845.0,845.0,0.0,845.0,845.0,0.0,0.0,0.0,1.0
59687c82-59e6-4f58-b09c-e5c53a891a43,16900.0,16900.0,0.0,16900.0,16900.0,0.0,0.0,0.0,1.0
5977c3ea-b19e-4ed0-ab81-5312b9ad9a41,2095.0,2095.0,0.0,2095.0,2095.0,0.0,0.0,0.0,1.0
597f5962-bd43-43bc-8cb0-eee1f2695bd0,4295.0,4295.0,0.0,4295.0,4295.0,0.0,0.0,0.0,1.0
59807716-e9f3-474b-8e87-fa7082a7e0f3,10900.0,10900.0,0.0,10900.0,10900.0,0.0,0.0,0.0,1.0
59891153-c052-41de-b1be-3aa2ffabcb20,3795.0,3795.0,0.0,3795.0,3795.0,0.0,0.0,0.0,1.0
598f6448-1247-4909-b541-a386c65b367a,1195.0,1195.0,0.0,1195.0,1195.0,0.0,0.0,0.0,1.0
59940962-3868-418e-b19b-d7937b50c538,11900.0,11900.0,0.0,11900.0,11900.0,0.0,0.0,0.0,1.0
59989c79-163d-4ac2-b4f3-8dd924f80d1a,11900.0,11900.0,0.0,11900.0,11900.0,0.0,0.0,0.0,1.0
599f2aa6-fee9-4566-aa9a-9a0fd8018185,5900.0,5900.0,0.0,5900.0,5900.0,0.0,0.0,0.0,1.0
59a06c3d-3046-4e00-b480-f820960f504e,995.0,995.0,0.0,995.0,995.0,0.0,0.0,0.0,1.0
59a8e463-8b19-4537-99a4-b37c17c40c6d,1795.0,1795.0,0.0,1795.0,1795.0,0.0,0.0,0.0,1.0
59aa77ef-3ba6-48a4-8dd4-b51465a898e2,2995.0,2995.0,0.0,2995.0,2995.0,0.0,0.0,0.0,1.0
59b84c53-e634-4202-9a69-a6ca3b6d8c04,5495.0,5495.0,0.0,5495.0,5495.0,0.0,0.0,0.0,1.0
59b9136f-bb6c-4a83-b105-2580b7898a85,3250.0,3250.0,0.0,3250.0,3250.0,0.0,0.0,0.0,1.0
59c619b0-0e1e-41f9-be21-c49fab029cf3,1400.0,1400.0,0.0,1400.0,1400.0,0.0,0.0,0.0,1.0
59c7c045-8928-4c2c-8569-b8077ce98d79,240.0,240.0,0.0,240.0,240.0,0.0,0.0,0.0,1.0
59d8ca8c-5688-4723-8ccc-3d5ba124fe35,950.0,950.0,0.0,950.0,950.0,0.0,0.0,0.0,1.0
59d993de-09f9-4bdf-be7a-93ac39cea4ee,5495.0,5495.0,0.0,5495.0,5495.0,0.0,0.0,0.0,1.0
59dfc44f-8acb-4cb6-8f06-e1eca3b48e9f,1595.0,1595.0,0.0,1595.0,1595.0,0.0,0.0,0.0,1.0
59e96b69-49da-419f-b51a-39dff20161d1,2995.0,2995.0,0.0,2995.0,2995.0,0.0,0.0,0.0,1.0
59ed2489-333c-4a9e-8ca7-8a672f625b25,2199.0,2199.0,0.0,2199.0,2199.0,0.0,0.0,0.0,1.0
59ee132d-5923-4d88-be42-f5ae103558fd,1245.0,1245.0,0.0,1245.0,1245.0,0.0,0.0,0.0,1.0
59f467d4-df6f-45d7-b2a2-e992f532206a,9900.0,9900.0,0.0,9900.0,9900.0,0.0,0.0,0.0,1.0
59f6fed9-ab26-4a1a-bee5-1262a20bbf9d,3170.0,3170.0,0.0,3170.0,3170.0,0.0,0.0,0.0,1.0
59f8eeb8-099e-44c0-a7ad-3da1f8545f9b,12500.0,12500.0,0.0,12500.0,12500.0,0.0,0.0,0.0,1.0
59f9252b-23e1-4ecd-8dd6-f50e6f9d0cf3,18900.0,18900.0,0.0,18900.0,18900.0,0.0,0.0,0.0,1.0
59fa6e81-4ec1-4722-90c1-b4920e586ece,18900.0,18900.0,0.0,18900.0,18900.0,0.0,0.0,0.0,1.0
5a01882e-4e4f-4d0a-b10d-08ab86d8d80e,2090.0,2090.0,0.0,2090.0,2090.0,0.0,0.0,0.0,1.0
5a03cef8-dfd7-43db-a5e3-00ab5b3388cb,11900.0,11900.0,0.0,11900.0,11900.0,0.0,0.0,0.0,1.0
5a088c1b-a906-4c93-889a-4db6b7086984,315.0,315.0,0.0,315.0,315.0,0.0,0.0,0.0,1.0
5a1a300a-39d0-4090-987e-3a895653702d,7295.0,7295.0,0.0,7295.0,7295.0,0.0,0.0,0.0,1.0
5a1e2641-9935-4ebd-8f6f-b8906c074f6e,12900.0,12900.0,0.0,12900.0,12900.0,0.0,0.0,0.0,1.0
5a233328-bf9f-4e3e-8581-290842e51b58,1595.0,1595.0,0.0,1595.0,1595.0,0.0,0.0,0.0,1.0
5a259baf-79f2-457c-beac-b9f48fb60149,1095.0,1095.0,0.0,1095.0,1095.0,0.0,0.0,0.0,1.0
5a35fdb2-1bcb-465e-b4db-c09c33ec11f9,27900.0,27900.0,0.0,27900.0,27900.0,0.0,0.0,0.0,1.0
5a38d84f-1700-40cd-a51d-1e8ecdaf761a,120.0,120.0,0.0,120.0,120.0,0.0,0.0,0.0,1.0
5a3e8580-6107-4fdd-befb-289e7e7656ca,11900.0,11900.0,0.0,11900.0,11900.0,0.0,0.0,0.0,1.0
5a40d0f1-d96b-454d-82f3-a62a84b2c9f9,995.0,995.0,0.0,995.0,995.0,0.0,0.0,0.0,1.0
5a4fc2eb-1b7e-4dc6-be9f-98f5145a0c61,4340.0,4340.0,0.0,4340.0,4340.0,0.0,0.0,0.0,1.0
5a652ea6-c2e6-4e66-a9d3-ac7dcca29c98,3995.0,3995.0,0.0,3995.0,3995.0,0.0,0.0,0.0,1.0
5a679311-0300-427b-9b60-4c23768191b7,2900.0,2900.0,0.0,2900.0,2900.0,0.0,0.0,0.0,1.0
5a6fa03a-7537-423b-9963-029902274d0c,375.0,375.0,0.0,375.0,375.0,0.0,0.0,0.0,1.0
5a6fda21-1f05-4f48-9f1c-63f528e2b7e3,1295.0,1295.0,0.0,1295.0,1295.0,0.0,0.0,0.0,1.0
5a7d16e6-dff3-4841-87f0-768e5800060a,1095.0,1095.0,0.0,1095.0,1095.0,0.0,0.0,0.0,1.0
5a80be2f-4dde-483b-ba10-55c16411760e,14900.0,14900.0,0.0,14900.0,14900.0,0.0,0.0,0.0,1.0
5a835dfe-74ce-4bf9-bf06-d240ff717897,2575.0,2575.0,0.0,2575.0,2575.0,0.0,0.0,0.0,1.0
5a885774-fd36-4884-b32b-7174aeac3b1f,80.0,80.0,0.0,80.0,80.0,0.0,0.0,0.0,1.0
5a887831-7216-4d80-a8b7-a5ff0b8e8289,695.0,695.0,0.0,695.0,695.0,0.0,0.0,0.0,1.0
5a8f9eeb-e3de-4737-9aad-14b4a465edec,1195.0,1195.0,0.0,1195.0,1195.0,0.0,0.0,0.0,1.0
5a94c624-4176-4c97-b8a4-556ea654d78e,1050.0,1050.0,0.0,1050.0,1050.0,0.0,0.0,0.0,1.0
5aa5f54e-016c-4c49-9542-ef7d4833a671,595.0,595.0,0.0,595.0,595.0,0.0,0.0,0.0,1.0
5aabff5e-9b5e-4a38-8361-c5aff606e8d1,650.0,650.0,0.0,650.0,650.0,0.0,0.0,0.0,1.0
5abd8591-5854-45c7-afd6-ac559e717a17,120.0,120.0,0.0,120.0,120.0,0.0,0.0,0.0,1.0
5acbbd81-6207-46e6-bbf2-eb51828a08fe,22900.0,22900.0,0.0,22900.0,22900.0,0.0,0.0,0.0,1.0
5acd08c6-931e-4169-a60f-14f367647477,12900.0,12900.0,0.0,12900.0,12900.0,0.0,0.0,0.0,1.0
5ad2dee7-cdf6-49d9-bf3f-a30f79dbfa67,42900.0,42900.0,0.0,42900.0,42900.0,0.0,0.0,0.0,1.0
5ad9c207-cfbc-425a-a3b2-74c4bd5ba9a0,4295.0,4295.0,0.0,4295.0,4295.0,0.0,0.0,0.0,1.0
5af04cfa-c0de-4195-aa94-602f058b4019,545.0,545.0,0.0,545.0,545.0,0.0,0.0,0.0,1.0
5af40156-e4ca-4373-93a3-07eba591e1d0,795.0,795.0,0.0,795.0,795.0,0.0,0.0,0.0,1.0
5af944f1-64a3-40cc-85ed-f3258d31064a,2840.0,2840.0,0.0,2840.0,2840.0,0.0,0.0,0.0,1.0
5b023d89-23c0-4502-a577-05bbcbb29b13,15900.0,15900.0,0.0,15900.0,15900.0,0.0,0.0,0.0,1.0
5b3e34d7-b08f-40f6-bda3-46c3366a6d79,998.0,998.0,0.0,998.0,998.0,0.0,0.0,0.0,1.0
5b4e7972-4afa-42af-b12e-b4ac8cd49bd8,10500.0,10500.0,0.0,10500.0,10500.0,0.0,0.0,0.0,1.0
5b51a8f7-6d3b-4081-8cb8-3876f83fa8cd,2700.0,2700.0,0.0,2700.0,2700.0,0.0,0.0,0.0,1.0
5b547f72-401f-4983-b3ae-4d0969bb2f41,1000.0,1000.0,0.0,1000.0,1000.0,0.0,0.0,0.0,1.0
5b56e6e1-171a-4c8b-8add-29bbde56e453,2595.0,2595.0,0.0,2595.0,2595.0,0.0,0.0,0.0,1.0
5b57cbc1-2760-4760-9d76-5030270c4801,12980.0,12980.0,0.0,12980.0,12980.0,0.0,0.0,0.0,1.0
5b5c98e9-92e8-4516-b7d7-794337a5d1b5,1350.0,1350.0,0.0,1350.0,1350.0,0.0,0.0,0.0,1.0
5b64e532-8e0d-4f1a-b7ae-045db1595809,27900.0,27900.0,0.0,27900.0,27900.0,0.0,0.0,0.0,1.0
5b7b88a6-8f83-4e52-a099-3322796b0931,682.0,682.0,0.0,682.0,682.0,0.0,0.0,0.0,1.0
5b7bc01e-b71f-43f1-b0ac-06749e44c7b6,3599.0,3599.0,0.0,3599.0,3599.0,0.0,0.0,0.0,1.0
5b81d49b-5a39-4f2f-9047-2b1168ec9ffe,335.0,335.0,0.0,335.0,335.0,0.0,0.0,0.0,1.0
5b99e32c-b9f2-42c8-94a8-52c756cd9371,41900.0,41900.0,0.0,41900.0,41900.0,0.0,0.0,0.0,1.0
5ba757c9-d238-4256-b1b1-e1fc8dd8c936,18900.0,18900.0,0.0,18900.0,18900.0,0.0,0.0,0.0,1.0
5bad214c-cce4-4b2c-885a-fe56499283cd,140.0,140.0,0.0,140.0,140.0,0.0,0.0,0.0,1.0
5bbc1062-6783-45b2-8b14-51ddfe5c0218,11900.0,11900.0,0.0,11900.0,11900.0,0.0,0.0,0.0,1.0
5bcb6468-98c6-4074-bb34-103620fa93d5,1595.0,1595.0,0.0,1595.0,1595.0,0.0,0.0,0.0,1.0
5bd8e4a8-ea6f-4967-98bc-de222a8581af,36900.0,36900.0,0.0,36900.0,36900.0,0.0,0.0,0.0,1.0
5bd91d34-3a7a-4b7e-9661-9d74963a293d,8900.0,8900.0,0.0,8900.0,8900.0,0.0,0.0,0.0,1.0
5bd9a77a-1b0d-4dc0-a2ef-8e236a74cb6b,4895.0,4895.0,0.0,4895.0,4895.0,0.0,0.0,0.0,1.0
5bd9ce16-19ef-4fd3-ac65-cbe5fecfa842,2150.0,2150.0,0.0,2150.0,2150.0,0.0,0.0,0.0,1.0
5bdaac4f-3b0d-488f-aed9-377f7ccde1d6,2365.0,2365.0,0.0,2365.0,2365.0,0.0,0.0,0.0,1.0
5bdcd88d-3dc7-42b4-95a4-51d2c15c4f25,2995.0,2995.0,0.0,2995.0,2995.0,0.0,0.0,0.0,1.0
5be05bf5-8e6c-4bda-94b9-6bae1a3a63fa,46900.0,46900.0,0.0,46900.0,46900.0,0.0,0.0,0.0,1.0
5be176d5-98ad-4532-87b7-07600782dd62,6900.0,6900.0,0.0,6900.0,6900.0,0.0,0.0,0.0,1.0
5be89792-041b-46be-8106-e7b60b708197,2195.0,2195.0,0.0,2195.0,2195.0,0.0,0.0,0.0,1.0
5be93fc4-d371-49c6-b4b4-f278d3b73620,2995.0,2995.0,0.0,2995.0,2995.0,0.0,0.0,0.0,1.0
5bf6b3a6-de84-44dc-bbac-fff82429e883,22900.0,22900.0,0.0,22900.0,22900.0,0.0,0.0,0.0,1.0
5bfb2a99-e084-4026-b744-bfe8586a2439,5395.0,5395.0,0.0,5395.0,5395.0,0.0,0.0,0.0,1.0
5bfe3842-6587-41ee-8412-a9f19799f93c,3295.0,3295.0,0.0,3295.0,3295.0,0.0,0.0,0.0,1.0
5c00d75e-1b03-4100-a603-283a77b2d654,12900.0,12900.0,0.0,12900.0,12900.0,0.0,0.0,0.0,1.0
5c0c0778-5e7e-4ee0-a57f-ad003c9a97b6,4495.0,4495.0,0.0,4495.0,4495.0,0.0,0.0,0.0,1.0
5c1eb4ff-4388-4b8c-844b-1b1fc35965f6,2800.0,2800.0,0.0,2800.0,2800.0,0.0,0.0,0.0,1.0
5c23abb5-f9a9-4b63-b28b-127f8bc95c39,2795.0,2795.0,0.0,2795.0,2795.0,0.0,0.0,0.0,1.0
5c2c800d-4745-42c5-8096-8449d2e5693d,3045.0,3045.0,0.0,3045.0,3045.0,0.0,0.0,0.0,1.0
5c31dd45-70da-4bad-850a-0113e414ff4c,995.0,995.0,0.0,995.0,995.0,0.0,0.0,0.0,1.0
5c33c206-448f-406d-8563-abda84680fb6,695.0,695.0,0.0,695.0,695.0,0.0,0.0,0.0,1.0
5c4e60f5-9e89-4765-9ef0-edebb8076867,6995.0,6995.0,0.0,6995.0,6995.0,0.0,0.0,0.0,1.0
5c4f5471-a84a-47fb-b443-f646b218f56e,2599.0,2599.0,0.0,2599.0,2599.0,0.0,0.0,0.0,1.0
5c522846-f882-49f1-9ea8-6695d0715ab1,285.0,285.0,0.0,285.0,285.0,0.0,0.0,0.0,1.0
5c5ef4fb-ab81-495a-9642-b1a8a6189a30,2195.0,2195.0,0.0,2195.0,2195.0,0.0,0.0,0.0,1.0
5c9ea0c2-c914-45ca-afcc-77f3442adcdd,495.0,495.0,0.0,495.0,495.0,0.0,0.0,0.0,1.0
5cadafd6-e3fd-432f-a4df-02fd6ef5802c,2795.0,2795.0,0.0,2795.0,2795.0,0.0,0.0,0.0,1.0
5cb2b012-01a0-4d32-b5ec-d5107caf48c6,2995.0,2995.0,0.0,2995.0,2995.0,0.0,0.0,0.0,1.0
5cb8a1f3-6679-4835-8241-a87d7f395af4,3595.0,3595.0,0.0,3595.0,3595.0,0.0,0.0,0.0,1.0
5cc439ec-659f-4ab4-a4b2-96ef801b2896,42900.0,42900.0,0.0,42900.0,42900.0,0.0,0.0,0.0,1.0
5cc7d806-08ba-4758-bc4c-3a822d61e46e,17500.0,17500.0,0.0,17500.0,17500.0,0.0,0.0,0.0,1.0
5cdc41c8-4b25-4731-81f9-410b71cf342b,4495.0,4495.0,0.0,4495.0,4495.0,0.0,0.0,0.0,1.0
5ce35be5-9dfe-4802-a7e9-63b50bf4ccf9,495.0,495.0,0.0,495.0,495.0,0.0,0.0,0.0,1.0
5cea8a62-c758-45e2-99c4-bc32a0497d19,335.0,335.0,0.0,335.0,335.0,0.0,0.0,0.0,1.0
5cf15a8a-2a3b-45bc-8a2f-0ac7ac8b64cd,3865.0,3865.0,0.0,3865.0,3865.0,0.0,0.0,0.0,1.0
5cf4f8c1-cc78-44ab-b02f-3d892501ff3d,44900.0,44900.0,0.0,44900.0,44900.0,0.0,0.0,0.0,1.0
5cf4fad1-cfae-4072-8ded-1a5867ce9c11,32900.0,32900.0,0.0,32900.0,32900.0,0.0,0.0,0.0,1.0
5cfb9684-7004-445e-89e5-0d22a32bf21e,10900.0,10900.0,0.0,10900.0,10900.0,0.0,0.0,0.0,1.0
5d03df7c-a0d9-4c59-9359-f82e5dfd4d79,2480.0,2480.0,0.0,2480.0,2480.0,0.0,0.0,0.0,1.0
5d23850a-224b-4bc8-bd3d-8fc746658f64,3995.0,3995.0,0.0,3995.0,3995.0,0.0,0.0,0.0,1.0
5d2d172b-a92b-4718-b945-b1cc303c24c6,2695.0,2695.0,0.0,2695.0,2695.0,0.0,0.0,0.0,1.0
5d2da769-d89b-4c2d-9005-dc9ea876aa26,3799.0,3799.0,0.0,3799.0,3799.0,0.0,0.0,0.0,1.0
5d301b11-4865-4064-b75d-8589b2c92852,10900.0,10900.0,0.0,10900.0,10900.0,0.0,0.0,0.0,1.0
5d32252e-242a-4dca-8f38-cfe2f20e5253,3995.0,3995.0,0.0,3995.0,3995.0,0.0,0.0,0.0,1.0
5d3322cb-61d3-40ba-ad23-9d698caa86b9,24900.0,24900.0,0.0,24900.0,24900.0,0.0,0.0,0.0,1.0
5d3a9489-88fb-485f-85ba-90a70c667f00,3595.0,3595.0,0.0,3595.0,3595.0,0.0,0.0,0.0,1.0
5d477857-bc2e-47ce-8851-8eefe5941a1e,7900.0,7900.0,0.0,7900.0,7900.0,0.0,0.0,0.0,1.0
5d493ff1-9299-4370-a4e0-5e37637119b2,6400.0,6400.0,0.0,6400.0,6400.0,0.0,0.0,0.0,1.0
5d4d9d57-70a0-4837-9224-07650876a215,33900.0,33900.0,0.0,33900.0,33900.0,0.0,0.0,0.0,1.0
5d5474ac-c245-4771-9d35-fe2dde4791c9,1695.0,1695.0,0.0,1695.0,1695.0,0.0,0.0,0.0,1.0
5d5867fb-9e08-4ff5-a8e3-da3ba4cc4a57,3995.0,3995.0,0.0,3995.0,3995.0,0.0,0.0,0.0,1.0
5d5c59d2-cec2-415e-97da-002178af4d61,2795.0,2795.0,0.0,2795.0,2795.0,0.0,0.0,0.0,1.0
5d5eb997-9d08-48a9-9ac3-691a6bff5221,8295.0,8295.0,0.0,8295.0,8295.0,0.0,0.0,0.0,1.0
5d6fcc0f-d750-46ff-b855-68eb0d4aadb9,1260.0,1260.0,0.0,1260.0,1260.0,0.0,0.0,0.0,1.0
5d7129ef-259c-40f8-883c-56bd9e0a7040,475.0,475.0,0.0,475.0,475.0,0.0,0.0,0.0,1.0
5d73b7b2-a0d4-462c-a80f-9e60d4368761,37900.0,37900.0,0.0,37900.0,37900.0,0.0,0.0,0.0,1.0
5d752f11-1f7b-4478-b0e4-ad85e81e6feb,13900.0,13900.0,0.0,13900.0,13900.0,0.0,0.0,0.0,1.0
5d83336a-6013-4c1c-87ca-ce8e8fcae4e4,7950.0,7950.0,0.0,7950.0,7950.0,0.0,0.0,0.0,1.0
5d870666-7dd1-4673-b3a4-05d3f8e556d4,1395.0,1395.0,0.0,1395.0,1395.0,0.0,0.0,0.0,1.0
5d879e77-c5bf-444b-9760-0ae53546309c,850.0,850.0,0.0,850.0,850.0,0.0,0.0,0.0,1.0
5d924233-8756-4287-b562-b83d2d00f642,11900.0,11900.0,0.0,11900.0,11900.0,0.0,0.0,0.0,1.0
5d99e886-0dd2-4b44-8418-593965eddf3e,1795.0,1795.0,0.0,1795.0,1795.0,0.0,0.0,0.0,1.0
5dc91faa-ab26-4ca2-88b5-b35e75904c5c,4725.0,4725.0,0.0,4725.0,4725.0,0.0,0.0,0.0,1.0
5dc9556d-101e-4a81-91c0-1c251c5bb503,19900.0,19900.0,0.0,19900.0,19900.0,0.0,0.0,0.0,1.0
5dcf083e-197e-4018-8c4e-9ff3e7c1beec,4200.0,4200.0,0.0,4200.0,4200.0,0.0,0.0,0.0,1.0
5dcfe553-ce9d-4b77-803f-15171dbecafd,8900.0,8900.0,0.0,8900.0,8900.0,0.0,0.0,0.0,1.0
5dcff8fb-f1c4-4430-b104-293e90347cfc,3995.0,3995.0,0.0,3995.0,3995.0,0.0,0.0,0.0,1.0
5dd024ea-a9d6-45ec-93b6-130c86379d97,2295.0,2295.0,0.0,2295.0,2295.0,0.0,0.0,0.0,1.0
5dd2372c-139f-4588-87ac-352944c82d7f,9900.0,9900.0,0.0,9900.0,9900.0,0.0,0.0,0.0,1.0
5dd24de5-2b36-4255-9380-34f0895cd4c8,540.0,540.0,0.0,540.0,540.0,0.0,0.0,0.0,1.0
5dd8eb6d-5c07-4f70-8d79-470586733b0a,1595.0,1595.0,0.0,1595.0,1595.0,0.0,0.0,0.0,1.0
5dda821a-196b-4727-9fa9-b7fc3c0cdb22,4500.0,4500.0,0.0,4500.0,4500.0,0.0,0.0,0.0,1.0
5df866bc-201a-4462-a3ed-06e39dc8171f,23900.0,23900.0,0.0,23900.0,23900.0,0.0,0.0,0.0,1.0
5df8fd61-bab0-47f3-aa88-22eacb9f36c0,2095.0,2095.0,0.0,2095.0,2095.0,0.0,0.0,0.0,1.0
5df9d66b-af4b-47de-80c0-7bdeb4fe47d2,16500.0,16500.0,0.0,16500.0,16500.0,0.0,0.0,0.0,1.0
5df9e528-1082-4cb5-b0e1-b4f5dc988618,6900.0,6900.0,0.0,6900.0,6900.0,0.0,0.0,0.0,1.0
5dfe8537-5488-4d34-8698-cff84a04b5ea,1595.0,1595.0,0.0,1595.0,1595.0,0.0,0.0,0.0,1.0
5e004104-d586-4be1-be01-22260f4faede,1745.0,1745.0,0.0,1745.0,1745.0,0.0,0.0,0.0,1.0
5e025c76-9161-4bc6-8afb-dfcca3188d3b,3595.0,3595.0,0.0,3595.0,3595.0,0.0,0.0,0.0,1.0
5e0352c2-2a45-475f-a9f2-c0f5b4607499,3995.0,3995.0,0.0,3995.0,3995.0,0.0,0.0,0.0,1.0
5e0b96b1-2f63-4ec1-a9c9-a3333755c31b,1495.0,1495.0,0.0,1495.0,1495.0,0.0,0.0,0.0,1.0
5e10d77b-1114-49fc-8b5b-709c54331abf,595.0,595.0,0.0,595.0,595.0,0.0,0.0,0.0,1.0
5e178e13-38a9-4ad7-bfab-1f649cdd9256,8495.0,8495.0,0.0,8495.0,8495.0,0.0,0.0,0.0,1.0
5e1ccbcd-0873-4417-83ab-21d2e169ece2,3140.0,3140.0,0.0,3140.0,3140.0,0.0,0.0,0.0,1.0
5e2e43bd-11db-4aa6-a522-117024e5dd87,1395.0,1395.0,0.0,1395.0,1395.0,0.0,0.0,0.0,1.0
5e336b23-93d7-4b7a-8996-67ba7b4c7691,2700.0,2700.0,0.0,2700.0,2700.0,0.0,0.0,0.0,1.0
5e52e1b2-a51a-43d9-9e68-113fa46750b2,595.0,595.0,0.0,595.0,595.0,0.0,0.0,0.0,1.0
5e64bd67-5a03-454b-816c-d5ca88a18a9a,9500.0,9500.0,0.0,9500.0,9500.0,0.0,0.0,0.0,1.0
5e658824-8d94-478e-b57c-966962e86f1c,2995.0,2995.0,0.0,2995.0,2995.0,0.0,0.0,0.0,1.0
5e68038d-f1ea-462a-8ba4-7e1871a483b6,3495.0,3495.0,0.0,3495.0,3495.0,0.0,0.0,0.0,1.0
5e6ac370-8e0e-47e3-96b2-7a3e33c6625c,6900.0,6900.0,0.0,6900.0,6900.0,0.0,0.0,0.0,1.0
5e7bb066-8a39-4ee5-a6d5-32c8df3b3bf7,14900.0,14900.0,0.0,14900.0,14900.0,0.0,0.0,0.0,1.0
5e7ca2a4-0341-4ef9-8950-07dd38141c95,3995.0,3995.0,0.0,3995.0,3995.0,0.0,0.0,0.0,1.0
5e7d32ca-d90b-4c76-b0bf-6841a79cb90f,860.0,860.0,0.0,860.0,860.0,0.0,0.0,0.0,1.0
5e7d383d-db8f-4a9f-b3e2-5330c83fb034,42900.0,42900.0,0.0,42900.0,42900.0,0.0,0.0,0.0,1.0
5e7e059c-cfb1-46f1-9cfb-5cd17eeaa371,990.0,990.0,0.0,990.0,990.0,0.0,0.0,0.0,1.0
5e82a002-c670-4db7-bdb4-6e5a0c3e8fa3,2900.0,2900.0,0.0,2900.0,2900.0,0.0,0.0,0.0,1.0
5e84cb2e-c2fc-463b-a049-f2a69aaafad1,840.0,840.0,0.0,840.0,840.0,0.0,0.0,0.0,1.0
5e97e45a-3fb9-4d8a-aa00-68f7cab26d00,7995.0,7995.0,0.0,7995.0,7995.0,0.0,0.0,0.0,1.0
5e99670c-7492-4743-b907-02bb5e91beaa,100.0,100.0,0.0,100.0,100.0,0.0,0.0,0.0,1.0
5e99755c-3cc4-47cc-bcf6-97e8c9e53300,14900.0,14900.0,0.0,14900.0,14900.0,0.0,0.0,0.0,1.0
5e9c4d15-e424-43d1-8163-50b0c2b71a6e,3995.0,3995.0,0.0,3995.0,3995.0,0.0,0.0,0.0,1.0
5ea520e7-7200-4002-a218-9fcfa81d5c6e,3495.0,3495.0,0.0,3495.0,3495.0,0.0,0.0,0.0,1.0
5eb13700-034b-4d4b-9190-5bc8e3d54406,13500.0,13500.0,0.0,13500.0,13500.0,0.0,0.0,0.0,1.0
5ec58258-1dbb-46df-8b55-a78cb0e68c2f,3295.0,3295.0,0.0,3295.0,3295.0,0.0,0.0,0.0,1.0
5edc3502-c392-46e8-b929-8056a8801015,845.0,845.0,0.0,845.0,845.0,0.0,0.0,0.0,1.0
5edfae88-c141-4ca6-a0fd-e38671bac83d,14200.0,14200.0,0.0,14200.0,14200.0,0.0,0.0,0.0,1.0
5ee216eb-525f-4165-8d61-71996f628c19,2200.0,2200.0,0.0,2200.0,2200.0,0.0,0.0,0.0,1.0
5ee26573-dcbc-4cba-a709-2b8544259932,2195.0,2195.0,0.0,2195.0,2195.0,0.0,0.0,0.0,1.0
5ef11c9b-554c-4993-bb44-0c54d47b79c0,1195.0,1195.0,0.0,1195.0,1195.0,0.0,0.0,0.0,1.0
5efb43a9-7a6c-4673-887f-51734845c70d,690.0,690.0,0.0,690.0,690.0,0.0,0.0,0.0,1.0
5efb533b-7c8b-4d94-b323-65c1892abd84,5495.0,5495.0,0.0,5495.0,5495.0,0.0,0.0,0.0,1.0
5f045e11-de3d-4eff-a9c8-047986d05dbe,12900.0,12900.0,0.0,12900.0,12900.0,0.0,0.0,0.0,1.0
5f152122-6090-4919-ad1d-4a0e0cf54ad0,16400.0,16400.0,0.0,16400.0,16400.0,0.0,0.0,0.0,1.0
5f1a7eb6-d3f1-4eaa-89f6-6eae533c8f7e,17900.0,17900.0,0.0,17900.0,17900.0,0.0,0.0,0.0,1.0
5f2a5413-ee45-44a7-ad42-a81645f88671,1195.0,1195.0,0.0,1195.0,1195.0,0.0,0.0,0.0,1.0
5f2fa973-2ec9-4251-907f-24ba770a8ea3,1130.0,1130.0,0.0,1130.0,1130.0,0.0,0.0,0.0,1.0
5f317853-12ae-4781-9127-098a7d8f334c,2395.0,2395.0,0.0,2395.0,2395.0,0.0,0.0,0.0,1.0
5f3313a8-c6c4-4539-b64d-c35e2d1fd925,595.0,595.0,0.0,595.0,595.0,0.0,0.0,0.0,1.0
5f384fe1-81c5-4e55-ae3d-3ced9f58e698,2200.0,2200.0,0.0,2200.0,2200.0,0.0,0.0,0.0,1.0
5f418898-7008-4e13-b84e-3444954c1fc0,595.0,595.0,0.0,595.0,595.0,0.0,0.0,0.0,1.0
5f4646c8-02c0-4099-b4d4-7aeccfe3624e,62900.0,62900.0,0.0,62900.0,62900.0,0.0,0.0,0.0,1.0
5f4f7433-c11d-4c85-b30c-6f2b7aed626a,3837.5,3837.5,215.667568261897,3685.0,3990.0,152.5,0.05620001778811648,305.0,1.0827679782903663
5f4fd7df-4f5d-4812-bd78-2dc4f2b6e57b,16900.0,16900.0,0.0,16900.0,16900.0,0.0,0.0,0.0,1.0
5f5913c3-85ad-4fa4-809d-17a2dd08ecff,9500.0,9500.0,0.0,9500.0,9500.0,0.0,0.0,0.0,1.0
5f5983cc-5199-4710-8b7c-6421fb2c2481,3995.0,3995.0,0.0,3995.0,3995.0,0.0,0.0,0.0,1.0
5f5c3c16-66ff-4bd0-a4a7-effe727ec048,2995.0,2995.0,0.0,2995.0,2995.0,0.0,0.0,0.0,1.0
5f633b19-a62f-4abd-bdb4-efa2bc0353a6,2195.0,2195.0,0.0,2195.0,2195.0,0.0,0.0,0.0,1.0
5f667d31-52cb-4830-8c92-c89e5fa60075,3530.0,3530.0,0.0,3530.0,3530.0,0.0,0.0,0.0,1.0
5f684c59-8796-4c62-a29e-244b191b26f3,4500.0,4500.0,0.0,4500.0,4500.0,0.0,0.0,0.0,1.0
5f6ea1f3-cd4d-4469-87bc-f7d60ef8da2a,445.0,445.0,0.0,445.0,445.0,0.0,0.0,0.0,1.0
5f735735-26fc-4b95-9177-34b11d71e1f7,7400.0,7400.0,0.0,7400.0,7400.0,0.0,0.0,0.0,1.0
5f7b8042-fe5f-4262-a883-bad48d546446,2695.0,2695.0,0.0,2695.0,2695.0,0.0,0.0,0.0,1.0
5f7c23ec-4222-499a-8a89-181a69235c38,23900.0,23900.0,0.0,23900.0,23900.0,0.0,0.0,0.0,1.0
5f8071d7-939b-4692-9dcb-8629b2e750ca,1695.0,1695.0,0.0,1695.0,1695.0,0.0,0.0,0.0,1.0
5f858d10-8d25-45d9-bf21-db6317d39701,1195.0,1195.0,0.0,1195.0,1195.0,0.0,0.0,0.0,1.0
5f878859-8e5d-4ae5-80fb-368b531d7abf,9980.0,9980.0,0.0,9980.0,9980.0,0.0,0.0,0.0,1.0
5f8c79c7-4061-4201-8f59-bb4a4d41a5da,3195.0,3195.0,0.0,3195.0,3195.0,0.0,0.0,0.0,1.0
5f967ac3-ea97-421f-a0dc-b88a4dbbe0c5,2560.0,2560.0,0.0,2560.0,2560.0,0.0,0.0,0.0,1.0
5f977586-614b-428c-9a62-2883b84b27ba,1950.0,1950.0,0.0,1950.0,1950.0,0.0,0.0,0.0,1.0
5fa2dc30-142b-4f3c-b0a3-bc8c41b39a85,12900.0,12900.0,0.0,12900.0,12900.0,0.0,0.0,0.0,1.0
5fa8deb8-f377-4d3e-9656-7b31516fe2ca,2695.0,2695.0,0.0,2695.0,2695.0,0.0,0.0,0.0,1.0
5fae5214-3118-4ab6-9792-7c45d574bf6a,2699.0,2699.0,0.0,2699.0,2699.0,0.0,0.0,0.0,1.0
5fb8839a-9e9c-4e85-861a-5b72af9b43c5,10500.0,10500.0,0.0,10500.0,10500.0,0.0,0.0,0.0,1.0
5fbae34a-6c86-434c-a45f-fd8ee38666ad,4295.0,4295.0,0.0,4295.0,4295.0,0.0,0.0,0.0,1.0
5fbc333b-53a1-48f8-8744-bb4363aa6d38,26900.0,26900.0,0.0,26900.0,26900.0,0.0,0.0,0.0,1.0
5fc15908-7c9c-4c4a-83c6-7e9cf78b4518,14900.0,14900.0,0.0,14900.0,14900.0,0.0,0.0,0.0,1.0
5fc244e5-656d-4f5e-b4ac-3d36a4958bdf,3995.0,3995.0,0.0,3995.0,3995.0,0.0,0.0,0.0,1.0
5fc3c005-c510-41f4-bcaf-31a698837e5d,3995.0,3995.0,0.0,3995.0,3995.0,0.0,0.0,0.0,1.0
5fcba5d2-6e5f-4a85-8608-dcebcdb56e38,14500.0,14500.0,0.0,14500.0,14500.0,0.0,0.0,0.0,1.0
5fd9e09a-af6b-4efc-a144-5c5aa86222a2,3145.0,3145.0,0.0,3145.0,3145.0,0.0,0.0,0.0,1.0
5feb3e52-3a09-4f8e-9ec1-2addcd5bb0ca,1195.0,1195.0,0.0,1195.0,1195.0,0.0,0.0,0.0,1.0
5fede2ea-0afd-4069-801c-93786038da6b,1995.0,1995.0,0.0,1995.0,1995.0,0.0,0.0,0.0,1.0
5ff8ece6-e13d-477f-96c3-426bf1475995,2895.0,2895.0,0.0,2895.0,2895.0,0.0,0.0,0.0,1.0
5ffd0093-aa1e-430f-866c-1ac16993f274,9900.0,9900.0,0.0,9900.0,9900.0,0.0,0.0,0.0,1.0
60071ba2-ed51-4378-b9f3-8a656345bc95,110.0,110.0,0.0,110.0,110.0,0.0,0.0,0.0,1.0
60086b59-58ac-4d50-8f80-b5bf3636488b,22900.0,22900.0,0.0,22900.0,22900.0,0.0,0.0,0.0,1.0
600bf20c-9b8d-408f-921f-25c4d1b246b2,5995.0,5995.0,0.0,5995.0,5995.0,0.0,0.0,0.0,1.0
600db4bd-94a7-459c-9df1-892736c4f830,1080.0,1080.0,0.0,1080.0,1080.0,0.0,0.0,0.0,1.0
601a15f9-bbba-436b-b827-bf529ee73d92,13900.0,13900.0,0.0,13900.0,13900.0,0.0,0.0,0.0,1.0
60265eb5-b88a-4646-b675-5eedfc748a68,495.0,495.0,0.0,495.0,495.0,0.0,0.0,0.0,1.0
602f53f1-d5cc-4951-b09e-c76078515b9e,475.0,475.0,0.0,475.0,475.0,0.0,0.0,0.0,1.0
6030b101-de55-4b3b-a268-e18e64474de9,7995.0,7995.0,0.0,7995.0,7995.0,0.0,0.0,0.0,1.0
603ce7db-6d8a-4d43-876f-69d608577af2,11900.0,11900.0,0.0,11900.0,11900.0,0.0,0.0,0.0,1.0
60422acc-da15-4525-8e59-5ff148ea1ec1,9900.0,9900.0,0.0,9900.0,9900.0,0.0,0.0,0.0,1.0
60453b2f-b378-485a-bd16-5fbee02a3c17,2850.0,2850.0,0.0,2850.0,2850.0,0.0,0.0,0.0,1.0
60476b47-a935-418d-b514-f8f653a5456a,4695.0,4695.0,0.0,4695.0,4695.0,0.0,0.0,0.0,1.0
6052def0-c36e-4937-9d1c-672841f93382,1795.0,1795.0,0.0,1795.0,1795.0,0.0,0.0,0.0,1.0
6053e87e-96a0-4345-b460-9a9ed5ba0a7c,1195.0,1195.0,0.0,1195.0,1195.0,0.0,0.0,0.0,1.0
605aeedc-a463-4738-87a4-3d76d0e45ecb,45.0,45.0,0.0,45.0,45.0,0.0,0.0,0.0,1.0
605e9811-ca98-45fe-b624-5722c79ff7e4,1795.0,1795.0,0.0,1795.0,1795.0,0.0,0.0,0.0,1.0
605f7ad6-95ba-4974-ae72-b77e642b7d9e,1095.0,1095.0,0.0,1095.0,1095.0,0.0,0.0,0.0,1.0
606440a9-3019-48bb-96df-8aa12a58a4f8,5695.0,5695.0,0.0,5695.0,5695.0,0.0,0.0,0.0,1.0
6064ccba-e5ba-477d-b21c-d2a9ab319055,2850.0,2850.0,0.0,2850.0,2850.0,0.0,0.0,0.0,1.0
606ee9ab-1dea-4924-8ca3-56c35b69755a,2850.0,2850.0,0.0,2850.0,2850.0,0.0,0.0,0.0,1.0
6078c961-052a-4978-b906-969cc4025c76,3195.0,3195.0,0.0,3195.0,3195.0,0.0,0.0,0.0,1.0
6078d180-4bb6-4164-af4f-6ed60b917613,695.0,695.0,0.0,695.0,695.0,0.0,0.0,0.0,1.0
607d3e51-686a-4094-87c1-1dfeb44a75b3,7995.0,7995.0,0.0,7995.0,7995.0,0.0,0.0,0.0,1.0
60843370-0bbd-4dc9-ad23-79194d0b5f23,5495.0,5495.0,0.0,5495.0,5495.0,0.0,0.0,0.0,1.0
6087a5a4-a704-454d-89e3-d8d75eb51d81,15900.0,15900.0,0.0,15900.0,15900.0,0.0,0.0,0.0,1.0
6089a016-6274-4802-95f4-540cf1ed7b56,1645.0,1645.0,0.0,1645.0,1645.0,0.0,0.0,0.0,1.0
6095b8c1-5718-41ae-9d58-02562e486cca,16900.0,16900.0,0.0,16900.0,16900.0,0.0,0.0,0.0,1.0
609789d9-0189-43a6-9f60-c63cf5572fed,1890.0,1890.0,0.0,1890.0,1890.0,0.0,0.0,0.0,1.0
6099556a-4b03-4cd6-b483-7c6af0ecadfd,80.0,80.0,0.0,80.0,80.0,0.0,0.0,0.0,1.0
60a44cc4-844e-4bdc-b83a-c8a8de0d1ba9,1595.0,1595.0,0.0,1595.0,1595.0,0.0,0.0,0.0,1.0
60a5a233-841f-4cb2-8537-387b4db2e038,2350.0,2350.0,0.0,2350.0,2350.0,0.0,0.0,0.0,1.0
60aa160c-3a8f-44c2-855c-92e04b9065ed,3995.0,3995.0,0.0,3995.0,3995.0,0.0,0.0,0.0,1.0
60b198fe-75f9-466f-8c26-3f3daf7f176c,15900.0,15900.0,0.0,15900.0,15900.0,0.0,0.0,0.0,1.0
60b661a1-f6f5-4c98-93d8-212ca53ea88a,11900.0,11900.0,0.0,11900.0,11900.0,0.0,0.0,0.0,1.0
60bd0f51-06dd-4225-ae6b-5bf70579f19a,12500.0,12500.0,0.0,12500.0,12500.0,0.0,0.0,0.0,1.0
60c26b14-2f08-41f1-a35e-c772cd2af049,3495.0,3495.0,0.0,3495.0,3495.0,0.0,0.0,0.0,1.0
60c463f0-2ff0-4cac-869c-79eba95a8baf,5990.0,5990.0,0.0,5990.0,5990.0,0.0,0.0,0.0,1.0
60c938e4-cd2d-45e4-afe7-d1456d84d57c,1950.0,1950.0,0.0,1950.0,1950.0,0.0,0.0,0.0,1.0
60d59a2f-e162-42b5-bcaf-e6762f2edc8e,1295.0,1295.0,0.0,1295.0,1295.0,0.0,0.0,0.0,1.0
60d69b1c-97ae-43ca-96f0-ed50bec0afda,1199.0,1199.0,0.0,1199.0,1199.0,0.0,0.0,0.0,1.0
60d7dd13-f524-48bb-8c9e-634dd4a9160d,2140.0,2140.0,0.0,2140.0,2140.0,0.0,0.0,0.0,1.0
60da415a-2398-436e-b028-d19e4eede6b4,25900.0,25900.0,0.0,25900.0,25900.0,0.0,0.0,0.0,1.0
60e23c30-4377-4f54-8ac5-f54bdd74d681,45.0,45.0,0.0,45.0,45.0,0.0,0.0,0.0,1.0
60e9e0e2-502b-4dd0-9930-db1a63495ede,29900.0,29900.0,0.0,29900.0,29900.0,0.0,0.0,0.0,1.0
60eaad9d-d60c-47be-beef-ead0ae84d0f4,695.0,695.0,0.0,695.0,695.0,0.0,0.0,0.0,1.0
60eb85aa-4a24-4ef3-ba8a-738f9babc816,1295.0,1295.0,0.0,1295.0,1295.0,0.0,0.0,0.0,1.0
60f8edff-fd22-4e5e-9e1e-d611152d238f,16900.0,16900.0,0.0,16900.0,16900.0,0.0,0.0,0.0,1.0
60fe7ce8-4288-40d1-abdd-b565110d6397,170.0,170.0,0.0,170.0,170.0,0.0,0.0,0.0,1.0
610020d1-f4ff-4f1a-a04e-47292547fc51,1695.0,1695.0,0.0,1695.0,1695.0,0.0,0.0,0.0,1.0
61093be7-ce7b-4b9b-935e-d460a37cd5c9,7995.0,7995.0,0.0,7995.0,7995.0,0.0,0.0,0.0,1.0
611ccd48-fe28-45f3-bfe4-c5a0b7d627b6,1495.0,1495.0,0.0,1495.0,1495.0,0.0,0.0,0.0,1.0
6120bf79-5d79-4a34-932f-288cf1a86940,1080.0,1080.0,0.0,1080.0,1080.0,0.0,0.0,0.0,1.0
61222cdc-7ae6-46c3-a1db-6c9853563661,1395.0,1395.0,0.0,1395.0,1395.0,0.0,0.0,0.0,1.0
613f390e-240c-451c-95ca-b77c4f5f318e,695.0,695.0,0.0,695.0,695.0,0.0,0.0,0.0,1.0
614146b4-f8d7-4408-b586-457d66d05303,1795.0,1795.0,0.0,1795.0,1795.0,0.0,0.0,0.0,1.0
61431297-fe02-4bb5-a723-1a23abbac216,3595.0,3595.0,0.0,3595.0,3595.0,0.0,0.0,0.0,1.0
614760f9-31d4-4e54-8f8f-38c011735cb0,2195.0,2195.0,0.0,2195.0,2195.0,0.0,0.0,0.0,1.0
614edb92-7709-4c0e-a040-18efd813d84e,140.0,140.0,0.0,140.0,140.0,0.0,0.0,0.0,1.0
615573c7-53fc-4b97-9943-9986a823ceec,1530.0,1530.0,0.0,1530.0,1530.0,0.0,0.0,0.0,1.0
615be852-6e03-4d75-833e-0d32f796d11b,845.0,845.0,0.0,845.0,845.0,0.0,0.0,0.0,1.0
615fb953-59de-4307-b51b-688947f6ccce,1350.0,1350.0,0.0,1350.0,1350.0,0.0,0.0,0.0,1.0
6163c0d6-c8b7-4eae-aae9-f2ed810e0909,3060.0,3060.0,0.0,3060.0,3060.0,0.0,0.0,0.0,1.0
6163fcff-a8f8-4c18-b35f-a46686324c02,7200.0,7200.0,0.0,7200.0,7200.0,0.0,0.0,0.0,1.0
61688deb-4f82-4fec-9bfe-088aecaa3738,1295.0,1295.0,0.0,1295.0,1295.0,0.0,0.0,0.0,1.0
61702e55-7d40-4084-926d-44ef76e47641,6995.0,6995.0,0.0,6995.0,6995.0,0.0,0.0,0.0,1.0
61735f85-7ddd-4375-bc07-ed604fbbe623,2345.0,2345.0,0.0,2345.0,2345.0,0.0,0.0,0.0,1.0
617575a2-da95-4042-901b-0aa5a6b0c376,13900.0,13900.0,0.0,13900.0,13900.0,0.0,0.0,0.0,1.0
6178f708-339e-45ca-a07f-b6d9cd3f8750,125.0,125.0,0.0,125.0,125.0,0.0,0.0,0.0,1.0
617af5d7-2198-40df-ac77-467b71471b0a,7695.0,7695.0,0.0,7695.0,7695.0,0.0,0.0,0.0,1.0
618015e9-22e3-493b-958d-9c7effbc9b35,445.0,445.0,0.0,445.0,445.0,0.0,0.0,0.0,1.0
618fc0de-7033-4002-acf9-8e3465712473,5760.0,5760.0,0.0,5760.0,5760.0,0.0,0.0,0.0,1.0
6191fbc6-3489-45a7-84d8-0c934600897d,14900.0,14900.0,0.0,14900.0,14900.0,0.0,0.0,0.0,1.0
6192ef26-56ee-4bf6-9c42-94bf8b660622,160.0,160.0,0.0,160.0,160.0,0.0,0.0,0.0,1.0
6197576d-59c9-4298-ac7e-dcb40b32e168,895.0,895.0,0.0,895.0,895.0,0.0,0.0,0.0,1.0
619b02c6-3990-4b73-99ce-e7f962dda219,6900.0,6900.0,0.0,6900.0,6900.0,0.0,0.0,0.0,1.0
61a6d152-9360-486e-b5a0-21da35acdacb,5295.0,5295.0,0.0,5295.0,5295.0,0.0,0.0,0.0,1.0
61a78dad-315d-4860-81c8-c108c79bdc26,795.0,795.0,0.0,795.0,795.0,0.0,0.0,0.0,1.0
61bb060a-ea52-4503-9a25-35adc116345d,2999.0,2999.0,0.0,2999.0,2999.0,0.0,0.0,0.0,1.0
61bf926b-d2d2-40db-a3ef-25d4843a4cf9,2695.0,2695.0,0.0,2695.0,2695.0,0.0,0.0,0.0,1.0
61c2667c-2780-453e-ab77-72de0dc4f73d,465.0,465.0,0.0,465.0,465.0,0.0,0.0,0.0,1.0
61c40fdc-a02a-4651-977c-c090747e7ec2,695.0,695.0,0.0,695.0,695.0,0.0,0.0,0.0,1.0
61c4933a-d915-46c5-a897-a045118c6b06,565.0,565.0,0.0,565.0,565.0,0.0,0.0,0.0,1.0
61c905c5-1c29-4227-87a0-ef5119cf0130,3045.0,3045.0,0.0,3045.0,3045.0,0.0,0.0,0.0,1.0
61c9aadb-e906-4b97-800a-52f88e6672fc,7495.0,7495.0,0.0,7495.0,7495.0,0.0,0.0,0.0,1.0
61e8fcbc-45e7-4519-a1be-da61871e56be,75.0,75.0,0.0,75.0,75.0,0.0,0.0,0.0,1.0
61eb9543-1205-4c61-9b3e-1dd45b46bb00,645.0,645.0,0.0,645.0,645.0,0.0,0.0,0.0,1.0
61ed5521-5749-4fd6-a3be-67169e8044c2,135.0,135.0,0.0,135.0,135.0,0.0,0.0,0.0,1.0
61ed9e00-2147-4249-a184-08ef96f7a206,1995.0,1995.0,0.0,1995.0,1995.0,0.0,0.0,0.0,1.0
61f32561-9e44-48e1-9373-bf00831f7594,2145.0,2145.0,0.0,2145.0,2145.0,0.0,0.0,0.0,1.0
61fafd71-a450-4ed8-b95c-b52ec4f3eaf4,13900.0,13900.0,0.0,13900.0,13900.0,0.0,0.0,0.0,1.0
62050731-b239-4c0e-a6ce-c7b5e2e95b38,2095.0,2095.0,0.0,2095.0,2095.0,0.0,0.0,0.0,1.0
620e3b5a-1ff2-4820-a56d-dd60254df776,795.0,795.0,0.0,795.0,795.0,0.0,0.0,0.0,1.0
6210964c-ed6f-40c2-9031-5d044c79d491,2995.0,2995.0,0.0,2995.0,2995.0,0.0,0.0,0.0,1.0
621269f8-cf62-46f1-ad8f-506f8d379449,360.0,360.0,0.0,360.0,360.0,0.0,0.0,0.0,1.0
62298563-467a-4e8e-8220-a5a970123dd8,12500.0,12500.0,0.0,12500.0,12500.0,0.0,0.0,0.0,1.0
6230652b-6bb9-4934-a021-340818b9a04a,325.0,325.0,0.0,325.0,325.0,0.0,0.0,0.0,1.0
623bd4dd-6106-4d37-bc02-816372e22353,13900.0,13900.0,0.0,13900.0,13900.0,0.0,0.0,0.0,1.0
6242675a-1796-49f6-ae67-0693021df6c3,110.0,110.0,0.0,110.0,110.0,0.0,0.0,0.0,1.0
62445352-78c9-4448-9099-bc191b37fcdc,11900.0,11900.0,0.0,11900.0,11900.0,0.0,0.0,0.0,1.0
6247c01a-a10a-4b4a-9b04-502e90194619,15900.0,15900.0,0.0,15900.0,15900.0,0.0,0.0,0.0,1.0
62495d68-6c67-4dec-91a8-f580c0f4d6dc,9900.0,9900.0,0.0,9900.0,9900.0,0.0,0.0,0.0,1.0
62614e6a-c104-4e98-8af7-383d64f239b4,26900.0,26900.0,0.0,26900.0,26900.0,0.0,0.0,0.0,1.0
6262bdf7-938f-4194-abeb-80d891a9fbf0,3000.0,3000.0,0.0,3000.0,3000.0,0.0,0.0,0.0,1.0
626f77d3-c407-463c-a65d-8122ec663e97,3100.0,3100.0,0.0,3100.0,3100.0,0.0,0.0,0.0,1.0
6271cb3f-c004-4858-95b5-b3017d47d5d3,120.0,120.0,0.0,120.0,120.0,0.0,0.0,0.0,1.0
627ba7a8-6910-4bf2-a0c4-be0405ea47ca,2395.0,2395.0,0.0,2395.0,2395.0,0.0,0.0,0.0,1.0
627cd477-7197-4388-99f9-21fff92496b8,38900.0,38900.0,0.0,38900.0,38900.0,0.0,0.0,0.0,1.0
6283f53b-4323-4668-a709-9449d66a775a,525.0,525.0,0.0,525.0,525.0,0.0,0.0,0.0,1.0
628caa07-4f65-445a-b4ab-e88ae044a299,1895.0,1895.0,0.0,1895.0,1895.0,0.0,0.0,0.0,1.0
62950803-f8eb-4155-9cf8-5a8c07034522,1950.0,1950.0,0.0,1950.0,1950.0,0.0,0.0,0.0,1.0
629a447c-9b1b-44c0-a75f-ba2756945cd1,2695.0,2695.0,0.0,2695.0,2695.0,0.0,0.0,0.0,1.0
629d8b59-7d0f-4904-9a1d-e437bb3e8b20,9900.0,9900.0,0.0,9900.0,9900.0,0.0,0.0,0.0,1.0
629f81d4-bf40-4f3a-853a-dce15775123b,795.0,795.0,0.0,795.0,795.0,0.0,0.0,0.0,1.0
62a0476f-9996-4f16-ab59-49136a848104,2300.0,2300.0,0.0,2300.0,2300.0,0.0,0.0,0.0,1.0
62bc3b13-c125-4887-b076-4339fe73eef2,4395.0,4395.0,0.0,4395.0,4395.0,0.0,0.0,0.0,1.0
62beb68a-7b41-433f-891a-344905f0c5cf,120.0,120.0,0.0,120.0,120.0,0.0,0.0,0.0,1.0
62c1c55c-9529-40f6-aaf4-28f94bed7070,2795.0,2795.0,0.0,2795.0,2795.0,0.0,0.0,0.0,1.0
62ca5b30-0228-4409-ae12-bc00690f8118,16900.0,16900.0,0.0,16900.0,16900.0,0.0,0.0,0.0,1.0
62cc48c5-44ea-44ba-8c8e-54b8c40b7f03,1645.0,1645.0,0.0,1645.0,1645.0,0.0,0.0,0.0,1.0
62d20824-bc89-4720-9fc7-dd47e214b0a5,14900.0,14900.0,0.0,14900.0,14900.0,0.0,0.0,0.0,1.0
62d56bad-fe46-4677-a5a3-ed6e9ec07446,1045.0,1045.0,0.0,1045.0,1045.0,0.0,0.0,0.0,1.0
62dcf983-1a28-44cb-b125-731741a22f24,1360.0,1360.0,0.0,1360.0,1360.0,0.0,0.0,0.0,1.0
62de9ccf-b790-44de-83a2-4f608af9c46e,5195.0,5195.0,0.0,5195.0,5195.0,0.0,0.0,0.0,1.0
62e572e9-a328-4609-9974-ec5535493d3d,595.0,595.0,0.0,595.0,595.0,0.0,0.0,0.0,1.0
62e8f02a-6e8a-4152-9ebd-20d7c73b9da1,4490.0,4490.0,0.0,4490.0,4490.0,0.0,0.0,0.0,1.0
62e9a734-6830-4b7e-a65b-fa9cb6375827,3995.0,3995.0,0.0,3995.0,3995.0,0.0,0.0,0.0,1.0
62ebeb66-e752-4c73-9851-216b0e94e12d,310.0,310.0,0.0,310.0,310.0,0.0,0.0,0.0,1.0
62f67758-70ca-4022-abd1-b6e2a28c2340,6900.0,6900.0,0.0,6900.0,6900.0,0.0,0.0,0.0,1.0
62ff6298-55de-40c1-95f8-6a6b65e54294,7995.0,7995.0,0.0,7995.0,7995.0,0.0,0.0,0.0,1.0
630592a5-28d8-4582-b901-9b477a66128b,1395.0,1395.0,0.0,1395.0,1395.0,0.0,0.0,0.0,1.0
63090c2a-23a0-454c-9400-c3c425c70c51,895.0,895.0,0.0,895.0,895.0,0.0,0.0,0.0,1.0
630b778f-45a3-4403-a8d7-9c14083308a2,745.0,745.0,0.0,745.0,745.0,0.0,0.0,0.0,1.0
630dc6d1-c99f-4a3e-8992-a572e70ec7a2,120.0,120.0,0.0,120.0,120.0,0.0,0.0,0.0,1.0
631f4563-49cb-468b-93c1-3ea145812865,3000.0,3000.0,0.0,3000.0,3000.0,0.0,0.0,0.0,1.0
63200ed3-a131-4add-a649-f07d98ade5e5,6495.0,6495.0,0.0,6495.0,6495.0,0.0,0.0,0.0,1.0
6321ce03-63e6-4e0e-9bc9-6febde3083e3,3495.0,3495.0,0.0,3495.0,3495.0,0.0,0.0,0.0,1.0
632384ad-7b3d-46d8-a2cd-02a5e00f3b21,1199.0,1199.0,0.0,1199.0,1199.0,0.0,0.0,0.0,1.0
63238ea5-0655-4cf7-8a5e-df8a1043887c,36900.0,36900.0,0.0,36900.0,36900.0,0.0,0.0,0.0,1.0
6330893a-af97-4684-997f-da541429944e,355.0,355.0,0.0,355.0,355.0,0.0,0.0,0.0,1.0
633af0b6-4a50-4c65-b93f-df2c81e4c449,2995.0,2995.0,0.0,2995.0,2995.0,0.0,0.0,0.0,1.0
6343907d-e5c8-419b-ad4a-d79b06e90328,1499.0,1499.0,0.0,1499.0,1499.0,0.0,0.0,0.0,1.0
6346eb80-8f3b-472b-8838-2e38356125dd,1395.0,1395.0,0.0,1395.0,1395.0,0.0,0.0,0.0,1.0
63480c50-a10a-4c6f-a01e-c9cc241b9751,1095.0,1095.0,0.0,1095.0,1095.0,0.0,0.0,0.0,1.0
635362d7-a946-4e6b-ac34-f5bbce428c9d,850.0,850.0,0.0,850.0,850.0,0.0,0.0,0.0,1.0
635eed33-ee37-4831-a6e1-632a334780c2,1495.0,1495.0,0.0,1495.0,1495.0,0.0,0.0,0.0,1.0
63643740-5882-460a-b6b6-99ae8a1e68fc,2030.0,2030.0,0.0,2030.0,2030.0,0.0,0.0,0.0,1.0
636475c9-bd40-404b-bed6-4e24abda8792,4495.0,4495.0,0.0,4495.0,4495.0,0.0,0.0,0.0,1.0
6370ebf0-f27f-4494-ac01-53efb6071555,4995.0,4995.0,0.0,4995.0,4995.0,0.0,0.0,0.0,1.0
63755f00-830d-4c38-96f9-2fd919d4f603,2095.0,2095.0,0.0,2095.0,2095.0,0.0,0.0,0.0,1.0
63791bf0-22d2-4d13-b564-41a9d9bd3c1f,10500.0,10500.0,0.0,10500.0,10500.0,0.0,0.0,0.0,1.0
6379c4e1-bb35-4995-b01f-ea9c273fba2e,1445.0,1445.0,0.0,1445.0,1445.0,0.0,0.0,0.0,1.0
63832cd5-8fce-43a3-8acb-952c05d4ee30,4300.0,4300.0,0.0,4300.0,4300.0,0.0,0.0,0.0,1.0
6393fb1d-f8a7-486b-bfb9-3b4941c3c2f3,1700.0,1700.0,0.0,1700.0,1700.0,0.0,0.0,0.0,1.0
6394dfea-6470-48a2-a1db-42c221dcddb2,1495.0,1495.0,0.0,1495.0,1495.0,0.0,0.0,0.0,1.0
63963273-3457-48b0-b4a9-08b114461a17,15900.0,15900.0,0.0,15900.0,15900.0,0.0,0.0,0.0,1.0
63a531de-9f92-4b0e-bd67-9e0f5be8548a,24900.0,24900.0,0.0,24900.0,24900.0,0.0,0.0,0.0,1.0
63abc65d-e164-4da8-9511-83b6dc1e6274,2195.0,2195.0,0.0,2195.0,2195.0,0.0,0.0,0.0,1.0
63c01cf6-eee2-4a9c-b1b1-971fe36a6a22,2595.0,2595.0,0.0,2595.0,2595.0,0.0,0.0,0.0,1.0
63cf02ca-bdb9-422f-9ce1-c25d5d35a2a4,3995.0,3995.0,0.0,3995.0,3995.0,0.0,0.0,0.0,1.0
63d14c8f-6dad-4a34-b198-121df69c903f,650.0,650.0,0.0,650.0,650.0,0.0,0.0,0.0,1.0
63d704d8-a60b-4d03-93d3-cb4b76eec9b4,2700.0,2700.0,0.0,2700.0,2700.0,0.0,0.0,0.0,1.0
63db636f-53e9-45d6-b94e-b5cfc32a126c,49900.0,49900.0,0.0,49900.0,49900.0,0.0,0.0,0.0,1.0
63db8e87-dcad-412a-9095-c8e20eedb4b5,16900.0,16900.0,0.0,16900.0,16900.0,0.0,0.0,0.0,1.0
63dbe393-8bd6-44d3-89c9-14ddb7ee3dfb,1795.0,1795.0,0.0,1795.0,1795.0,0.0,0.0,0.0,1.0
63e4005d-1a4a-4f4c-aeb2-9169b32b04b4,895.0,895.0,0.0,895.0,895.0,0.0,0.0,0.0,1.0
63e45cc5-de16-468b-8073-5e983a39ffe5,1095.0,1095.0,0.0,1095.0,1095.0,0.0,0.0,0.0,1.0
63e483b6-af0a-462b-b3cd-2e7ea222a516,7900.0,7900.0,0.0,7900.0,7900.0,0.0,0.0,0.0,1.0
63e84b92-2491-400b-9e80-790822f272eb,3000.0,3000.0,0.0,3000.0,3000.0,0.0,0.0,0.0,1.0
63ee998f-026d-49d7-9df9-f488b59829c4,10800.0,10800.0,0.0,10800.0,10800.0,0.0,0.0,0.0,1.0
63f01045-62ae-4c69-b359-4f46da1afab6,945.0,945.0,0.0,945.0,945.0,0.0,0.0,0.0,1.0
63f36a17-cc2c-431a-b8db-af00f6738db5,1595.0,1595.0,0.0,1595.0,1595.0,0.0,0.0,0.0,1.0
63f8baf6-cb17-47a5-be31-66f7a4fe2747,300.0,300.0,0.0,300.0,300.0,0.0,0.0,0.0,1.0
6400de59-dcee-4271-ae49-29d4f5feed47,31900.0,31900.0,0.0,31900.0,31900.0,0.0,0.0,0.0,1.0
641ab6d0-00db-4215-a6ed-dbeea210e0e2,4295.0,4295.0,0.0,4295.0,4295.0,0.0,0.0,0.0,1.0
6422a777-0806-4c5f-a621-d5b06a3c19bb,21900.0,21900.0,0.0,21900.0,21900.0,0.0,0.0,0.0,1.0
643974cc-99c6-4868-9c31-53b5e832ff34,2350.0,2350.0,0.0,2350.0,2350.0,0.0,0.0,0.0,1.0
643e64c8-9d82-4e1f-95e9-043011476189,23900.0,23900.0,0.0,23900.0,23900.0,0.0,0.0,0.0,1.0
64474194-8548-4ebc-8f47-533e7d891f37,14900.0,14900.0,0.0,14900.0,14900.0,0.0,0.0,0.0,1.0
6447f879-0538-40d1-8317-99e16cca2168,23900.0,23900.0,0.0,23900.0,23900.0,0.0,0.0,0.0,1.0
644fd06e-2381-4c95-ad9c-42ea6aa0ab8c,1499.0,1499.0,0.0,1499.0,1499.0,0.0,0.0,0.0,1.0
64519503-c144-4d0a-9c8f-c3d10dc01778,1195.0,1195.0,0.0,1195.0,1195.0,0.0,0.0,0.0,1.0
64524238-f63f-4953-b5b8-95da04e877c2,1050.0,1050.0,0.0,1050.0,1050.0,0.0,0.0,0.0,1.0
645cce93-ca39-4897-85f9-08e220f1bb4c,3200.0,3200.0,0.0,3200.0,3200.0,0.0,0.0,0.0,1.0
64609111-4490-4a3a-9daf-b429f5545ee1,7995.0,7995.0,0.0,7995.0,7995.0,0.0,0.0,0.0,1.0
646100bc-3679-4cf6-9774-3dc1e393de0e,3495.0,3495.0,0.0,3495.0,3495.0,0.0,0.0,0.0,1.0
646174f4-dd8c-474c-b8ac-31864eb88d2b,50.0,50.0,0.0,50.0,50.0,0.0,0.0,0.0,1.0
6463229d-d6b4-401a-a277-256bc0dbc263,880.0,880.0,0.0,880.0,880.0,0.0,0.0,0.0,1.0
64738fce-f537-44aa-bbf5-5b4215c76bfc,695.0,695.0,0.0,695.0,695.0,0.0,0.0,0.0,1.0
6473b38f-0393-403f-8925-44a917733935,995.0,995.0,0.0,995.0,995.0,0.0,0.0,0.0,1.0
64839663-1208-4c43-86b3-653d3307eb86,795.0,795.0,0.0,795.0,795.0,0.0,0.0,0.0,1.0
64886a83-1224-453c-b014-e7aa5f50a5cb,10900.0,10900.0,0.0,10900.0,10900.0,0.0,0.0,0.0,1.0
6488e665-749f-41d1-9236-af7c60c1ec23,4000.0,4000.0,0.0,4000.0,4000.0,0.0,0.0,0.0,1.0
648a1b68-cb07-4580-a042-f96ea25ab550,895.0,895.0,0.0,895.0,895.0,0.0,0.0,0.0,1.0
648c2eb9-9efd-49d2-8c7c-6bb1ed30ffb4,1395.0,1395.0,0.0,1395.0,1395.0,0.0,0.0,0.0,1.0
648d246a-9aa3-4d59-9066-ea5d25371ff2,1395.0,1395.0,0.0,1395.0,1395.0,0.0,0.0,0.0,1.0
64a0ec16-ec07-4295-a917-07b796390177,9900.0,9900.0,0.0,9900.0,9900.0,0.0,0.0,0.0,1.0
64b2deab-7bf9-44e1-a2a1-d4674429a333,1890.0,1890.0,0.0,1890.0,1890.0,0.0,0.0,0.0,1.0
64b332bf-38a5-4238-9dba-bc35aa21cafc,2570.0,2570.0,0.0,2570.0,2570.0,0.0,0.0,0.0,1.0
64b3c298-a2e4-41ff-9b37-688b5ae0e7fb,3800.0,3800.0,0.0,3800.0,3800.0,0.0,0.0,0.0,1.0
64cc75e1-ae1d-49bb-8461-77811c4d2ba5,1650.0,1650.0,0.0,1650.0,1650.0,0.0,0.0,0.0,1.0
64d4840a-0e8f-458e-9216-63ef2ee53a92,1795.0,1795.0,0.0,1795.0,1795.0,0.0,0.0,0.0,1.0
64da2564-7025-4a60-9533-0d2215a251e2,8995.0,8995.0,0.0,8995.0,8995.0,0.0,0.0,0.0,1.0
64fb09bc-658e-479b-a944-86c2e9419531,560.0,560.0,0.0,560.0,560.0,0.0,0.0,0.0,1.0
650b01b2-e22e-4fab-a58e-e9ef764f6fd4,9900.0,9900.0,0.0,9900.0,9900.0,0.0,0.0,0.0,1.0
652011cc-e1c2-446f-9eb4-601ae511ed0c,15900.0,15900.0,0.0,15900.0,15900.0,0.0,0.0,0.0,1.0
65211429-d55c-41f1-9269-a95ec3b1b1fc,645.0,645.0,0.0,645.0,645.0,0.0,0.0,0.0,1.0
652f153c-8466-441d-9798-64de4bfe5312,1295.0,1295.0,0.0,1295.0,1295.0,0.0,0.0,0.0,1.0
6530539b-0e4d-4e46-a212-3ed1d42309c2,1175.0,1175.0,0.0,1175.0,1175.0,0.0,0.0,0.0,1.0
653305b1-aafa-4f76-85c2-de61d6d966e5,7495.0,7495.0,0.0,7495.0,7495.0,0.0,0.0,0.0,1.0
653e4479-9d31-4552-9d06-0116d30c1d8a,2395.0,2395.0,0.0,2395.0,2395.0,0.0,0.0,0.0,1.0
653e7590-a950-4d1a-a662-9ed713471ced,1095.0,1095.0,0.0,1095.0,1095.0,0.0,0.0,0.0,1.0
654644c2-35e2-41ce-89b0-aac272f3e84c,2395.0,2395.0,0.0,2395.0,2395.0,0.0,0.0,0.0,1.0
65482afa-4a88-4020-8cae-9505f2429580,3595.0,3595.0,0.0,3595.0,3595.0,0.0,0.0,0.0,1.0
654e68dd-04ad-460f-833d-0ca2802d63d1,645.0,645.0,0.0,645.0,645.0,0.0,0.0,0.0,1.0
655b29cd-7f2d-44ba-b612-f99c70750d4f,11900.0,11900.0,0.0,11900.0,11900.0,0.0,0.0,0.0,1.0
65639a41-d6d0-4b99-a84f-caf7378842bd,6995.0,6995.0,0.0,6995.0,6995.0,0.0,0.0,0.0,1.0
656ef22d-d36a-41e8-97ab-112ef52d5b60,1095.0,1095.0,0.0,1095.0,1095.0,0.0,0.0,0.0,1.0
6570bd35-eaf7-4a56-8f80-4447dff311fa,7995.0,7995.0,0.0,7995.0,7995.0,0.0,0.0,0.0,1.0
6573e383-7407-4777-ad77-734b64f8345e,9900.0,9900.0,0.0,9900.0,9900.0,0.0,0.0,0.0,1.0
6577b65e-1056-459a-b07b-c77238d857e8,245.0,245.0,0.0,245.0,245.0,0.0,0.0,0.0,1.0
657e4c52-1f12-4d08-bfed-6a3fb9700f6d,18500.0,18500.0,0.0,18500.0,18500.0,0.0,0.0,0.0,1.0
658aebd3-89f9-44b3-bd9f-e5f63821994d,14900.0,14900.0,0.0,14900.0,14900.0,0.0,0.0,0.0,1.0
658c6756-55a8-4f61-b1ce-b127bf3dbf74,38900.0,38900.0,0.0,38900.0,38900.0,0.0,0.0,0.0,1.0
6592cd62-bab8-44e5-b44a-e520eebedc24,5750.0,5750.0,0.0,5750.0,5750.0,0.0,0.0,0.0,1.0
6592e92e-f767-4b1f-9336-6a5e03f37eb5,2850.0,2850.0,0.0,2850.0,2850.0,0.0,0.0,0.0,1.0
6597f7fd-2a47-4f1c-a99d-41f3d5063fdf,3995.0,3995.0,0.0,3995.0,3995.0,0.0,0.0,0.0,1.0
659d340a-12a1-4944-86f9-963720b5b51f,16900.0,16900.0,0.0,16900.0,16900.0,0.0,0.0,0.0,1.0
659fe88b-e382-4046-b811-307cdee5216e,90.0,90.0,0.0,90.0,90.0,0.0,0.0,0.0,1.0
65ac6501-5e23-4d46-a428-8fa9d221bbb1,4500.0,4500.0,0.0,4500.0,4500.0,0.0,0.0,0.0,1.0
65c174e2-41ea-4bb4-94eb-b66c9bd194cc,3900.0,3900.0,0.0,3900.0,3900.0,0.0,0.0,0.0,1.0
65ccbfa4-5c6d-44a0-84fd-717dcfcae182,375.0,375.0,0.0,375.0,375.0,0.0,0.0,0.0,1.0
65cfa6d2-0617-499f-a960-59e5aedd5643,1020.0,1020.0,0.0,1020.0,1020.0,0.0,0.0,0.0,1.0
65d4bc80-126a-4888-ba07-020b8a100053,269.0,269.0,0.0,269.0,269.0,0.0,0.0,0.0,1.0
65d84097-4521-4eb2-8b74-27402a74487c,12900.0,12900.0,0.0,12900.0,12900.0,0.0,0.0,0.0,1.0
65e17c9a-64db-468f-af60-d57be7ecef11,645.0,645.0,0.0,645.0,645.0,0.0,0.0,0.0,1.0
65e38a81-4868-4215-9b92-bddcdf3ffcbf,690.0,690.0,0.0,690.0,690.0,0.0,0.0,0.0,1.0
65edb0e1-9601-489c-bba7-3c562624ef41,4995.0,4995.0,0.0,4995.0,4995.0,0.0,0.0,0.0,1.0
65f494b3-ba2d-4fb7-b2b4-b8ece2460c0b,4560.0,4560.0,0.0,4560.0,4560.0,0.0,0.0,0.0,1.0
66081bd1-fd4c-4ada-bf3c-33b349165b3f,1840.0,1840.0,0.0,1840.0,1840.0,0.0,0.0,0.0,1.0
6614bc81-208a-418d-8e4b-fd5dc0953740,1395.0,1395.0,0.0,1395.0,1395.0,0.0,0.0,0.0,1.0
6618215a-eb52-4669-a903-891eb73b397e,995.0,995.0,0.0,995.0,995.0,0.0,0.0,0.0,1.0
661cc555-d7e9-4d00-a6a3-435fbfb45659,2230.0,2230.0,0.0,2230.0,2230.0,0.0,0.0,0.0,1.0
6625372d-77ab-467e-8f2a-3fb0b3f76151,3495.0,3495.0,0.0,3495.0,3495.0,0.0,0.0,0.0,1.0
66289921-62a8-4ca1-81d0-f605e9908b5d,4500.0,4500.0,0.0,4500.0,4500.0,0.0,0.0,0.0,1.0
6629f7e4-6361-468d-9f76-55c107bc0000,1495.0,1495.0,0.0,1495.0,1495.0,0.0,0.0,0.0,1.0
662e2483-0c15-4294-8339-754767ca1818,345.0,345.0,0.0,345.0,345.0,0.0,0.0,0.0,1.0
663c9899-39f9-453f-b5f6-7dcadc7ff15b,4995.0,4995.0,0.0,4995.0,4995.0,0.0,0.0,0.0,1.0
663e5147-1640-4bd7-8723-90f4b286aa5c,395.0,395.0,0.0,395.0,395.0,0.0,0.0,0.0,1.0
66489a05-dabf-4023-af1c-33f46490747e,10900.0,10900.0,0.0,10900.0,10900.0,0.0,0.0,0.0,1.0
664b981b-4924-4a30-b2e3-e28289d9d8f9,6495.0,6495.0,0.0,6495.0,6495.0,0.0,0.0,0.0,1.0
665371f8-98b7-4366-9269-dbef5af1334d,6495.0,6495.0,0.0,6495.0,6495.0,0.0,0.0,0.0,1.0
6658809a-6031-4575-ac27-b2682760a32c,795.0,795.0,0.0,795.0,795.0,0.0,0.0,0.0,1.0
6662ab9a-42ee-4c59-ac18-c133d854746f,1050.0,1050.0,0.0,1050.0,1050.0,0.0,0.0,0.0,1.0
666c0ac1-d4d3-4376-a7e4-98be50a264d7,5750.0,5750.0,0.0,5750.0,5750.0,0.0,0.0,0.0,1.0
666e8fef-8110-4452-b40f-1b2c13f61940,5495.0,5495.0,0.0,5495.0,5495.0,0.0,0.0,0.0,1.0
6675822d-7666-44ef-85fa-ddf54e6f1d03,3370.0,3370.0,0.0,3370.0,3370.0,0.0,0.0,0.0,1.0
66798ec1-e645-4727-b377-2c2c465db784,1995.0,1995.0,0.0,1995.0,1995.0,0.0,0.0,0.0,1.0
667f5eef-ff8b-4872-b318-f2e0f6bb91db,325.0,325.0,0.0,325.0,325.0,0.0,0.0,0.0,1.0
6682ac6f-addc-478b-bcaa-75d69c9d7218,10900.0,10900.0,0.0,10900.0,10900.0,0.0,0.0,0.0,1.0
668309b9-e907-4f6d-acc2-c64a13e70ecd,295.0,295.0,0.0,295.0,295.0,0.0,0.0,0.0,1.0
669c2a82-61d0-4f5c-89e2-2283aa25471f,15900.0,15900.0,0.0,15900.0,15900.0,0.0,0.0,0.0,1.0
669e1ca7-4408-404c-a51c-3f05c6d51e7b,335.0,335.0,0.0,335.0,335.0,0.0,0.0,0.0,1.0
669f57f2-7e03-4ff5-aba6-02c7791f9b1a,695.0,695.0,0.0,695.0,695.0,0.0,0.0,0.0,1.0
66b8ac10-6014-43f8-be6b-19de494bb346,420.0,420.0,0.0,420.0,420.0,0.0,0.0,0.0,1.0
66bcb132-546b-4aab-a23e-9f3e6674f6d5,1095.0,1095.0,0.0,1095.0,1095.0,0.0,0.0,0.0,1.0
66c04d22-473a-4c77-9b10-9ff1c42d1251,10900.0,10900.0,0.0,10900.0,10900.0,0.0,0.0,0.0,1.0
66c08880-687d-43f8-8a92-656689c1fd67,23900.0,23900.0,0.0,23900.0,23900.0,0.0,0.0,0.0,1.0
66c0d071-bc28-48d5-a7f3-7d8b13d449f9,6900.0,6900.0,0.0,6900.0,6900.0,0.0,0.0,0.0,1.0
66c37f10-f90a-4b3b-bcce-d933b32ae9df,750.0,750.0,0.0,750.0,750.0,0.0,0.0,0.0,1.0
66c65e71-d7ea-4c59-9da9-bad18211e7d1,595.0,595.0,0.0,595.0,595.0,0.0,0.0,0.0,1.0
66c8e0ab-a1fc-40b1-b6de-ce3f346c64bc,61900.0,61900.0,0.0,61900.0,61900.0,0.0,0.0,0.0,1.0
66d08005-3fda-43df-b442-e32438f65872,1995.0,1995.0,0.0,1995.0,1995.0,0.0,0.0,0.0,1.0
66de9408-aacd-40d1-8b98-041ac3105171,17900.0,17900.0,0.0,17900.0,17900.0,0.0,0.0,0.0,1.0
66e21179-4a66-434d-9f40-39c2aefdcbac,14900.0,14900.0,0.0,14900.0,14900.0,0.0,0.0,0.0,1.0
66e61179-dd88-4660-bb30-fc758052734a,495.0,495.0,0.0,495.0,495.0,0.0,0.0,0.0,1.0
66ebe31b-3a2d-4389-bae5-d3501ae3652e,7900.0,7900.0,0.0,7900.0,7900.0,0.0,0.0,0.0,1.0
66ec0f30-2db9-4661-bf31-7238fe31ef4c,4995.0,4995.0,0.0,4995.0,4995.0,0.0,0.0,0.0,1.0
66f6a51b-a75d-4ff9-9f81-b44639369c8a,4495.0,4495.0,0.0,4495.0,4495.0,0.0,0.0,0.0,1.0
66f6e00b-d9e1-480d-8643-1b0c7f1d550b,10900.0,10900.0,0.0,10900.0,10900.0,0.0,0.0,0.0,1.0
670020d0-358d-47e0-83bb-48d9894a00dc,3990.0,3990.0,0.0,3990.0,3990.0,0.0,0.0,0.0,1.0
670457fb-16b8-4784-a87c-1087ce8535fa,1130.0,1130.0,0.0,1130.0,1130.0,0.0,0.0,0.0,1.0
670803ef-4afd-4d0e-9e92-09669eff83d1,205.0,205.0,0.0,205.0,205.0,0.0,0.0,0.0,1.0
670a598d-dd5b-4231-ab90-98b9cd82e36b,1595.0,1595.0,0.0,1595.0,1595.0,0.0,0.0,0.0,1.0
670ac101-777a-4559-8f54-40c3315e9bc7,8900.0,8900.0,0.0,8900.0,8900.0,0.0,0.0,0.0,1.0
67195374-de69-492b-ba98-8bc539deb158,2395.0,2395.0,0.0,2395.0,2395.0,0.0,0.0,0.0,1.0
6728064d-28bc-45e5-8cf8-c4059e8628e3,9900.0,9900.0,0.0,9900.0,9900.0,0.0,0.0,0.0,1.0
6728538c-dc3d-4811-bab5-da98760684ee,1395.0,1395.0,0.0,1395.0,1395.0,0.0,0.0,0.0,1.0
6733d226-44ba-4472-af46-c508a03db0ae,645.0,645.0,0.0,645.0,645.0,0.0,0.0,0.0,1.0
67354290-7d30-463c-bb23-6c0dbc3353af,2295.0,2295.0,0.0,2295.0,2295.0,0.0,0.0,0.0,1.0
6735fd38-07f6-4629-a9af-58f0c5470de3,1545.0,1545.0,0.0,1545.0,1545.0,0.0,0.0,0.0,1.0
6736581c-e19a-45da-8115-bb3369b640a0,2560.0,2560.0,0.0,2560.0,2560.0,0.0,0.0,0.0,1.0
674993f6-30fc-40db-a1d9-c16ae4ff22dc,15900.0,15900.0,0.0,15900.0,15900.0,0.0,0.0,0.0,1.0
67499d71-9aa2-442d-9dc0-f447a9eae013,1345.0,1345.0,0.0,1345.0,1345.0,0.0,0.0,0.0,1.0
6756bff6-6d2d-4154-ae96-508743b2f3cc,2695.0,2695.0,0.0,2695.0,2695.0,0.0,0.0,0.0,1.0
675d6b25-cc3e-47ed-bb62-494a38d7399b,7995.0,7995.0,0.0,7995.0,7995.0,0.0,0.0,0.0,1.0
675db4d3-2b61-4ec1-89a8-693899dc77ec,2999.0,2999.0,0.0,2999.0,2999.0,0.0,0.0,0.0,1.0
677c8f4b-841d-4889-a519-972a01370f5e,1995.0,1995.0,0.0,1995.0,1995.0,0.0,0.0,0.0,1.0
67928385-2da2-483f-8777-75f4eb4dd3be,19900.0,19900.0,0.0,19900.0,19900.0,0.0,0.0,0.0,1.0
679bb209-3c2c-4c81-a6ee-456e0424c309,560.0,560.0,0.0,560.0,560.0,0.0,0.0,0.0,1.0
679d6883-7a2f-4a99-b469-e57ea41322e6,41900.0,41900.0,0.0,41900.0,41900.0,0.0,0.0,0.0,1.0
67a5a4f9-0cc1-4fbb-b061-858822bd9b2b,1520.0,1520.0,0.0,1520.0,1520.0,0.0,0.0,0.0,1.0
67b0abba-7095-4f00-a26f-a4892067621d,9900.0,9900.0,0.0,9900.0,9900.0,0.0,0.0,0.0,1.0
67b1338b-b85b-4181-b8c2-afcace4e0983,1895.0,1895.0,0.0,1895.0,1895.0,0.0,0.0,0.0,1.0
67bbbef1-f04b-43ba-aa72-ae389ee408e6,5140.0,5140.0,0.0,5140.0,5140.0,0.0,0.0,0.0,1.0
67c657ae-eab3-47b7-ab7e-26d8a7aca9e3,20900.0,20900.0,0.0,20900.0,20900.0,0.0,0.0,0.0,1.0
67cabbd6-7bb2-4fe6-9573-5aefa7b44e5b,14900.0,14900.0,0.0,14900.0,14900.0,0.0,0.0,0.0,1.0
67d6a21f-6274-4ee3-8a6e-54c976e0d14c,3490.0,3490.0,0.0,3490.0,3490.0,0.0,0.0,0.0,1.0
67d851c6-ee40-4a90-8fae-189ced6edf8a,1695.0,1695.0,0.0,1695.0,1695.0,0.0,0.0,0.0,1.0
67dd10a9-1e2c-47b8-8fde-278a1fc7eb6d,9690.0,9690.0,0.0,9690.0,9690.0,0.0,0.0,0.0,1.0
67dffb19-3584-4b63-982e-e077724281af,2720.0,2720.0,0.0,2720.0,2720.0,0.0,0.0,0.0,1.0
67e6b5ea-760d-459a-ac03-d99f2ae2fef1,990.0,990.0,0.0,990.0,990.0,0.0,0.0,0.0,1.0
67ed1319-9fb0-446b-83d1-3996e21bff17,1895.0,1895.0,0.0,1895.0,1895.0,0.0,0.0,0.0,1.0
67effcb0-3e15-4582-9937-b930be8a65d1,3795.0,3795.0,0.0,3795.0,3795.0,0.0,0.0,0.0,1.0
67f5f61b-2c78-44c6-8699-992b0529fe0b,50.0,50.0,0.0,50.0,50.0,0.0,0.0,0.0,1.0
67faa893-0804-4a21-8aaa-7bafd44df85a,5900.0,5900.0,0.0,5900.0,5900.0,0.0,0.0,0.0,1.0
67fcf843-ee24-49d3-bdfd-eb2e727aa718,14900.0,14900.0,0.0,14900.0,14900.0,0.0,0.0,0.0,1.0
67fe7c78-e5bd-40eb-babe-d2f79c29112f,1095.0,1095.0,0.0,1095.0,1095.0,0.0,0.0,0.0,1.0
680183b2-e82e-492a-88bc-03fa2d4f365d,795.0,795.0,0.0,795.0,795.0,0.0,0.0,0.0,1.0
680341d3-ae86-4189-a784-53a0b21e0cbe,480.0,480.0,0.0,480.0,480.0,0.0,0.0,0.0,1.0
6806c5c3-d9ad-4998-9d39-175dd4a936cd,3840.0,3840.0,0.0,3840.0,3840.0,0.0,0.0,0.0,1.0
68085b0d-9108-4586-b409-cbb7036e93fe,1050.0,1050.0,0.0,1050.0,1050.0,0.0,0.0,0.0,1.0
680b0ba0-3189-4692-a79f-8770545475f7,295.0,295.0,0.0,295.0,295.0,0.0,0.0,0.0,1.0
68108815-d356-456d-b8ae-2d84b6ce2cdd,3000.0,3000.0,0.0,3000.0,3000.0,0.0,0.0,0.0,1.0
68168a73-9512-4f86-a996-a941c4a8be31,20900.0,20900.0,0.0,20900.0,20900.0,0.0,0.0,0.0,1.0
6816e1b2-f381-4a0b-a31d-4f772b9d11b8,595.0,595.0,0.0,595.0,595.0,0.0,0.0,0.0,1.0
68177226-72a4-42dd-a7a8-09a8dcdaaf8e,3995.0,3995.0,0.0,3995.0,3995.0,0.0,0.0,0.0,1.0
681943c2-197c-4d0b-8d86-c2617a1cf2f7,59900.0,59900.0,0.0,59900.0,59900.0,0.0,0.0,0.0,1.0
68196baf-9302-4c44-b344-6712316c9c26,595.0,595.0,0.0,595.0,595.0,0.0,0.0,0.0,1.0
681c6fb2-f3e6-46be-9e46-fc7066ba1de1,28900.0,28900.0,0.0,28900.0,28900.0,0.0,0.0,0.0,1.0
681fd226-3bd4-4726-b10f-6dcfedbc9c7e,1295.0,1295.0,0.0,1295.0,1295.0,0.0,0.0,0.0,1.0
682be600-807f-4a54-981d-8cbdd7caccd4,1195.0,1195.0,0.0,1195.0,1195.0,0.0,0.0,0.0,1.0
6832c325-84fb-4ee7-9de0-a97e67b7e5bb,13900.0,13900.0,0.0,13900.0,13900.0,0.0,0.0,0.0,1.0
68387c73-fd99-4c86-ae3c-1f15f373b0a4,21900.0,21900.0,0.0,21900.0,21900.0,0.0,0.0,0.0,1.0
68396dff-2be8-47a4-8998-aa9d4b8aacf1,895.0,895.0,0.0,895.0,895.0,0.0,0.0,0.0,1.0
6849c626-df59-4c61-846b-c2ea66e9f497,2950.0,2950.0,0.0,2950.0,2950.0,0.0,0.0,0.0,1.0
685b611d-fc9b-4ddf-827e-67970ca51cb2,105.0,105.0,0.0,105.0,105.0,0.0,0.0,0.0,1.0
6860d062-381c-4db0-a3ea-a91c94ec252f,10500.0,10500.0,0.0,10500.0,10500.0,0.0,0.0,0.0,1.0
6862f722-190c-4d8d-b05f-0d07eb79ba82,1495.0,1495.0,0.0,1495.0,1495.0,0.0,0.0,0.0,1.0
686d397e-46ca-483e-bae8-6f04ae8b7fa0,210.0,210.0,0.0,210.0,210.0,0.0,0.0,0.0,1.0
686dd7b4-70cd-40c8-a80b-1126177731f8,2795.0,2795.0,0.0,2795.0,2795.0,0.0,0.0,0.0,1.0
686e9f1c-cef4-44f9-873a-4a7f493cef69,1440.0,1440.0,0.0,1440.0,1440.0,0.0,0.0,0.0,1.0
6871e82d-bf31-4d60-ba7f-d3e449dc392d,7000.0,7000.0,0.0,7000.0,7000.0,0.0,0.0,0.0,1.0
6874c628-9c9d-4712-9487-451cc863939f,2850.0,2850.0,0.0,2850.0,2850.0,0.0,0.0,0.0,1.0
6874f5ec-a104-4c9e-87ce-78bd00ce175f,2895.0,2895.0,0.0,2895.0,2895.0,0.0,0.0,0.0,1.0
6878e23a-8a73-431c-99f9-108138036514,16900.0,16900.0,0.0,16900.0,16900.0,0.0,0.0,0.0,1.0
688cfc3d-56db-459f-b544-f9e05f84a4b0,65.0,65.0,0.0,65.0,65.0,0.0,0.0,0.0,1.0
688d98fc-f172-4bcf-b059-22188392bba8,2595.0,2595.0,0.0,2595.0,2595.0,0.0,0.0,0.0,1.0
689d2cb8-a2ff-4b59-834f-a4be5a0ea88c,1695.0,1695.0,0.0,1695.0,1695.0,0.0,0.0,0.0,1.0
68a68207-e607-422c-a4be-5686cd478c1f,310.0,310.0,0.0,310.0,310.0,0.0,0.0,0.0,1.0
68acd4ad-65ce-4b20-907e-77ced4cd0feb,275.0,275.0,0.0,275.0,275.0,0.0,0.0,0.0,1.0
68bfd90d-e5b7-4e6c-8ad2-688a87761f8e,7495.0,7495.0,0.0,7495.0,7495.0,0.0,0.0,0.0,1.0
68cf82f3-c13a-406e-8d30-b989d9783cff,895.0,895.0,0.0,895.0,895.0,0.0,0.0,0.0,1.0
68dc0ef3-7b72-4e6b-b891-010218cb0440,28900.0,28900.0,0.0,28900.0,28900.0,0.0,0.0,0.0,1.0
68dd6a9d-61ec-4d7a-a9c2-de54b249c0c7,29900.0,29900.0,0.0,29900.0,29900.0,0.0,0.0,0.0,1.0
68e129be-7326-46b9-985d-4804359b77a3,9200.0,9200.0,0.0,9200.0,9200.0,0.0,0.0,0.0,1.0
68e9479e-d7d3-48fb-b46a-64d22aa09ebd,5130.0,5130.0,0.0,5130.0,5130.0,0.0,0.0,0.0,1.0
68e9a98e-0e4b-4455-b6ea-c76b5db1b54f,8995.0,8995.0,0.0,8995.0,8995.0,0.0,0.0,0.0,1.0
68ea9a5f-138a-4e24-a2c4-344f40f5f536,42900.0,42900.0,0.0,42900.0,42900.0,0.0,0.0,0.0,1.0
68ec761c-2294-4e7c-84ef-dc4354309fd5,59900.0,59900.0,0.0,59900.0,59900.0,0.0,0.0,0.0,1.0
68f36934-cdc5-4fb3-9829-70171354964d,11900.0,11900.0,0.0,11900.0,11900.0,0.0,0.0,0.0,1.0
6900560c-56c0-41aa-8916-c746cfc60b98,4395.0,4395.0,0.0,4395.0,4395.0,0.0,0.0,0.0,1.0
69030b3e-84bf-4fb9-9a92-2b9cacf05823,2850.0,2850.0,0.0,2850.0,2850.0,0.0,0.0,0.0,1.0
6904006a-cc96-40c6-aebb-700e179f677b,8995.0,8995.0,0.0,8995.0,8995.0,0.0,0.0,0.0,1.0
69099987-35b9-4061-b435-30eba5f5d7c7,1395.0,1395.0,0.0,1395.0,1395.0,0.0,0.0,0.0,1.0
690b0419-6be8-43d5-b244-0cb7758f8bd0,4295.0,4295.0,0.0,4295.0,4295.0,0.0,0.0,0.0,1.0
690bd21b-6ffa-4be4-a5c8-7ff711c04a0a,685.0,685.0,0.0,685.0,685.0,0.0,0.0,0.0,1.0
69184dc6-6daa-4c42-965f-5862a8b1053d,13900.0,13900.0,0.0,13900.0,13900.0,0.0,0.0,0.0,1.0
691c472a-3041-4bb9-a233-3f0ecf2bade7,695.0,695.0,0.0,695.0,695.0,0.0,0.0,0.0,1.0
69264f99-589d-4349-bd51-540f80d6a163,9900.0,9900.0,0.0,9900.0,9900.0,0.0,0.0,0.0,1.0
69285c27-eb83-4e70-8100-75899ef55a5f,990.0,990.0,0.0,990.0,990.0,0.0,0.0,0.0,1.0
692ab379-854f-4073-89e0-433054e1f3fd,295.0,295.0,0.0,295.0,295.0,0.0,0.0,0.0,1.0
692db707-f431-476d-a310-8f97ed76b7fc,4195.0,4195.0,0.0,4195.0,4195.0,0.0,0.0,0.0,1.0
692fb4e2-d730-4e85-a77d-2b83f6b6743f,5995.0,5995.0,0.0,5995.0,5995.0,0.0,0.0,0.0,1.0
69374c16-fdff-44c9-a3b1-cabd671ec03d,2995.0,2995.0,0.0,2995.0,2995.0,0.0,0.0,0.0,1.0
69402d5b-1f88-435a-a5df-bf89546005a5,5995.0,5995.0,0.0,5995.0,5995.0,0.0,0.0,0.0,1.0
69521145-6434-4c94-a4c7-82174d4a9ad9,17900.0,17900.0,0.0,17900.0,17900.0,0.0,0.0,0.0,1.0
695214a5-ade8-44d2-8a13-31612f73c32a,34900.0,34900.0,0.0,34900.0,34900.0,0.0,0.0,0.0,1.0
69533900-c345-4804-aa44-623f62ffec70,46900.0,46900.0,0.0,46900.0,46900.0,0.0,0.0,0.0,1.0
69592601-2686-4bca-88b8-d8bc7f70f794,21900.0,21900.0,0.0,21900.0,21900.0,0.0,0.0,0.0,1.0
695a1a83-04d0-4341-baa0-da7d991cc1aa,645.0,645.0,0.0,645.0,645.0,0.0,0.0,0.0,1.0
695f9e99-c215-4efc-b4f3-34e5a167091b,225.0,225.0,0.0,225.0,225.0,0.0,0.0,0.0,1.0
69633b7c-5ad1-496b-8b87-857a121236f6,100.0,100.0,0.0,100.0,100.0,0.0,0.0,0.0,1.0
6969d512-308e-4c1d-992a-2e6ba5b23d73,3495.0,3495.0,0.0,3495.0,3495.0,0.0,0.0,0.0,1.0
69706a79-fdad-40a4-a7c6-da6c57eac811,22900.0,22900.0,0.0,22900.0,22900.0,0.0,0.0,0.0,1.0
697f27d9-e8ad-481c-9640-626ac162d83e,15900.0,15900.0,0.0,15900.0,15900.0,0.0,0.0,0.0,1.0
698028b9-eb9e-45d9-8219-15f9511f35c2,595.0,595.0,0.0,595.0,595.0,0.0,0.0,0.0,1.0
6981663e-678a-4d02-b1c4-c2ddee10b3a8,75.0,75.0,0.0,75.0,75.0,0.0,0.0,0.0,1.0
6987e571-717d-494d-b8cc-fd53e3f93982,11500.0,11500.0,0.0,11500.0,11500.0,0.0,0.0,0.0,1.0
698f03cc-7425-4112-bea4-7455c3ef6125,1499.0,1499.0,0.0,1499.0,1499.0,0.0,0.0,0.0,1.0
6991c7d8-d466-4c8e-8934-e171304c6c1f,745.0,745.0,0.0,745.0,745.0,0.0,0.0,0.0,1.0
699228bd-6156-4a13-808f-e287f0ed6a4e,1395.0,1395.0,0.0,1395.0,1395.0,0.0,0.0,0.0,1.0
6992a3be-129d-418c-9688-7870b4e1b72b,17900.0,17900.0,0.0,17900.0,17900.0,0.0,0.0,0.0,1.0
69a082bb-9bbc-4a19-bc20-c5b28fe5cec9,40900.0,40900.0,0.0,40900.0,40900.0,0.0,0.0,0.0,1.0
69a67da6-8e8c-486e-b050-c8a1ba79de93,11900.0,11900.0,0.0,11900.0,11900.0,0.0,0.0,0.0,1.0
69aa6205-ba2e-48bb-8b28-712c0bf6605f,1295.0,1295.0,0.0,1295.0,1295.0,0.0,0.0,0.0,1.0
69ac7c81-ef2e-4ec1-998f-4eedc9ddc688,3595.0,3595.0,0.0,3595.0,3595.0,0.0,0.0,0.0,1.0
69ae1dcd-2277-4d37-93e4-10854e4361bd,2480.0,2480.0,0.0,2480.0,2480.0,0.0,0.0,0.0,1.0
69b08e81-d482-4734-a1ac-c95c4429e856,695.0,695.0,0.0,695.0,695.0,0.0,0.0,0.0,1.0
69bab1d5-e633-4fee-ba53-fc16438f6fdd,3795.0,3795.0,0.0,3795.0,3795.0,0.0,0.0,0.0,1.0
69ca9b3b-9947-4ab2-9654-a6eec50d300f,1400.0,1400.0,0.0,1400.0,1400.0,0.0,0.0,0.0,1.0
69d48aa6-8442-449f-b70e-67a7a7500c2d,9900.0,9900.0,0.0,9900.0,9900.0,0.0,0.0,0.0,1.0
69e6b058-143f-43cd-97c6-421703ff7e89,4795.0,4795.0,0.0,4795.0,4795.0,0.0,0.0,0.0,1.0
69e6fd20-82f1-4744-a160-697411dcf226,1295.0,1295.0,0.0,1295.0,1295.0,0.0,0.0,0.0,1.0
69e84e2c-f1c3-4131-b987-1efa2cfa6437,7900.0,7900.0,0.0,7900.0,7900.0,0.0,0.0,0.0,1.0
69f191fb-7f5f-4846-bef1-9f3819c4764f,165.0,165.0,0.0,165.0,165.0,0.0,0.0,0.0,1.0
6a07abcb-9ed2-4037-9944-028151ef358e,20900.0,20900.0,0.0,20900.0,20900.0,0.0,0.0,0.0,1.0
6a11d19e-e25b-4bb4-8545-238e3cfd162b,2500.0,2500.0,0.0,2500.0,2500.0,0.0,0.0,0.0,1.0
6a1583d3-9860-4050-a5ba-c6d377e7d4de,4995.0,4995.0,0.0,4995.0,4995.0,0.0,0.0,0.0,1.0
6a1dba28-590b-4cca-8a33-87d18b79f0fd,1495.0,1495.0,0.0,1495.0,1495.0,0.0,0.0,0.0,1.0
6a29d71d-5c08-4d56-9fb0-0d1a88f410b1,19900.0,19900.0,0.0,19900.0,19900.0,0.0,0.0,0.0,1.0
6a2c45f0-1e00-4eb0-8004-fc28b7533a80,1395.0,1395.0,0.0,1395.0,1395.0,0.0,0.0,0.0,1.0
6a2f166d-a811-4e98-a749-26a660755d95,45.0,45.0,0.0,45.0,45.0,0.0,0.0,0.0,1.0
6a339e5e-ee23-4e01-9968-60d317519465,9500.0,9500.0,0.0,9500.0,9500.0,0.0,0.0,0.0,1.0
6a357728-cc69-4b44-b581-1b9356dbbaa8,10900.0,10900.0,0.0,10900.0,10900.0,0.0,0.0,0.0,1.0
6a3754bb-5861-4e0b-9474-58d433b06f44,14900.0,14900.0,0.0,14900.0,14900.0,0.0,0.0,0.0,1.0
6a429549-c426-4d5d-8a24-cf8411778c14,24900.0,24900.0,0.0,24900.0,24900.0,0.0,0.0,0.0,1.0
6a48f99b-0d63-47c9-a55d-507a9fb1db20,2595.0,2595.0,0.0,2595.0,2595.0,0.0,0.0,0.0,1.0
6a4d8133-f185-40eb-949b-6a594c3e059b,3795.0,3795.0,0.0,3795.0,3795.0,0.0,0.0,0.0,1.0
6a54cbe0-3ac1-4aa4-a7e2-0a1d6d289a0a,8995.0,8995.0,0.0,8995.0,8995.0,0.0,0.0,0.0,1.0
6a6a7dca-38c7-4b0a-a191-433f777a54a9,995.0,995.0,0.0,995.0,995.0,0.0,0.0,0.0,1.0
6a6d2e55-e145-470d-b62a-86908a1c2d60,9900.0,9900.0,0.0,9900.0,9900.0,0.0,0.0,0.0,1.0
6a73a0ba-7414-4539-9ff4-f26981f2704e,795.0,795.0,0.0,795.0,795.0,0.0,0.0,0.0,1.0
6a82d66b-24b6-477f-abd2-b3db20497777,460.0,460.0,0.0,460.0,460.0,0.0,0.0,0.0,1.0
6a8691c8-d872-4e5c-9cd2-20275655de7f,44900.0,44900.0,0.0,44900.0,44900.0,0.0,0.0,0.0,1.0
6a8a78ac-488e-4c99-a554-3c161b6918c6,4900.0,4900.0,0.0,4900.0,4900.0,0.0,0.0,0.0,1.0
6a984512-5249-49e5-97ab-d3288a14389a,3995.0,3995.0,0.0,3995.0,3995.0,0.0,0.0,0.0,1.0
6aa81289-d795-432c-818e-8434c55621b8,1550.0,1550.0,0.0,1550.0,1550.0,0.0,0.0,0.0,1.0
6ab093da-5e54-404f-a36b-a7a496ba9373,749.0,749.0,0.0,749.0,749.0,0.0,0.0,0.0,1.0
6ab0be04-bb69-4e43-be1c-c9fc18bdfa73,8995.0,8995.0,0.0,8995.0,8995.0,0.0,0.0,0.0,1.0
6ab2ad76-8477-462c-96aa-9fedf11def58,4295.0,4295.0,0.0,4295.0,4295.0,0.0,0.0,0.0,1.0
6ab8f975-260d-49a8-b2d9-4bcd4aaec395,3395.0,3395.0,0.0,3395.0,3395.0,0.0,0.0,0.0,1.0
6ab993c8-ce54-4c49-a2f9-8dd934b9d68d,3795.0,3795.0,0.0,3795.0,3795.0,0.0,0.0,0.0,1.0
6ac52ac0-af92-41f7-8478-030ee0ff3873,130.0,130.0,0.0,130.0,130.0,0.0,0.0,0.0,1.0
6ad0498b-2acc-4cab-bda4-caa4d61d766d,3295.0,3295.0,0.0,3295.0,3295.0,0.0,0.0,0.0,1.0
6adf0431-405c-4962-b55b-ff4938e4f9fd,2395.0,2395.0,0.0,2395.0,2395.0,0.0,0.0,0.0,1.0
6ae1b76a-586d-47b2-9e2d-948bc9841369,53900.0,53900.0,0.0,53900.0,53900.0,0.0,0.0,0.0,1.0
6ae5193b-08c0-4ac6-afb0-c98fd2dc805b,595.0,595.0,0.0,595.0,595.0,0.0,0.0,0.0,1.0
6aec9f8c-37b1-4456-83aa-3d2a169e096e,500.0,500.0,0.0,500.0,500.0,0.0,0.0,0.0,1.0
6af0471d-a96a-459e-ac15-fff6564f8799,995.0,995.0,0.0,995.0,995.0,0.0,0.0,0.0,1.0
6af0beff-eedc-4156-9d6a-126c10287ff9,10500.0,10500.0,0.0,10500.0,10500.0,0.0,0.0,0.0,1.0
6b095fa8-ee16-43f2-af0c-4b976030202d,7995.0,7995.0,0.0,7995.0,7995.0,0.0,0.0,0.0,1.0
6b09d52b-8671-49e9-8a96-68433761fb89,15900.0,15900.0,0.0,15900.0,15900.0,0.0,0.0,0.0,1.0
6b11f5a0-3045-4d99-a0eb-ab2a67a794ff,2995.0,2995.0,0.0,2995.0,2995.0,0.0,0.0,0.0,1.0
6b1a5069-f684-4824-8965-2b547af0fb70,4495.0,4495.0,0.0,4495.0,4495.0,0.0,0.0,0.0,1.0
6b30c0ec-5797-45c8-847a-e00061b4e140,19900.0,19900.0,0.0,19900.0,19900.0,0.0,0.0,0.0,1.0
6b32411a-1fee-4f15-a9ad-8ab0fb254d9f,4295.0,4295.0,0.0,4295.0,4295.0,0.0,0.0,0.0,1.0
6b33f5fb-07d9-4281-bb15-44f4844aa634,3295.0,3295.0,0.0,3295.0,3295.0,0.0,0.0,0.0,1.0
6b3b33c2-6c95-4eaa-823c-885d8526a5be,2095.0,2095.0,0.0,2095.0,2095.0,0.0,0.0,0.0,1.0
6b48553b-ccd1-4365-a695-33e0fc277532,1650.0,1650.0,0.0,1650.0,1650.0,0.0,0.0,0.0,1.0
6b53903b-6931-4ee5-a376-4fcf459cfb52,7995.0,7995.0,0.0,7995.0,7995.0,0.0,0.0,0.0,1.0
6b542b52-9114-4e87-9d4f-01d45a12f5d2,8900.0,8900.0,0.0,8900.0,8900.0,0.0,0.0,0.0,1.0
6b586612-c7b5-4e6f-84e4-7f5e4d6e010a,990.0,990.0,0.0,990.0,990.0,0.0,0.0,0.0,1.0
6b5c2d83-186a-4a47-9992-c677ed0d8190,2195.0,2195.0,0.0,2195.0,2195.0,0.0,0.0,0.0,1.0
6b5d87f1-c501-48b0-aef9-d45c1f04673d,59900.0,59900.0,0.0,59900.0,59900.0,0.0,0.0,0.0,1.0
6b69955f-0d44-4492-b94b-cd659bf62eb9,3295.0,3295.0,0.0,3295.0,3295.0,0.0,0.0,0.0,1.0
6b6b2373-d810-4a97-9495-490abe369499,395.0,395.0,0.0,395.0,395.0,0.0,0.0,0.0,1.0
6b6bce55-da1b-41da-bc2c-93125349fdef,3400.0,3400.0,0.0,3400.0,3400.0,0.0,0.0,0.0,1.0
6b87e627-30dd-4fab-9ed2-d3ebe3e79e3e,4490.0,4490.0,0.0,4490.0,4490.0,0.0,0.0,0.0,1.0
6b8fcfab-4be5-40d0-a75b-9748eddf0d44,13900.0,13900.0,0.0,13900.0,13900.0,0.0,0.0,0.0,1.0
6b90aedb-cec0-41f6-ae08-2567da1f9e11,17900.0,17900.0,0.0,17900.0,17900.0,0.0,0.0,0.0,1.0
6b919a82-14e8-4c26-baf0-c2ab71abc89e,1395.0,1395.0,0.0,1395.0,1395.0,0.0,0.0,0.0,1.0
6b9b7d3c-577d-4418-8e11-60fd98db4709,595.0,595.0,0.0,595.0,595.0,0.0,0.0,0.0,1.0
6b9e7a9e-82a1-4782-b9c7-d83cb27700d1,105.0,105.0,0.0,105.0,105.0,0.0,0.0,0.0,1.0
6ba06c65-b231-4eb6-81bf-24fa032006ed,10900.0,10900.0,0.0,10900.0,10900.0,0.0,0.0,0.0,1.0
6ba72feb-739f-4c33-9315-e4225017e2a7,1295.0,1295.0,0.0,1295.0,1295.0,0.0,0.0,0.0,1.0
6bac5ade-e085-4650-971a-f7c7e0160c69,5350.0,5350.0,0.0,5350.0,5350.0,0.0,0.0,0.0,1.0
6bb042a8-d595-432b-a953-5ce92e3805fd,280.0,280.0,0.0,280.0,280.0,0.0,0.0,0.0,1.0
6bb6e268-25cb-4977-985d-7e33eb0aa03f,11900.0,11900.0,0.0,11900.0,11900.0,0.0,0.0,0.0,1.0
6bbbd4c6-03a8-4204-96f5-5621d353fdb1,295.0,295.0,0.0,295.0,295.0,0.0,0.0,0.0,1.0
6bcdb411-336b-418b-82e9-c457931e2271,3795.0,3795.0,0.0,3795.0,3795.0,0.0,0.0,0.0,1.0
6bd205bc-4564-4b8c-b319-74e0238026d0,1995.0,1995.0,0.0,1995.0,1995.0,0.0,0.0,0.0,1.0
6be6846a-b076-4b39-8229-08a00611c8a6,2145.0,2145.0,0.0,2145.0,2145.0,0.0,0.0,0.0,1.0
6be9af8e-2676-47e1-8560-aead677bca9c,450.0,450.0,0.0,450.0,450.0,0.0,0.0,0.0,1.0
6bfd2646-05d0-4eee-b26f-66fb5b6b85da,5695.0,5695.0,0.0,5695.0,5695.0,0.0,0.0,0.0,1.0
6c016926-19f2-4de4-969e-43f70a592e5d,2820.0,2820.0,0.0,2820.0,2820.0,0.0,0.0,0.0,1.0
6c04836f-3ecc-49c7-bcdc-d25c61eccca8,1295.0,1295.0,0.0,1295.0,1295.0,0.0,0.0,0.0,1.0
6c0d311c-3e48-40cb-a6e8-37d3b40e0781,2095.0,2095.0,0.0,2095.0,2095.0,0.0,0.0,0.0,1.0
6c12af53-d891-4972-a795-b03588aee183,595.0,595.0,0.0,595.0,595.0,0.0,0.0,0.0,1.0
6c18a21f-4262-4a49-9d18-aa2b6e38cbec,1095.0,1095.0,0.0,1095.0,1095.0,0.0,0.0,0.0,1.0
6c1f8471-48db-4c15-8316-e8193a87b6b7,4200.0,4200.0,0.0,4200.0,4200.0,0.0,0.0,0.0,1.0
6c244893-193c-432b-ac6f-f8464afb2201,990.0,990.0,0.0,990.0,990.0,0.0,0.0,0.0,1.0
6c35f304-c325-4b88-883b-bbbe0ec0f4fa,1699.0,1699.0,0.0,1699.0,1699.0,0.0,0.0,0.0,1.0
6c36da70-739a-4c58-9710-bca5047b71ea,3300.0,3300.0,0.0,3300.0,3300.0,0.0,0.0,0.0,1.0
6c37972b-ea0f-4336-8b9e-437f4ed231c4,12900.0,12900.0,0.0,12900.0,12900.0,0.0,0.0,0.0,1.0
6c3e7805-fbfd-4d5a-a845-c919934a8a96,2995.0,2995.0,0.0,2995.0,2995.0,0.0,0.0,0.0,1.0
6c3e9ef3-58d6-4e7c-b299-e041f30710f6,795.0,795.0,0.0,795.0,795.0,0.0,0.0,0.0,1.0
6c3ff5d6-3c5e-43ea-913c-78dcaad447a6,9900.0,9900.0,0.0,9900.0,9900.0,0.0,0.0,0.0,1.0
6c42bf1e-f675-4cff-a947-54f67e05fc95,7995.0,7995.0,0.0,7995.0,7995.0,0.0,0.0,0.0,1.0
6c453554-d19d-45d8-8d95-77b93dcaf88c,16900.0,16900.0,0.0,16900.0,16900.0,0.0,0.0,0.0,1.0
6c476a36-019f-451a-b217-4af0c6c0398f,845.0,845.0,0.0,845.0,845.0,0.0,0.0,0.0,1.0
6c520357-9fac-4e5d-9341-761028589831,595.0,595.0,0.0,595.0,595.0,0.0,0.0,0.0,1.0
6c5bc5b1-9138-4f37-96b8-511e9c56d6eb,5495.0,5495.0,0.0,5495.0,5495.0,0.0,0.0,0.0,1.0
6c5ed853-6492-4a9c-b4af-fb8133971219,3295.0,3295.0,0.0,3295.0,3295.0,0.0,0.0,0.0,1.0
6c627e0d-9fad-4b44-88f2-aedfa3af43ba,9500.0,9500.0,0.0,9500.0,9500.0,0.0,0.0,0.0,1.0
6c873d5e-6f2b-4752-b145-5197604999e7,34900.0,34900.0,0.0,34900.0,34900.0,0.0,0.0,0.0,1.0
6c96a23c-3c6e-4c40-8bb6-d0b750e770f0,3995.0,3995.0,0.0,3995.0,3995.0,0.0,0.0,0.0,1.0
6ca4373b-abd2-4d5f-bcbc-2bc48fc04354,29900.0,29900.0,0.0,29900.0,29900.0,0.0,0.0,0.0,1.0
6ca45c6d-b492-40a5-9266-547f468cb827,4490.0,4490.0,0.0,4490.0,4490.0,0.0,0.0,0.0,1.0
6cad9a94-ce1a-44d5-8eb4-935614f374e0,11900.0,11900.0,0.0,11900.0,11900.0,0.0,0.0,0.0,1.0
6cae653c-d3fd-4d52-9565-9d14402338ec,3990.0,3990.0,0.0,3990.0,3990.0,0.0,0.0,0.0,1.0
6cb45f3e-a7ee-47c1-908f-424e18736ce7,12480.0,12480.0,0.0,12480.0,12480.0,0.0,0.0,0.0,1.0
6cb4eb09-8152-4d3c-bcab-6dc86d293294,2295.0,2295.0,0.0,2295.0,2295.0,0.0,0.0,0.0,1.0
6cb8c5fb-0feb-47c7-ade5-dd039519b690,3695.0,3695.0,0.0,3695.0,3695.0,0.0,0.0,0.0,1.0
6cc41804-2e1f-40f1-a397-d243d18e26fc,2695.0,2695.0,0.0,2695.0,2695.0,0.0,0.0,0.0,1.0
6ccabfba-8215-42c0-81ef-bfb05e42d01a,15500.0,15500.0,0.0,15500.0,15500.0,0.0,0.0,0.0,1.0
6cd25baf-0ad4-4cfc-9687-b2becc3bcf06,20900.0,20900.0,0.0,20900.0,20900.0,0.0,0.0,0.0,1.0
6cd40514-5a5b-4422-aa1d-2ccdc420ee0e,890.0,890.0,0.0,890.0,890.0,0.0,0.0,0.0,1.0
6cda1b7f-abcc-4bc9-a815-9c65778d2ba7,1350.0,1350.0,0.0,1350.0,1350.0,0.0,0.0,0.0,1.0
6ce2214f-772f-4bb7-9068-9da030f040fb,240.0,240.0,0.0,240.0,240.0,0.0,0.0,0.0,1.0
6ce7631b-6986-4b6c-bc67-ed038e30c134,3995.0,3995.0,0.0,3995.0,3995.0,0.0,0.0,0.0,1.0
6ce84617-fb87-450e-89ee-030f5d838595,3990.0,3990.0,0.0,3990.0,3990.0,0.0,0.0,0.0,1.0
6d1a7256-22f3-410d-9e9c-b8a356582826,3595.0,3595.0,0.0,3595.0,3595.0,0.0,0.0,0.0,1.0
6d1e1487-7bde-467b-8414-e24c88439253,14900.0,14900.0,0.0,14900.0,14900.0,0.0,0.0,0.0,1.0
6d234952-1364-4150-bdd6-947c1ab26333,275.0,275.0,0.0,275.0,275.0,0.0,0.0,0.0,1.0
6d284221-a076-4133-ae10-8237e98063b5,1380.0,1380.0,0.0,1380.0,1380.0,0.0,0.0,0.0,1.0
6d2d9b87-cfe9-4968-9040-33830ad37002,1395.0,1395.0,0.0,1395.0,1395.0,0.0,0.0,0.0,1.0
6d30c10e-388a-4a10-b55c-e2c3c5e91490,1995.0,1995.0,0.0,1995.0,1995.0,0.0,0.0,0.0,1.0
6d37df46-58ba-489a-8c57-257c8b08d7fd,1095.0,1095.0,0.0,1095.0,1095.0,0.0,0.0,0.0,1.0
6d3be4d4-bbe8-4675-a8d5-855461e537af,14900.0,14900.0,0.0,14900.0,14900.0,0.0,0.0,0.0,1.0
6d3d0e4d-bfca-4852-9c9a-908bab9992b1,7495.0,7495.0,0.0,7495.0,7495.0,0.0,0.0,0.0,1.0
6d3f6ae2-4b08-4aac-949a-b121efdccd21,1595.0,1595.0,0.0,1595.0,1595.0,0.0,0.0,0.0,1.0
6d43a1c4-0ef6-486c-aa5e-25b19cef3992,145.0,145.0,0.0,145.0,145.0,0.0,0.0,0.0,1.0
6d47560c-2b89-4f9e-8507-6711ad8b5889,13900.0,13900.0,0.0,13900.0,13900.0,0.0,0.0,0.0,1.0
6d4aa49b-5fa7-42d7-a3fe-991d2ad69537,9900.0,9900.0,0.0,9900.0,9900.0,0.0,0.0,0.0,1.0
6d53218e-9487-408c-a742-5b2a76cfd6dc,3800.0,3800.0,0.0,3800.0,3800.0,0.0,0.0,0.0,1.0
6d577528-9679-4532-959b-b6cbce703583,4280.0,4280.0,0.0,4280.0,4280.0,0.0,0.0,0.0,1.0
6d600472-f766-44f6-9a37-94756b15ebb2,3995.0,3995.0,0.0,3995.0,3995.0,0.0,0.0,0.0,1.0
6d62a1eb-08d2-4c2c-9850-015aa4fc9865,2995.0,2995.0,0.0,2995.0,2995.0,0.0,0.0,0.0,1.0
6d70026b-e193-4d45-88c6-9bc111e7b514,34900.0,34900.0,0.0,34900.0,34900.0,0.0,0.0,0.0,1.0
6d74afd2-cac6-4a78-9bdc-0ff0a90248b3,69900.0,69900.0,0.0,69900.0,69900.0,0.0,0.0,0.0,1.0
6d7ccc0f-90c9-4534-8334-1b6ab1919df7,1900.0,1900.0,0.0,1900.0,1900.0,0.0,0.0,0.0,1.0
6d86202f-dcf5-4b3e-a85a-8373e6ccdd29,28900.0,28900.0,0.0,28900.0,28900.0,0.0,0.0,0.0,1.0
6d86ad78-df34-41f4-b733-a2cbd5c0b3a7,675.0,675.0,0.0,675.0,675.0,0.0,0.0,0.0,1.0
6d8eb3df-bd55-4af6-a5c4-9707e4e6dd0c,4900.0,4900.0,0.0,4900.0,4900.0,0.0,0.0,0.0,1.0
6da59474-3c05-42f2-b1fb-e60085413224,2295.0,2295.0,0.0,2295.0,2295.0,0.0,0.0,0.0,1.0
6dadd7fd-f78d-42f3-a714-884896702335,795.0,795.0,0.0,795.0,795.0,0.0,0.0,0.0,1.0
6db372d5-5c7d-496a-b75f-8fa48355577b,2645.0,2645.0,0.0,2645.0,2645.0,0.0,0.0,0.0,1.0
6dbb910c-0035-4027-9870-82bec2158657,695.0,695.0,0.0,695.0,695.0,0.0,0.0,0.0,1.0
6dcc583f-2d92-4b05-8cfe-35bf23ca8d3d,675.0,675.0,0.0,675.0,675.0,0.0,0.0,0.0,1.0
6dccda70-aa56-41ac-b9c3-6dd8eecda94f,8900.0,8900.0,0.0,8900.0,8900.0,0.0,0.0,0.0,1.0
6dce8106-ef28-4b55-9f8a-2a2d1e09cd2c,55.0,55.0,0.0,55.0,55.0,0.0,0.0,0.0,1.0
6dd3a793-49ee-49dd-a3cd-012893003ea2,16900.0,16900.0,0.0,16900.0,16900.0,0.0,0.0,0.0,1.0
6dd47139-5f87-42b0-8110-6e80526c4d12,29900.0,29900.0,0.0,29900.0,29900.0,0.0,0.0,0.0,1.0
6dd9fe00-ab31-4447-9eab-eec6814933c3,1270.0,1270.0,0.0,1270.0,1270.0,0.0,0.0,0.0,1.0
6de9c6d2-5cff-4289-81d7-86bc00cf853d,8500.0,8500.0,0.0,8500.0,8500.0,0.0,0.0,0.0,1.0
6deaf7cd-dcda-4246-8510-ae5764647236,445.0,445.0,0.0,445.0,445.0,0.0,0.0,0.0,1.0
6df016fa-7730-456b-a0a0-58e0bc122ff2,5500.0,5500.0,0.0,5500.0,5500.0,0.0,0.0,0.0,1.0
6df2475f-9aea-4ee9-b70a-02cbb9334700,21900.0,21900.0,0.0,21900.0,21900.0,0.0,0.0,0.0,1.0
6df3fbbf-574e-42ff-a03f-9a7784207bc1,2995.0,2995.0,0.0,2995.0,2995.0,0.0,0.0,0.0,1.0
6dfed554-1c0c-43a7-b094-faa5921ab2c7,14900.0,14900.0,0.0,14900.0,14900.0,0.0,0.0,0.0,1.0
6e00a221-0a5b-4ffc-8f59-3175ae428eb2,5495.0,5495.0,0.0,5495.0,5495.0,0.0,0.0,0.0,1.0
6e085123-5f34-455e-b757-1cbd36936639,135.0,135.0,0.0,135.0,135.0,0.0,0.0,0.0,1.0
6e0953d5-2f9e-4a4f-b0d7-0e188487a412,1195.0,1195.0,0.0,1195.0,1195.0,0.0,0.0,0.0,1.0
6e09f0ba-c2f8-4445-a4ec-b412279f7ca6,9900.0,9900.0,0.0,9900.0,9900.0,0.0,0.0,0.0,1.0
6e0c6194-9143-4574-8b56-b0b4a02d63f7,12900.0,12900.0,0.0,12900.0,12900.0,0.0,0.0,0.0,1.0
6e0c8275-0147-4612-9a14-a85920b74368,3795.0,3795.0,0.0,3795.0,3795.0,0.0,0.0,0.0,1.0
6e17ef64-6c7f-4aeb-88f1-58699d25524f,26900.0,26900.0,0.0,26900.0,26900.0,0.0,0.0,0.0,1.0
6e27597d-4ed8-4f94-959b-316c351da379,1650.0,1650.0,0.0,1650.0,1650.0,0.0,0.0,0.0,1.0
6e275b28-2dad-460f-add7-d2d20d06bdac,14900.0,14900.0,0.0,14900.0,14900.0,0.0,0.0,0.0,1.0
6e2d9e65-dc7d-4625-bfd1-209b2578eafb,10500.0,10500.0,0.0,10500.0,10500.0,0.0,0.0,0.0,1.0
6e353689-e109-4f81-a576-ae1eb5535bf4,650.0,650.0,0.0,650.0,650.0,0.0,0.0,0.0,1.0
6e491baf-597e-49dc-ba82-29726d3be417,4995.0,4995.0,0.0,4995.0,4995.0,0.0,0.0,0.0,1.0
6e4ede1b-f019-4071-ab6d-7df216495024,5995.0,5995.0,0.0,5995.0,5995.0,0.0,0.0,0.0,1.0
6e62bf81-d95c-4b99-97fd-5a5846eba5f9,2495.0,2495.0,0.0,2495.0,2495.0,0.0,0.0,0.0,1.0
6e710777-07bb-466e-893e-299651f83790,3100.0,3100.0,0.0,3100.0,3100.0,0.0,0.0,0.0,1.0
6e72e370-290f-4653-91e2-50f85512a5cf,16900.0,16900.0,0.0,16900.0,16900.0,0.0,0.0,0.0,1.0
6e7567c9-35da-4ecb-bc0c-1a3320713764,695.0,695.0,0.0,695.0,695.0,0.0,0.0,0.0,1.0
6e7b4a42-15fe-48e8-be03-fc94e87391de,9900.0,9900.0,0.0,9900.0,9900.0,0.0,0.0,0.0,1.0
6e7fb345-c628-400e-b6ce-35a889c65342,3837.5,3837.5,215.667568261897,3685.0,3990.0,152.5,0.05620001778811648,305.0,1.0827679782903663
6e8168a6-b0b5-4b5e-838c-b17314758e0b,57900.0,57900.0,0.0,57900.0,57900.0,0.0,0.0,0.0,1.0
6e83a849-6bfb-4482-938f-df51cbe86204,645.0,645.0,0.0,645.0,645.0,0.0,0.0,0.0,1.0
6e85c3ca-0018-4356-a2bf-a29964e7ecb9,1050.0,1050.0,0.0,1050.0,1050.0,0.0,0.0,0.0,1.0
6e87ec97-e3e5-44b5-9930-7b8e38ef176d,3160.0,3160.0,0.0,3160.0,3160.0,0.0,0.0,0.0,1.0
6e90e6bc-46f2-4ee1-abee-2b94dd10bf5a,2695.0,2695.0,0.0,2695.0,2695.0,0.0,0.0,0.0,1.0
6e9af450-eb03-46ad-90f1-99fb1e563aa6,2095.0,2095.0,0.0,2095.0,2095.0,0.0,0.0,0.0,1.0
6ea02237-ec73-484e-b37f-2c0633472cd2,599.0,599.0,0.0,599.0,599.0,0.0,0.0,0.0,1.0
6ea3b41e-5fec-45d6-a788-641ba28e29f4,2495.0,2495.0,0.0,2495.0,2495.0,0.0,0.0,0.0,1.0
6eabff90-0f03-423d-a63b-d2f8876b79a6,54900.0,54900.0,0.0,54900.0,54900.0,0.0,0.0,0.0,1.0
6eb0633e-9c14-4414-9a44-9d0b18beaab6,125.0,125.0,0.0,125.0,125.0,0.0,0.0,0.0,1.0
6eb2cd69-7918-487c-831e-27686b5dea00,465.0,465.0,0.0,465.0,465.0,0.0,0.0,0.0,1.0
6ec2a7e4-0570-42f0-92e1-adab1e7e7f4f,545.0,545.0,0.0,545.0,545.0,0.0,0.0,0.0,1.0
6ec33c10-279b-41aa-9b8a-b5d510b167f2,7495.0,7495.0,0.0,7495.0,7495.0,0.0,0.0,0.0,1.0
6ec7af31-668d-45f1-823f-013dc6b7e49c,9900.0,9900.0,0.0,9900.0,9900.0,0.0,0.0,0.0,1.0
6ed635ee-9b40-4952-b02a-082ce261f784,4495.0,4495.0,0.0,4495.0,4495.0,0.0,0.0,0.0,1.0
6ef4d99c-14d5-4477-a019-12024cdc63c4,1490.0,1490.0,0.0,1490.0,1490.0,0.0,0.0,0.0,1.0
6ef8683c-ddee-4ca7-910f-61dd7a08b7ce,1295.0,1295.0,0.0,1295.0,1295.0,0.0,0.0,0.0,1.0
6efbeeae-d022-4cb8-a04e-f66773e33512,2699.0,2699.0,0.0,2699.0,2699.0,0.0,0.0,0.0,1.0
6efd1fec-3363-41bb-b592-c8a73a549d0f,5995.0,5995.0,0.0,5995.0,5995.0,0.0,0.0,0.0,1.0
6f039820-6343-4115-92b6-6cd18f2b182c,365.0,365.0,0.0,365.0,365.0,0.0,0.0,0.0,1.0
6f1c2b73-3dbe-47e0-af4a-af1078cc5af2,15900.0,15900.0,0.0,15900.0,15900.0,0.0,0.0,0.0,1.0
6f1f020a-bb0f-4d4b-ab92-548b3da5950b,13900.0,13900.0,0.0,13900.0,13900.0,0.0,0.0,0.0,1.0
6f1f0a13-0df3-41ef-9baa-d3645288a33a,36900.0,36900.0,0.0,36900.0,36900.0,0.0,0.0,0.0,1.0
6f34bdbe-c0c3-4d34-81b4-ad842209d3d6,1385.0,1385.0,0.0,1385.0,1385.0,0.0,0.0,0.0,1.0
6f3e8697-ec10-4271-b0e8-6c5c0df0b1b1,1195.0,1195.0,0.0,1195.0,1195.0,0.0,0.0,0.0,1.0
6f4f38ce-bb57-4d4d-9283-9f2be9ab1e7c,8995.0,8995.0,0.0,8995.0,8995.0,0.0,0.0,0.0,1.0
6f586512-dd3d-421f-be57-3767c7880b1e,645.0,645.0,0.0,645.0,645.0,0.0,0.0,0.0,1.0
6f5a8762-cfa1-4a7b-af84-e34e33210267,120.0,120.0,0.0,120.0,120.0,0.0,0.0,0.0,1.0
6f5fd6af-afab-4df4-895d-23d57d762848,13900.0,13900.0,0.0,13900.0,13900.0,0.0,0.0,0.0,1.0
6f68fa4e-adfb-4244-9c65-eb4c52ef3711,15900.0,15900.0,0.0,15900.0,15900.0,0.0,0.0,0.0,1.0
6f6bf3d7-2318-48a5-925e-ce07f54455b8,7900.0,7900.0,0.0,7900.0,7900.0,0.0,0.0,0.0,1.0
6f711309-10a1-452f-a797-f10b0156c104,12900.0,12900.0,0.0,12900.0,12900.0,0.0,0.0,0.0,1.0
6f71b5a9-9f56-429c-8e65-0b91d4f5a9ee,10500.0,10500.0,0.0,10500.0,10500.0,0.0,0.0,0.0,1.0
6f7428ed-5330-456c-b8c7-d9448001e573,3000.0,3000.0,0.0,3000.0,3000.0,0.0,0.0,0.0,1.0
6f8013c0-8689-4729-aa64-ff13388e7ed6,595.0,595.0,0.0,595.0,595.0,0.0,0.0,0.0,1.0
6f857278-5b5f-470f-8511-e0e9a4926a13,1995.0,1995.0,0.0,1995.0,1995.0,0.0,0.0,0.0,1.0
6f8c9395-cd89-4681-9af4-64aa520113d9,1795.0,1795.0,0.0,1795.0,1795.0,0.0,0.0,0.0,1.0
6f8e97cd-858d-4e22-a3e6-2ba91ab302f3,445.0,445.0,0.0,445.0,445.0,0.0,0.0,0.0,1.0
6f8f18de-c7af-44a3-9019-48e2dc236e60,9900.0,9900.0,0.0,9900.0,9900.0,0.0,0.0,0.0,1.0
6f923f02-dad9-4282-9f2a-cd1d738a23a5,15900.0,15900.0,0.0,15900.0,15900.0,0.0,0.0,0.0,1.0
6fa8155c-4d9b-4512-b800-65def498f0ab,265.0,265.0,0.0,265.0,265.0,0.0,0.0,0.0,1.0
6fac363f-8431-411a-9a9e-9ec20939cb29,1995.0,1995.0,0.0,1995.0,1995.0,0.0,0.0,0.0,1.0
6fb37de5-4c37-4f94-8fc5-c1b454e72812,1400.0,1400.0,0.0,1400.0,1400.0,0.0,0.0,0.0,1.0
6fc4195e-80f8-4dda-8ff1-6048ddafd364,3650.0,3650.0,0.0,3650.0,3650.0,0.0,0.0,0.0,1.0
6fd353e9-b6bc-4765-b8f8-7d02bdac4896,14900.0,14900.0,0.0,14900.0,14900.0,0.0,0.0,0.0,1.0
6fd3dba6-3bf2-481c-9b64-c90a55f09df6,17900.0,17900.0,0.0,17900.0,17900.0,0.0,0.0,0.0,1.0
6fdc862d-1a22-4d05-a51b-8e8c315581fe,1395.0,1395.0,0.0,1395.0,1395.0,0.0,0.0,0.0,1.0
6feb5994-5083-4856-850d-19069eb4aafd,2700.0,2700.0,0.0,2700.0,2700.0,0.0,0.0,0.0,1.0
6febdcea-fbbd-4306-8de8-6a7eaaf6e763,470.0,470.0,0.0,470.0,470.0,0.0,0.0,0.0,1.0
6ff6739d-b8d5-4914-b717-f5af0a20d6e2,2195.0,2195.0,0.0,2195.0,2195.0,0.0,0.0,0.0,1.0
6ff995fb-6e27-4322-9cae-5b289675356c,1650.0,1650.0,0.0,1650.0,1650.0,0.0,0.0,0.0,1.0
6ffc78bc-8efe-4cea-9f7d-2fe0eca614ef,5995.0,5995.0,0.0,5995.0,5995.0,0.0,0.0,0.0,1.0
7004578b-ac3f-4ea5-b85d-919c208a0188,1299.0,1299.0,0.0,1299.0,1299.0,0.0,0.0,0.0,1.0
70059cb7-8c86-43e9-b7d4-334ef0a85d85,1395.0,1395.0,0.0,1395.0,1395.0,0.0,0.0,0.0,1.0
70090cf8-9a7b-4bae-968d-4dcfed38cc7b,4800.0,4800.0,0.0,4800.0,4800.0,0.0,0.0,0.0,1.0
700d22d3-9a5a-4a8d-bdce-4c83430d31af,595.0,595.0,0.0,595.0,595.0,0.0,0.0,0.0,1.0
700e053f-8f0b-4e22-a401-222f0d8429ff,3990.0,3990.0,0.0,3990.0,3990.0,0.0,0.0,0.0,1.0
7018c8a2-0a86-4bf6-821e-cb2b9bd2271e,2480.0,2480.0,0.0,2480.0,2480.0,0.0,0.0,0.0,1.0
70191694-8afd-4072-b79c-3fa560a3e53f,995.0,995.0,0.0,995.0,995.0,0.0,0.0,0.0,1.0
7020834b-0f7d-4ad1-b31c-974e2c8a67f8,2590.0,2590.0,0.0,2590.0,2590.0,0.0,0.0,0.0,1.0
7034c968-8326-4ec1-9b05-46ca45d7c8fb,1799.0,1799.0,0.0,1799.0,1799.0,0.0,0.0,0.0,1.0
703af0dc-ad53-4c5f-b92e-c8ff98014a26,14900.0,14900.0,0.0,14900.0,14900.0,0.0,0.0,0.0,1.0
704bdff2-12cb-464d-a31a-a56936e2e0d5,15900.0,15900.0,0.0,15900.0,15900.0,0.0,0.0,0.0,1.0
704fb802-5605-45cb-b24e-91ac64b80b87,1799.0,1799.0,0.0,1799.0,1799.0,0.0,0.0,0.0,1.0
7057b51c-5f50-457b-bb20-c8f0502ed40a,12900.0,12900.0,0.0,12900.0,12900.0,0.0,0.0,0.0,1.0
706f7166-b635-451e-847e-4f7fe74dcecd,3330.0,3330.0,0.0,3330.0,3330.0,0.0,0.0,0.0,1.0
7071266f-3323-4cdb-9f5e-09026533b423,665.0,665.0,0.0,665.0,665.0,0.0,0.0,0.0,1.0
7073476e-1173-4eb0-9800-4ff753aaaefd,5440.0,5440.0,0.0,5440.0,5440.0,0.0,0.0,0.0,1.0
7075215f-23c9-4741-ac04-323305b43115,2000.0,2000.0,0.0,2000.0,2000.0,0.0,0.0,0.0,1.0
70773503-e177-4da3-ad18-0981e9c7d3f8,7995.0,7995.0,0.0,7995.0,7995.0,0.0,0.0,0.0,1.0
70791af3-11d5-4fae-b5ce-6a0c247663e8,1195.0,1195.0,0.0,1195.0,1195.0,0.0,0.0,0.0,1.0
707aa1f5-b58c-4309-8118-63c0934ecb27,5695.0,5695.0,0.0,5695.0,5695.0,0.0,0.0,0.0,1.0
7081d46a-e790-4fdd-8023-ca4950f0171b,33900.0,33900.0,0.0,33900.0,33900.0,0.0,0.0,0.0,1.0
708e188a-a2c4-40a6-b4dc-7f1cf1226a2e,2295.0,2295.0,0.0,2295.0,2295.0,0.0,0.0,0.0,1.0
709bbf2d-0c36-47ad-8e23-92ca79e3ba87,29900.0,29900.0,0.0,29900.0,29900.0,0.0,0.0,0.0,1.0
70b64972-eaa1-4451-a6e6-54480a171b0b,2345.0,2345.0,0.0,2345.0,2345.0,0.0,0.0,0.0,1.0
70bba429-5a4c-4b3f-85d0-eb9eb0667e7a,495.0,495.0,0.0,495.0,495.0,0.0,0.0,0.0,1.0
70d02c00-0438-4943-b3cc-e8e1cd78ed7f,695.0,695.0,0.0,695.0,695.0,0.0,0.0,0.0,1.0
70d2f9cd-8aef-43a2-9187-2bfb6ff00c65,5895.0,5895.0,0.0,5895.0,5895.0,0.0,0.0,0.0,1.0
70dc27ac-e2bf-4297-bca7-912a7b451436,42900.0,42900.0,0.0,42900.0,42900.0,0.0,0.0,0.0,1.0
70dd56cc-72c3-4cb3-9ef3-692d601f8a2f,399.0,399.0,0.0,399.0,399.0,0.0,0.0,0.0,1.0
70e4a7d3-caf0-4c1f-a86b-ff52c5726a60,795.0,795.0,0.0,795.0,795.0,0.0,0.0,0.0,1.0
70ed3844-b963-490a-8b02-75b598dab58c,4495.0,4495.0,0.0,4495.0,4495.0,0.0,0.0,0.0,1.0
70ff1010-24d8-41be-b090-ab67cc7b43e2,1095.0,1095.0,0.0,1095.0,1095.0,0.0,0.0,0.0,1.0
71006985-b454-446f-9c4f-800003f7b713,1095.0,1095.0,0.0,1095.0,1095.0,0.0,0.0,0.0,1.0
7105feae-1141-4d27-b42c-74d975265817,395.0,395.0,0.0,395.0,395.0,0.0,0.0,0.0,1.0
71071665-5e9b-4c91-af5e-3d95246e28d5,2445.0,2445.0,0.0,2445.0,2445.0,0.0,0.0,0.0,1.0
710d7bcf-66d0-47f6-b61d-ada4d5dbb800,3995.0,3995.0,0.0,3995.0,3995.0,0.0,0.0,0.0,1.0
7113c982-51e5-41ee-bbf3-14f25b2a00e5,6900.0,6900.0,0.0,6900.0,6900.0,0.0,0.0,0.0,1.0
711538eb-eef5-40a1-adb0-d68504ca00b9,2350.0,2350.0,0.0,2350.0,2350.0,0.0,0.0,0.0,1.0
711b67b7-23e1-49c1-827f-0e2a1c6444a6,395.0,395.0,0.0,395.0,395.0,0.0,0.0,0.0,1.0
71209245-5a11-4ee7-a39a-f366b2fd5bf8,5500.0,5500.0,0.0,5500.0,5500.0,0.0,0.0,0.0,1.0
712aa077-38c6-4a05-96cf-1e77a44050b7,5095.0,5095.0,0.0,5095.0,5095.0,0.0,0.0,0.0,1.0
712bfacb-d85d-4ac2-b1c8-cff065f004bf,19900.0,19900.0,0.0,19900.0,19900.0,0.0,0.0,0.0,1.0
713160ef-f619-4071-a7c8-a80d49424092,595.0,595.0,0.0,595.0,595.0,0.0,0.0,0.0,1.0
7135a846-c2d5-46b7-89f7-ccaeecee7ae3,595.0,595.0,0.0,595.0,595.0,0.0,0.0,0.0,1.0
713e7c6c-b0f9-424d-834e-d2e67f413c9e,16900.0,16900.0,0.0,16900.0,16900.0,0.0,0.0,0.0,1.0
715c5c2a-001f-47d5-a293-da717239aada,3295.0,3295.0,0.0,3295.0,3295.0,0.0,0.0,0.0,1.0
71601cc6-16df-4c6b-978b-871266cda3a0,13900.0,13900.0,0.0,13900.0,13900.0,0.0,0.0,0.0,1.0
7179fbac-be29-48da-9285-c369ba36a723,19900.0,19900.0,0.0,19900.0,19900.0,0.0,0.0,0.0,1.0
717f9624-dfc3-4c34-a90f-c4e313bf17f9,4595.0,4595.0,0.0,4595.0,4595.0,0.0,0.0,0.0,1.0
718dd535-ae52-485a-ac6b-24f97ba8c1bd,49900.0,49900.0,0.0,49900.0,49900.0,0.0,0.0,0.0,1.0
718fc705-e849-448c-be98-87097c2c4fc6,5995.0,5995.0,0.0,5995.0,5995.0,0.0,0.0,0.0,1.0
7194e664-e675-4d65-8a3a-6669b803a383,6900.0,6900.0,0.0,6900.0,6900.0,0.0,0.0,0.0,1.0
7197b986-77ca-4d9f-9e77-753b3b31de96,1395.0,1395.0,0.0,1395.0,1395.0,0.0,0.0,0.0,1.0
71981b11-de33-4107-bc15-e448c5cf3dba,1795.0,1795.0,0.0,1795.0,1795.0,0.0,0.0,0.0,1.0
71982294-9730-4a71-b93d-398943d456ce,445.0,445.0,0.0,445.0,445.0,0.0,0.0,0.0,1.0
71a226bb-1296-4efb-8d5a-de3850a8504b,6830.0,6830.0,0.0,6830.0,6830.0,0.0,0.0,0.0,1.0
71a77047-0835-4c72-9a54-adb23251f51a,5495.0,5495.0,0.0,5495.0,5495.0,0.0,0.0,0.0,1.0
71af82a1-8b38-470a-9be4-d8f6cd8c4146,4695.0,4695.0,0.0,4695.0,4695.0,0.0,0.0,0.0,1.0
71bdf03c-0a1a-4b80-9bf9-1713a628e63f,15500.0,15500.0,0.0,15500.0,15500.0,0.0,0.0,0.0,1.0
71cc96da-19e2-41e6-965c-4f2c807a29d4,9900.0,9900.0,0.0,9900.0,9900.0,0.0,0.0,0.0,1.0
71d5a0e0-802d-4609-be7b-2a81db580cb5,3000.0,3000.0,0.0,3000.0,3000.0,0.0,0.0,0.0,1.0
71dbd9b8-f81f-4500-838f-5dddfa086b54,34900.0,34900.0,0.0,34900.0,34900.0,0.0,0.0,0.0,1.0
71e2b970-a5d0-4163-9bf9-e1862f55338c,745.0,745.0,0.0,745.0,745.0,0.0,0.0,0.0,1.0
71f26c5f-ae1e-4394-927b-7d805fc4086b,645.0,645.0,0.0,645.0,645.0,0.0,0.0,0.0,1.0
71f2ca48-dc38-49af-a54b-29e57ee502b6,28900.0,28900.0,0.0,28900.0,28900.0,0.0,0.0,0.0,1.0
71fa3aea-a164-4682-af02-e4aa2f7a1475,3150.0,3150.0,0.0,3150.0,3150.0,0.0,0.0,0.0,1.0
71fa7481-274f-475c-8707-af5e3418e509,9480.0,9480.0,0.0,9480.0,9480.0,0.0,0.0,0.0,1.0
71fb4df4-926a-47f5-8cf9-fa70847bb182,10500.0,10500.0,0.0,10500.0,10500.0,0.0,0.0,0.0,1.0
71fdcde3-a5b6-4ee5-98a3-ba2e80d74b0b,12900.0,12900.0,0.0,12900.0,12900.0,0.0,0.0,0.0,1.0
72023c7c-abe2-4db8-ab32-da6fb2d4fdfb,340.0,340.0,0.0,340.0,340.0,0.0,0.0,0.0,1.0
7206c98c-9866-4552-beb1-ca9336031768,9900.0,9900.0,0.0,9900.0,9900.0,0.0,0.0,0.0,1.0
7209409a-097d-46ab-823d-9600f5480513,4495.0,4495.0,0.0,4495.0,4495.0,0.0,0.0,0.0,1.0
72226993-9386-420a-aaa1-63e8e8b7471d,1395.0,1395.0,0.0,1395.0,1395.0,0.0,0.0,0.0,1.0
7223da61-faa4-44df-a2a7-11b9ffc23655,3800.0,3800.0,0.0,3800.0,3800.0,0.0,0.0,0.0,1.0
722405be-d0a3-425b-966f-e8cceb4c04b3,35.0,35.0,0.0,35.0,35.0,0.0,0.0,0.0,1.0
72305e75-0b1e-46b9-a659-415eb45097a5,17900.0,17900.0,0.0,17900.0,17900.0,0.0,0.0,0.0,1.0
72351a83-1adc-4808-8bdf-613f091e7fa8,2595.0,2595.0,0.0,2595.0,2595.0,0.0,0.0,0.0,1.0
7239b3f9-de27-42bc-95e6-a35b636b2f8f,2195.0,2195.0,0.0,2195.0,2195.0,0.0,0.0,0.0,1.0
723b6cb4-49c8-4ab6-8dd9-dba47c89a7ea,31900.0,31900.0,0.0,31900.0,31900.0,0.0,0.0,0.0,1.0
723d72b7-e02c-4ef1-af66-c8997ef917d7,1095.0,1095.0,0.0,1095.0,1095.0,0.0,0.0,0.0,1.0
7243a1af-e2d1-491a-bf5d-a789d3d1550c,2740.0,2740.0,0.0,2740.0,2740.0,0.0,0.0,0.0,1.0
72498c41-566b-4172-90e4-7e1f757d3d16,1445.0,1445.0,0.0,1445.0,1445.0,0.0,0.0,0.0,1.0
724d509d-12fd-48db-8bf1-69ad60b1ca3f,37900.0,37900.0,0.0,37900.0,37900.0,0.0,0.0,0.0,1.0
724ea637-ae44-455d-a5e3-241db9c2b9c6,1095.0,1095.0,0.0,1095.0,1095.0,0.0,0.0,0.0,1.0
72538675-08e4-4770-8faf-108353a6b7c5,13900.0,13900.0,0.0,13900.0,13900.0,0.0,0.0,0.0,1.0
7259decc-6eae-4f93-88a6-6437ea523e19,20900.0,20900.0,0.0,20900.0,20900.0,0.0,0.0,0.0,1.0
72623544-2039-47e0-a8d4-9ce776e11971,4995.0,4995.0,0.0,4995.0,4995.0,0.0,0.0,0.0,1.0
726cedd5-4d61-4781-8b0f-708600b6e557,10900.0,10900.0,0.0,10900.0,10900.0,0.0,0.0,0.0,1.0
726e9524-c2b2-4dd4-a31a-282d9dc73c2a,5495.0,5495.0,0.0,5495.0,5495.0,0.0,0.0,0.0,1.0
72702c70-1b13-41d7-8895-844b034033be,16900.0,16900.0,0.0,16900.0,16900.0,0.0,0.0,0.0,1.0
728cc692-13a7-4a3f-812e-d14979723c02,4495.0,4495.0,0.0,4495.0,4495.0,0.0,0.0,0.0,1.0
72913f4d-7cd0-4f51-b9c2-01599c4ab489,5990.0,5990.0,0.0,5990.0,5990.0,0.0,0.0,0.0,1.0
7298a02c-2a03-4fbd-b252-8ab9455cb14d,9500.0,9500.0,0.0,9500.0,9500.0,0.0,0.0,0.0,1.0
729c6b23-51c3-4737-9546-d13c108fab55,37900.0,37900.0,0.0,37900.0,37900.0,0.0,0.0,0.0,1.0
729cabfd-09b1-4d37-8f29-65beb526b73f,325.0,325.0,0.0,325.0,325.0,0.0,0.0,0.0,1.0
72a151cf-40ba-4117-a1bf-dd7247b27d53,60.0,60.0,0.0,60.0,60.0,0.0,0.0,0.0,1.0
72a163d4-885a-448e-b6fc-b0b92e65c5dc,2695.0,2695.0,0.0,2695.0,2695.0,0.0,0.0,0.0,1.0
72a39056-8371-4995-913c-9db72221cedc,17900.0,17900.0,0.0,17900.0,17900.0,0.0,0.0,0.0,1.0
72a56ef6-e4aa-4825-afdb-d8ee89892a5c,1175.0,1175.0,0.0,1175.0,1175.0,0.0,0.0,0.0,1.0
72a9e532-9321-4061-bed9-8792f0b55d45,115.0,115.0,0.0,115.0,115.0,0.0,0.0,0.0,1.0
72aa6fde-f11a-46df-af07-5a4b9d09f1ca,4500.0,4500.0,0.0,4500.0,4500.0,0.0,0.0,0.0,1.0
72ad5ba5-430c-47eb-ac2f-8e159d782db4,1495.0,1495.0,0.0,1495.0,1495.0,0.0,0.0,0.0,1.0
72ae64a4-b1d4-4a7f-bf5f-77e51ab72d7e,12900.0,12900.0,0.0,12900.0,12900.0,0.0,0.0,0.0,1.0
72b368f1-c800-4e8e-8177-10da460def48,2900.0,2900.0,0.0,2900.0,2900.0,0.0,0.0,0.0,1.0
72b6063b-543f-4279-83ab-b5c9ed801fcf,4995.0,4995.0,0.0,4995.0,4995.0,0.0,0.0,0.0,1.0
72b980e7-3cb3-4cff-90ad-f92ef391ef7c,159.0,159.0,0.0,159.0,159.0,0.0,0.0,0.0,1.0
72c814db-f4bb-4648-ac68-6d88adc33565,420.0,420.0,0.0,420.0,420.0,0.0,0.0,0.0,1.0
72cb65cd-0a99-492d-9c2a-54191f39c6d6,445.0,445.0,0.0,445.0,445.0,0.0,0.0,0.0,1.0
72d33853-645b-4038-8521-b691d1dfbf5d,7495.0,7495.0,0.0,7495.0,7495.0,0.0,0.0,0.0,1.0
72d42c84-9156-44dd-a1cf-8b427b2b3f58,6295.0,6295.0,0.0,6295.0,6295.0,0.0,0.0,0.0,1.0
72de64ca-f87b-4f65-9c25-f14188de3362,595.0,595.0,0.0,595.0,595.0,0.0,0.0,0.0,1.0
72e03e08-9e87-4208-b694-1598593f4dbd,2695.0,2695.0,0.0,2695.0,2695.0,0.0,0.0,0.0,1.0
72f36072-988d-49ce-99f6-2c9601aa9d7b,8200.0,8200.0,0.0,8200.0,8200.0,0.0,0.0,0.0,1.0
7300dd3e-a735-45cf-a0d5-f0dcdbeda507,2595.0,2595.0,0.0,2595.0,2595.0,0.0,0.0,0.0,1.0
73036e68-584d-462b-beef-7dabdc235e76,499.0,499.0,0.0,499.0,499.0,0.0,0.0,0.0,1.0
73121cbd-f18b-4409-b996-ccd7806a5f6e,3390.0,3390.0,0.0,3390.0,3390.0,0.0,0.0,0.0,1.0
73156885-c7e8-48ae-8fce-031f66672588,565.0,565.0,0.0,565.0,565.0,0.0,0.0,0.0,1.0
73199cb6-14c2-4e7a-bd50-b3dcf7a48ae2,435.0,435.0,0.0,435.0,435.0,0.0,0.0,0.0,1.0
731f77b6-79b3-4d9a-b55f-e833402eb0e9,3995.0,3995.0,0.0,3995.0,3995.0,0.0,0.0,0.0,1.0
732229a1-c74f-4de4-abb5-c10a014b66ba,5400.0,5400.0,0.0,5400.0,5400.0,0.0,0.0,0.0,1.0
7326722f-8535-45fc-bd83-7514894fef41,11900.0,11900.0,0.0,11900.0,11900.0,0.0,0.0,0.0,1.0
732f567a-c0c5-4b5e-ade3-f1c3729f58e1,2400.0,2400.0,0.0,2400.0,2400.0,0.0,0.0,0.0,1.0
733025b3-f62b-4fcc-920d-f9500aa51552,30500.0,30500.0,0.0,30500.0,30500.0,0.0,0.0,0.0,1.0
7331a254-ca04-465a-b33c-bbee3037a44a,1395.0,1395.0,0.0,1395.0,1395.0,0.0,0.0,0.0,1.0
733b60a4-04e3-498c-90d7-8c2dfe954775,2999.0,2999.0,0.0,2999.0,2999.0,0.0,0.0,0.0,1.0
7340ec1c-35ab-46b9-aafa-164791484253,1895.0,1895.0,0.0,1895.0,1895.0,0.0,0.0,0.0,1.0
73442076-fede-4230-9894-934c1d58bb4f,8500.0,8500.0,0.0,8500.0,8500.0,0.0,0.0,0.0,1.0
734a8290-10b5-4893-b21f-77241c7c38b8,1300.0,1300.0,0.0,1300.0,1300.0,0.0,0.0,0.0,1.0
734db216-10d9-4a73-ba92-37ad32e246ad,8995.0,8995.0,0.0,8995.0,8995.0,0.0,0.0,0.0,1.0
73598859-1244-40f3-a0c0-e6c9669a3130,860.0,860.0,0.0,860.0,860.0,0.0,0.0,0.0,1.0
735b0d27-e394-4079-a150-e470e1c3cc31,1795.0,1795.0,0.0,1795.0,1795.0,0.0,0.0,0.0,1.0
7364412e-9e1c-46a6-941b-2ed4d8eddbd6,1295.0,1295.0,0.0,1295.0,1295.0,0.0,0.0,0.0,1.0
73658098-def0-49e5-ab06-d95282e61442,3495.0,3495.0,0.0,3495.0,3495.0,0.0,0.0,0.0,1.0
736b79d6-e509-41f4-aaee-cde56f6285ac,4440.0,4440.0,0.0,4440.0,4440.0,0.0,0.0,0.0,1.0
736c286d-1010-42b5-8230-5d9bcdf04ee7,1995.0,1995.0,0.0,1995.0,1995.0,0.0,0.0,0.0,1.0
736c6949-cce1-40c9-9146-ca8821a1759d,1530.0,1530.0,0.0,1530.0,1530.0,0.0,0.0,0.0,1.0
73774e0e-a90f-4ae7-a770-6737866adf6c,7495.0,7495.0,0.0,7495.0,7495.0,0.0,0.0,0.0,1.0
738a1d61-e34f-4d0e-b1a4-42fb1a4b0dda,8900.0,8900.0,0.0,8900.0,8900.0,0.0,0.0,0.0,1.0
738df5d2-6e13-4010-9bcc-98bfb00ef45a,440.0,440.0,0.0,440.0,440.0,0.0,0.0,0.0,1.0
73a8e98e-655c-41b5-8cde-7b698725f4b1,7995.0,7995.0,0.0,7995.0,7995.0,0.0,0.0,0.0,1.0
73b33c72-93a5-4af2-a1a0-17702cb66459,15900.0,15900.0,0.0,15900.0,15900.0,0.0,0.0,0.0,1.0
73b3d4f2-9a9d-4ead-ab1a-c613f1ad1569,2550.0,2550.0,0.0,2550.0,2550.0,0.0,0.0,0.0,1.0
73b4a33f-d946-495e-9a64-5ac4cdc45075,21500.0,21500.0,0.0,21500.0,21500.0,0.0,0.0,0.0,1.0
73b4b9b2-8703-4e45-a985-3b768255f38b,3595.0,3595.0,0.0,3595.0,3595.0,0.0,0.0,0.0,1.0
73bc2b17-4b88-4df8-99dd-f7f79dedcf0a,935.0,935.0,0.0,935.0,935.0,0.0,0.0,0.0,1.0
73c5fa3d-6e8f-4605-a95e-12af4d098133,2230.0,2230.0,0.0,2230.0,2230.0,0.0,0.0,0.0,1.0
73cf75c3-b2f8-47ba-a0f0-4694a3d0d4af,8995.0,8995.0,0.0,8995.0,8995.0,0.0,0.0,0.0,1.0
73d40ae8-7809-4688-a620-8f8441a80c95,1595.0,1595.0,0.0,1595.0,1595.0,0.0,0.0,0.0,1.0
73d998e2-499f-4642-8617-48b88c4a1250,13900.0,13900.0,0.0,13900.0,13900.0,0.0,0.0,0.0,1.0
73dc92c5-38f9-412d-98ff-b8b6fa1e9f0e,745.0,745.0,0.0,745.0,745.0,0.0,0.0,0.0,1.0
73dd77b9-d406-48a9-a150-effbc546f677,6695.0,6695.0,0.0,6695.0,6695.0,0.0,0.0,0.0,1.0
73e082f2-d299-4737-b5f8-987771316d2f,795.0,795.0,0.0,795.0,795.0,0.0,0.0,0.0,1.0
73e3d4ac-416e-403f-b425-bf7bad76cc37,13900.0,13900.0,0.0,13900.0,13900.0,0.0,0.0,0.0,1.0
73e405da-ef4f-426c-8f81-36b62744c3bb,2100.0,2100.0,0.0,2100.0,2100.0,0.0,0.0,0.0,1.0
73eec0ba-3a5f-486e-afef-6b3bac9145b0,1495.0,1495.0,0.0,1495.0,1495.0,0.0,0.0,0.0,1.0
73f474be-20a2-4057-be34-c1ec30db1529,16900.0,16900.0,0.0,16900.0,16900.0,0.0,0.0,0.0,1.0
73f7a1b2-2557-4799-831c-5809c7a822fa,10900.0,10900.0,0.0,10900.0,10900.0,0.0,0.0,0.0,1.0
73fcc826-91ef-495d-b032-5505045a0407,2950.0,2950.0,0.0,2950.0,2950.0,0.0,0.0,0.0,1.0
73fdfcec-03ec-45f5-9b6d-b1ba82dacb7c,195.0,195.0,0.0,195.0,195.0,0.0,0.0,0.0,1.0
7403103b-df3e-4f79-8e91-a5e7d9cdfe37,4195.0,4195.0,0.0,4195.0,4195.0,0.0,0.0,0.0,1.0
74034d28-3bdf-439d-bc54-4c0421887ecf,8295.0,8295.0,0.0,8295.0,8295.0,0.0,0.0,0.0,1.0
7409670f-bc3b-45ba-9205-50ac4a1796e2,1850.0,1850.0,0.0,1850.0,1850.0,0.0,0.0,0.0,1.0
740af996-1c7b-4cf6-9168-065c7743b567,745.0,745.0,0.0,745.0,745.0,0.0,0.0,0.0,1.0
740d0c7e-2af9-4426-81c5-a6879d3582e4,800.0,800.0,0.0,800.0,800.0,0.0,0.0,0.0,1.0
7417b3b2-f6a5-44ec-8784-9cf4bb390975,4650.0,4650.0,0.0,4650.0,4650.0,0.0,0.0,0.0,1.0
741cf607-5f1b-48e0-bdc8-f364b2dcd2fc,745.0,745.0,0.0,745.0,745.0,0.0,0.0,0.0,1.0
7420cd78-4348-4830-a776-0ffb361c2af3,775.0,775.0,0.0,775.0,775.0,0.0,0.0,0.0,1.0
7424c4ce-3a1d-4c94-a271-71641dd64008,5350.0,5350.0,0.0,5350.0,5350.0,0.0,0.0,0.0,1.0
742fe236-c51c-47a3-af1d-028a37232511,15900.0,15900.0,0.0,15900.0,15900.0,0.0,0.0,0.0,1.0
7432e74a-718a-4ad7-9ada-2a1045fccc00,2230.0,2230.0,0.0,2230.0,2230.0,0.0,0.0,0.0,1.0
7433f627-d66a-47d7-a569-aaa2c3e56fef,1995.0,1995.0,0.0,1995.0,1995.0,0.0,0.0,0.0,1.0
74384b51-46f5-4a15-a28d-6d95a432fcb9,1245.0,1245.0,0.0,1245.0,1245.0,0.0,0.0,0.0,1.0
744b312e-3360-4d1a-bdee-224872270b88,44900.0,44900.0,0.0,44900.0,44900.0,0.0,0.0,0.0,1.0
7461416c-4e05-4d62-a00b-4b352834ca02,4495.0,4495.0,0.0,4495.0,4495.0,0.0,0.0,0.0,1.0
7465a566-fa5e-4873-ab2d-6b60306383e9,31900.0,31900.0,0.0,31900.0,31900.0,0.0,0.0,0.0,1.0
746f6e90-4f80-4206-8294-b913f1ff3598,7995.0,7995.0,0.0,7995.0,7995.0,0.0,0.0,0.0,1.0
7472635e-7aea-467c-b525-6c463f9838b0,9900.0,9900.0,0.0,9900.0,9900.0,0.0,0.0,0.0,1.0
74757ddb-3b47-4adb-a6f4-6e259e0eefbc,7495.0,7495.0,0.0,7495.0,7495.0,0.0,0.0,0.0,1.0
74795e4d-2ffa-4833-a779-4193a2a56c94,20900.0,20900.0,0.0,20900.0,20900.0,0.0,0.0,0.0,1.0
7486fd69-04e6-4c33-89c0-32d9d522b020,2900.0,2900.0,0.0,2900.0,2900.0,0.0,0.0,0.0,1.0
748aaef5-1f53-46f7-81b0-b5c786f9fc1b,1545.0,1545.0,0.0,1545.0,1545.0,0.0,0.0,0.0,1.0
748fc6cc-6a18-4938-b54b-eccfe2cf028c,345.0,345.0,0.0,345.0,345.0,0.0,0.0,0.0,1.0
749798b7-1546-4afd-a25c-7a1c6681567e,375.0,375.0,0.0,375.0,375.0,0.0,0.0,0.0,1.0
7498444e-2e49-4296-bfa3-fa252e438865,3120.0,3120.0,0.0,3120.0,3120.0,0.0,0.0,0.0,1.0
749a6d53-8228-44e7-82b7-72f3f595d289,11900.0,11900.0,0.0,11900.0,11900.0,0.0,0.0,0.0,1.0
749dc7b7-a476-4fa9-b3c1-92c3420fdcf1,395.0,395.0,0.0,395.0,395.0,0.0,0.0,0.0,1.0
74aa7aea-7a6a-4c7c-bf81-29d4b64fb0bf,23900.0,23900.0,0.0,23900.0,23900.0,0.0,0.0,0.0,1.0
74bfc439-b0a2-4abc-b0df-b31ad39f3deb,775.0,775.0,0.0,775.0,775.0,0.0,0.0,0.0,1.0
74c0f524-ee24-422c-8fe1-020045a605d9,645.0,645.0,0.0,645.0,645.0,0.0,0.0,0.0,1.0
74c45e72-0d81-4042-b22e-855e7b4262c9,5340.0,5340.0,0.0,5340.0,5340.0,0.0,0.0,0.0,1.0
74d030b4-91be-4bb1-a362-502a03a72098,2299.0,2299.0,0.0,2299.0,2299.0,0.0,0.0,0.0,1.0
74e008d0-7dd5-4820-aecc-58a903813780,10900.0,10900.0,0.0,10900.0,10900.0,0.0,0.0,0.0,1.0
74fdf518-43b0-41d6-abaa-17f906f44a2a,38900.0,38900.0,0.0,38900.0,38900.0,0.0,0.0,0.0,1.0
74ff8307-920a-455c-b157-b14a24815ef1,7995.0,7995.0,0.0,7995.0,7995.0,0.0,0.0,0.0,1.0
750c83fa-2d16-4306-9873-a8eb9c3529fd,1750.0,1750.0,0.0,1750.0,1750.0,0.0,0.0,0.0,1.0
75112aef-271d-4bd6-9c0f-be26c425d0e3,4195.0,4195.0,0.0,4195.0,4195.0,0.0,0.0,0.0,1.0
7514c13c-40a9-4975-b8bf-9226f173a361,6295.0,6295.0,0.0,6295.0,6295.0,0.0,0.0,0.0,1.0
7516c57c-e7dd-42c7-a029-36af2d032f18,4995.0,4995.0,0.0,4995.0,4995.0,0.0,0.0,0.0,1.0
75171436-00a8-4a75-91d4-63422165006d,19500.0,19500.0,0.0,19500.0,19500.0,0.0,0.0,0.0,1.0
751dbb6a-ff26-4d7b-8dfd-e06470d6a6c3,770.0,770.0,0.0,770.0,770.0,0.0,0.0,0.0,1.0
7525b6e8-3993-45ee-b712-b3beddecd00e,1995.0,1995.0,0.0,1995.0,1995.0,0.0,0.0,0.0,1.0
75274437-19c9-4380-8c22-75ce8af38095,12900.0,12900.0,0.0,12900.0,12900.0,0.0,0.0,0.0,1.0
752c4c0a-aa1e-4644-a966-cc23c60e3d6b,1245.0,1245.0,0.0,1245.0,1245.0,0.0,0.0,0.0,1.0
7532bfae-5e5e-48f7-99ef-6326eff55630,2490.0,2490.0,0.0,2490.0,2490.0,0.0,0.0,0.0,1.0
75353c2a-5459-4abb-9959-f4e3629808da,40.0,40.0,0.0,40.0,40.0,0.0,0.0,0.0,1.0
7541e0c5-96b7-4109-919b-888d0713ebb1,100.0,100.0,0.0,100.0,100.0,0.0,0.0,0.0,1.0
75453ca4-b579-4803-a854-bb55636ee8ee,24900.0,24900.0,0.0,24900.0,24900.0,0.0,0.0,0.0,1.0
75513b36-e3cf-4946-adb0-f277221d1ac9,1700.0,1700.0,0.0,1700.0,1700.0,0.0,0.0,0.0,1.0
755deef4-fc8e-4366-be37-a0ef745f3725,595.0,595.0,0.0,595.0,595.0,0.0,0.0,0.0,1.0
755e1d29-64c9-471c-a698-52d1f559f622,4995.0,4995.0,0.0,4995.0,4995.0,0.0,0.0,0.0,1.0
755f0673-cbd9-4fa4-a243-db86f9ed3bf3,1795.0,1795.0,0.0,1795.0,1795.0,0.0,0.0,0.0,1.0
75617b76-e355-4aac-b4d3-7a8f1c91a66d,13900.0,13900.0,0.0,13900.0,13900.0,0.0,0.0,0.0,1.0
756708aa-43e1-4bd4-8d09-539c1c890495,675.0,675.0,0.0,675.0,675.0,0.0,0.0,0.0,1.0
756708ec-2fa9-421e-bf80-685d57b25bdd,1850.0,1850.0,0.0,1850.0,1850.0,0.0,0.0,0.0,1.0
7567ef33-5ac8-4650-82fc-1a6e7bacc5f9,14900.0,14900.0,0.0,14900.0,14900.0,0.0,0.0,0.0,1.0
75752a34-8449-4d56-b850-e8fccb72da65,44900.0,44900.0,0.0,44900.0,44900.0,0.0,0.0,0.0,1.0
75755f8f-9c17-40b3-ad46-f9df0521ae09,5295.0,5295.0,0.0,5295.0,5295.0,0.0,0.0,0.0,1.0
757ba976-f5f7-4a8f-9907-d09d347dbe47,6100.0,6100.0,0.0,6100.0,6100.0,0.0,0.0,0.0,1.0
758fb746-cbd4-4f53-8518-f296be8aefb3,39900.0,39900.0,0.0,39900.0,39900.0,0.0,0.0,0.0,1.0
759080db-8c42-423c-8e43-1fae3c1580f6,5995.0,5995.0,0.0,5995.0,5995.0,0.0,0.0,0.0,1.0
759b08fa-29cc-419e-adb4-a43099760966,16500.0,16500.0,0.0,16500.0,16500.0,0.0,0.0,0.0,1.0
75a39554-76ca-4990-aaee-a2883fbbf128,1995.0,1995.0,0.0,1995.0,1995.0,0.0,0.0,0.0,1.0
75acd200-9a99-45c7-840e-d8020e1b4b14,4900.0,4900.0,0.0,4900.0,4900.0,0.0,0.0,0.0,1.0
75adcebc-d5be-4d98-83be-506393f6ce9c,1650.0,1650.0,0.0,1650.0,1650.0,0.0,0.0,0.0,1.0
75b49422-3180-4fa9-85d9-a3d8d1325779,14900.0,14900.0,0.0,14900.0,14900.0,0.0,0.0,0.0,1.0
75bc7d51-fbc0-4b78-b7df-51a27026b56a,7900.0,7900.0,0.0,7900.0,7900.0,0.0,0.0,0.0,1.0
75bf3c80-f8d0-48a0-afbe-b0bbb7b373c0,1395.0,1395.0,0.0,1395.0,1395.0,0.0,0.0,0.0,1.0
75c0b530-e436-4f15-92ce-e0b0b4b36d25,11900.0,11900.0,0.0,11900.0,11900.0,0.0,0.0,0.0,1.0
75c69bff-65b1-4d76-a039-5812b84ed95a,12900.0,12900.0,0.0,12900.0,12900.0,0.0,0.0,0.0,1.0
75c996c1-5165-470f-8de7-1161f13a5dff,17900.0,17900.0,0.0,17900.0,17900.0,0.0,0.0,0.0,1.0
75d1afe7-af8a-4406-b2f4-3b2335dc6d42,2445.0,2445.0,0.0,2445.0,2445.0,0.0,0.0,0.0,1.0
75d65d05-9da5-4bd1-8a21-6a78b11559e4,18900.0,18900.0,0.0,18900.0,18900.0,0.0,0.0,0.0,1.0
75daea1d-938c-452b-aac5-1d8a75b619a5,1650.0,1650.0,0.0,1650.0,1650.0,0.0,0.0,0.0,1.0
75def6fa-8e0d-4d95-8e0b-3c7b45db7360,145.0,145.0,0.0,145.0,145.0,0.0,0.0,0.0,1.0
75e242c5-b1ff-4252-821e-7e0f2b202722,5670.0,5670.0,0.0,5670.0,5670.0,0.0,0.0,0.0,1.0
75e469ff-1f1b-475c-adcd-75b5e8e32e24,5595.0,5595.0,0.0,5595.0,5595.0,0.0,0.0,0.0,1.0
75e638c1-f3be-4b98-a8e1-50e8ffa5a85c,27900.0,27900.0,0.0,27900.0,27900.0,0.0,0.0,0.0,1.0
75ec6ed9-ae22-4dc7-90c0-9ac7f366610f,1499.0,1499.0,0.0,1499.0,1499.0,0.0,0.0,0.0,1.0
75efc034-c472-4afa-95a1-6da9b8555022,4295.0,4295.0,0.0,4295.0,4295.0,0.0,0.0,0.0,1.0
75efc38a-12a7-4650-bc08-fb4e7c76ea6b,4995.0,4995.0,0.0,4995.0,4995.0,0.0,0.0,0.0,1.0
75fb9294-2eea-492c-9f33-f2c22715d8f4,1195.0,1195.0,0.0,1195.0,1195.0,0.0,0.0,0.0,1.0
760c678d-02bf-4d5a-a32a-d64ec6b0b840,11900.0,11900.0,0.0,11900.0,11900.0,0.0,0.0,0.0,1.0
760d5863-595a-471f-ac7d-a6f816f176d5,1650.0,1650.0,0.0,1650.0,1650.0,0.0,0.0,0.0,1.0
76146a08-35fc-4247-bd8c-1af04ff9bcb9,296.0,296.0,0.0,296.0,296.0,0.0,0.0,0.0,1.0
761bc045-c265-47f5-a319-6fea0799caeb,1840.0,1840.0,0.0,1840.0,1840.0,0.0,0.0,0.0,1.0
762123bb-c6e0-458e-838c-6a4f9695112c,2570.0,2570.0,0.0,2570.0,2570.0,0.0,0.0,0.0,1.0
7624f540-9377-448f-81ab-49aa59a531f3,23900.0,23900.0,0.0,23900.0,23900.0,0.0,0.0,0.0,1.0
76309da0-e28e-4b50-add3-54cb57f8bb61,465.0,465.0,0.0,465.0,465.0,0.0,0.0,0.0,1.0
76331e11-5a05-49b0-9971-5d0e83cf2d7f,45.0,45.0,0.0,45.0,45.0,0.0,0.0,0.0,1.0
7650b2db-9e36-4c95-8293-736307dea789,1930.0,1930.0,0.0,1930.0,1930.0,0.0,0.0,0.0,1.0
76543101-ac61-4d14-a34b-cab3a2105fca,10900.0,10900.0,0.0,10900.0,10900.0,0.0,0.0,0.0,1.0
7654ca19-82f8-42a3-bbd1-459b7a39c7b4,100.0,100.0,0.0,100.0,100.0,0.0,0.0,0.0,1.0
765d0f91-8006-43f9-ad25-581ea44b1f8d,2845.0,2845.0,0.0,2845.0,2845.0,0.0,0.0,0.0,1.0
765e7a01-8bdb-4d69-9644-ca5480329278,265.0,265.0,0.0,265.0,265.0,0.0,0.0,0.0,1.0
7660682b-251b-43f6-9100-a8c2204df44c,895.0,895.0,0.0,895.0,895.0,0.0,0.0,0.0,1.0
766150ec-4236-45bf-ab11-85eb8e102d27,2900.0,2900.0,0.0,2900.0,2900.0,0.0,0.0,0.0,1.0
7668474a-7c2e-40bd-b110-287b3b2d9d2f,3995.0,3995.0,0.0,3995.0,3995.0,0.0,0.0,0.0,1.0
76709dd1-bfc8-4814-9763-4fac20fa691d,2995.0,2995.0,0.0,2995.0,2995.0,0.0,0.0,0.0,1.0
7673ce89-88df-4d76-8966-c581229c19f4,9900.0,9900.0,0.0,9900.0,9900.0,0.0,0.0,0.0,1.0
7685fcfd-5886-43e7-9150-7dca80cd7da6,18900.0,18900.0,0.0,18900.0,18900.0,0.0,0.0,0.0,1.0
7688c545-c07f-46cf-b1b5-4aa3d769500b,2995.0,2995.0,0.0,2995.0,2995.0,0.0,0.0,0.0,1.0
768fcad6-08d1-42c6-8647-d6756ed3a646,795.0,795.0,0.0,795.0,795.0,0.0,0.0,0.0,1.0
7692ae2c-2e53-4ef3-8069-1d33566353b6,795.0,795.0,0.0,795.0,795.0,0.0,0.0,0.0,1.0
769a65a3-62c0-4002-b982-51505315ce30,650.0,650.0,0.0,650.0,650.0,0.0,0.0,0.0,1.0
769abbe7-6e63-49f9-9afa-4fadaab83ca3,1395.0,1395.0,0.0,1395.0,1395.0,0.0,0.0,0.0,1.0
76a2466c-84aa-456d-9303-611172e5fc0d,11900.0,11900.0,0.0,11900.0,11900.0,0.0,0.0,0.0,1.0
76ab8e13-ec43-4f75-a94d-0fcdd38400b9,26900.0,26900.0,0.0,26900.0,26900.0,0.0,0.0,0.0,1.0
76ade1c6-96de-4c11-a396-6015f1d8dbe3,1845.0,1845.0,0.0,1845.0,1845.0,0.0,0.0,0.0,1.0
76bc2d7e-3ac0-44f0-8880-e5c8fcea7f9a,11900.0,11900.0,0.0,11900.0,11900.0,0.0,0.0,0.0,1.0
76bdc0e5-e386-4f3c-b7ce-aafa146f9345,1995.0,1995.0,0.0,1995.0,1995.0,0.0,0.0,0.0,1.0
76c18af4-3f33-470a-a3c7-8a20ec41dc74,1595.0,1595.0,0.0,1595.0,1595.0,0.0,0.0,0.0,1.0
76d024d3-5699-4c73-aaa2-503814371ff2,5900.0,5900.0,0.0,5900.0,5900.0,0.0,0.0,0.0,1.0
76e0133b-529a-4695-b904-2a5404ee1b60,12500.0,12500.0,0.0,12500.0,12500.0,0.0,0.0,0.0,1.0
76e05a18-6d53-4bc0-96f0-31bf85c879ca,29900.0,29900.0,0.0,29900.0,29900.0,0.0,0.0,0.0,1.0
76e222a2-e3a9-4951-b61d-3c0d043100a1,3800.0,3800.0,0.0,3800.0,3800.0,0.0,0.0,0.0,1.0
76edb46a-d0f1-4dfc-8572-d36b8d50201c,17900.0,17900.0,0.0,17900.0,17900.0,0.0,0.0,0.0,1.0
7704786c-327f-4170-b1a6-5a75b7f9d663,7495.0,7495.0,0.0,7495.0,7495.0,0.0,0.0,0.0,1.0
77083037-6934-4b52-81ee-d99c86a14a07,1795.0,1795.0,0.0,1795.0,1795.0,0.0,0.0,0.0,1.0
7713b9b5-0f9e-4026-8f32-7771aff9667a,7495.0,7495.0,0.0,7495.0,7495.0,0.0,0.0,0.0,1.0
77141c69-f0c8-4a34-b4b9-8086d7119784,5495.0,5495.0,0.0,5495.0,5495.0,0.0,0.0,0.0,1.0
77157ccc-2505-4ff8-a045-ab7065d7d2b4,525.0,525.0,0.0,525.0,525.0,0.0,0.0,0.0,1.0
771e4dca-df3d-463c-a494-a743f05c3523,6495.0,6495.0,0.0,6495.0,6495.0,0.0,0.0,0.0,1.0
77298b19-55e4-4968-8c68-d6d72379c4c6,9100.0,9100.0,0.0,9100.0,9100.0,0.0,0.0,0.0,1.0
772dffcd-c5d0-4e78-a016-fb2945547e10,5495.0,5495.0,0.0,5495.0,5495.0,0.0,0.0,0.0,1.0
773d3023-e9c7-46ac-b5b8-ffc81bf03cd2,11980.0,11980.0,0.0,11980.0,11980.0,0.0,0.0,0.0,1.0
774604ea-d49d-4f46-9edc-22355fa99b13,4495.0,4495.0,0.0,4495.0,4495.0,0.0,0.0,0.0,1.0
77480049-994b-47e1-bb35-acd0e022e432,65.0,65.0,0.0,65.0,65.0,0.0,0.0,0.0,1.0
77558cfa-9e55-48fb-8569-7f817dbb5fc3,365.0,365.0,0.0,365.0,365.0,0.0,0.0,0.0,1.0
776e5c6c-cd36-4bf7-889c-f8e197a58a68,845.0,845.0,0.0,845.0,845.0,0.0,0.0,0.0,1.0
777a7b39-bc5f-432a-a303-fdeb6f31bea6,37900.0,37900.0,0.0,37900.0,37900.0,0.0,0.0,0.0,1.0
777c0c06-b63d-4876-bf15-d08d2b6b55bc,28900.0,28900.0,0.0,28900.0,28900.0,0.0,0.0,0.0,1.0
777c78e5-4bc1-45f3-8fe3-23a8a2ef65d9,7900.0,7900.0,0.0,7900.0,7900.0,0.0,0.0,0.0,1.0
777e0b3e-e479-4fae-b588-1636cb3d3ab2,945.0,945.0,0.0,945.0,945.0,0.0,0.0,0.0,1.0
77802ab8-d4ca-476e-a184-eb5cacb45110,5995.0,5995.0,0.0,5995.0,5995.0,0.0,0.0,0.0,1.0
7781c53a-eb37-49be-a9cc-60984620be54,1795.0,1795.0,0.0,1795.0,1795.0,0.0,0.0,0.0,1.0
7782c0dc-9b51-425e-aab4-c9514ceeffbc,1095.0,1095.0,0.0,1095.0,1095.0,0.0,0.0,0.0,1.0
7783856d-c1e4-4dfb-aed6-d48665ee1a6c,12900.0,12900.0,0.0,12900.0,12900.0,0.0,0.0,0.0,1.0
77857b13-0257-4aa9-bc34-ec39fe02077e,19500.0,19500.0,0.0,19500.0,19500.0,0.0,0.0,0.0,1.0
77872393-b74c-430e-b5a4-3ea11d75f661,22900.0,22900.0,0.0,22900.0,22900.0,0.0,0.0,0.0,1.0
77892ff3-6f23-424d-bdb4-d484a03ee733,51900.0,51900.0,0.0,51900.0,51900.0,0.0,0.0,0.0,1.0
778ec758-e702-4967-ab67-4607ee13fb36,3995.0,3995.0,0.0,3995.0,3995.0,0.0,0.0,0.0,1.0
779f8976-8085-426d-a1ee-ac8df2b9cc6f,4495.0,4495.0,0.0,4495.0,4495.0,0.0,0.0,0.0,1.0
77a87a65-998b-4e55-a22c-45ef3c1e932f,1695.0,1695.0,0.0,1695.0,1695.0,0.0,0.0,0.0,1.0
77b246e4-0044-4114-be91-8d0df15ec1fd,690.0,690.0,0.0,690.0,690.0,0.0,0.0,0.0,1.0
77b795f4-d820-4653-bcb0-2bb71ab0c411,11500.0,11500.0,0.0,11500.0,11500.0,0.0,0.0,0.0,1.0
77c4f23f-28f4-4cf6-8122-eb3fa3831bde,395.0,395.0,0.0,395.0,395.0,0.0,0.0,0.0,1.0
77cbae98-46b2-4a38-8f57-503c1d3e7e92,28900.0,28900.0,0.0,28900.0,28900.0,0.0,0.0,0.0,1.0
77cd460b-2885-4336-a08f-ed7ffc4305db,1075.0,1075.0,0.0,1075.0,1075.0,0.0,0.0,0.0,1.0
77d349f3-6609-4598-b671-3729d81a0f4c,24900.0,24900.0,0.0,24900.0,24900.0,0.0,0.0,0.0,1.0
77d494b8-62bc-41ea-b4fb-6bd73cd0d350,5490.0,5490.0,0.0,5490.0,5490.0,0.0,0.0,0.0,1.0
77db9af1-cc44-4865-b087-35ef3b7c5481,1595.0,1595.0,0.0,1595.0,1595.0,0.0,0.0,0.0,1.0
77de0bd6-3743-435d-9bb6-f197c8b2a182,4950.0,4950.0,0.0,4950.0,4950.0,0.0,0.0,0.0,1.0
77de9c73-3d44-4583-a10b-27d1cd5bb99f,255.0,255.0,0.0,255.0,255.0,0.0,0.0,0.0,1.0
77dfaab9-97e1-4ec5-b9b3-b12273dc71f8,1950.0,1950.0,0.0,1950.0,1950.0,0.0,0.0,0.0,1.0
77e54929-28a0-4543-8eec-0aae970f09af,3110.0,3110.0,0.0,3110.0,3110.0,0.0,0.0,0.0,1.0
77e7891b-42f1-4bcd-88bd-c4a37e1e82b7,1095.0,1095.0,0.0,1095.0,1095.0,0.0,0.0,0.0,1.0
77e86af2-1df8-430e-bd40-81f7eea8cbfa,795.0,795.0,0.0,795.0,795.0,0.0,0.0,0.0,1.0
77e8ced0-ffff-442f-81c7-24ecc1552c9b,4300.0,4300.0,0.0,4300.0,4300.0,0.0,0.0,0.0,1.0
77ec6e7b-7508-48c7-9443-851fe3b2b98e,1650.0,1650.0,0.0,1650.0,1650.0,0.0,0.0,0.0,1.0
77f58b49-b122-4ea2-b1bc-0de432f6ccbf,4495.0,4495.0,0.0,4495.0,4495.0,0.0,0.0,0.0,1.0
77fae2ce-ef49-4f46-b7b1-7640a8e1d2c1,11900.0,11900.0,0.0,11900.0,11900.0,0.0,0.0,0.0,1.0
77fbed9c-7afa-479e-8606-e8d9dfde0023,1300.0,1300.0,0.0,1300.0,1300.0,0.0,0.0,0.0,1.0
781640d1-e482-4383-ba21-2379f26f1783,75.0,75.0,0.0,75.0,75.0,0.0,0.0,0.0,1.0
7821ccb0-69aa-4af2-8355-1da708b5c759,7900.0,7900.0,0.0,7900.0,7900.0,0.0,0.0,0.0,1.0
7823937c-362c-4d6c-a283-065e2a6dab31,845.0,845.0,0.0,845.0,845.0,0.0,0.0,0.0,1.0
78263090-da8a-4537-802e-05a8f874c776,27900.0,27900.0,0.0,27900.0,27900.0,0.0,0.0,0.0,1.0
782d182c-faac-44dd-8399-384be4f8d457,280.0,280.0,0.0,280.0,280.0,0.0,0.0,0.0,1.0
782f9548-59d9-40e7-8ccf-b75103b310f6,2595.0,2595.0,0.0,2595.0,2595.0,0.0,0.0,0.0,1.0
7830ad8f-c11e-4ca0-9938-20d11beadda5,1495.0,1495.0,0.0,1495.0,1495.0,0.0,0.0,0.0,1.0
7842dc66-d0c7-478f-a300-87c3a45a2625,10500.0,10500.0,0.0,10500.0,10500.0,0.0,0.0,0.0,1.0
7858fff4-e3f3-4df1-8544-97835030a78d,2995.0,2995.0,0.0,2995.0,2995.0,0.0,0.0,0.0,1.0
786bc481-5478-42e4-9e09-03186a97c426,695.0,695.0,0.0,695.0,695.0,0.0,0.0,0.0,1.0
78705d72-8642-444f-a2a5-10779a2b1081,2295.0,2295.0,0.0,2295.0,2295.0,0.0,0.0,0.0,1.0
7872c550-715c-4716-82c5-47b243b088f0,4695.0,4695.0,0.0,4695.0,4695.0,0.0,0.0,0.0,1.0
787d25b1-166b-404c-be6d-93670f057262,3800.0,3800.0,0.0,3800.0,3800.0,0.0,0.0,0.0,1.0
788f8b92-1665-4656-a33c-00dc46803db3,3995.0,3995.0,0.0,3995.0,3995.0,0.0,0.0,0.0,1.0
7893c0d3-9783-477d-b034-d88b36fe3621,3895.0,3895.0,0.0,3895.0,3895.0,0.0,0.0,0.0,1.0
78980ded-5449-43c9-84e3-36488b692c3e,845.0,845.0,0.0,845.0,845.0,0.0,0.0,0.0,1.0
7898e6b7-2a21-4640-95f0-b4ad20cf74a2,4295.0,4295.0,0.0,4295.0,4295.0,0.0,0.0,0.0,1.0
789bc87b-de63-4469-bd5e-9479057aa739,11900.0,11900.0,0.0,11900.0,11900.0,0.0,0.0,0.0,1.0
789f328a-6c09-4b36-97cf-3d7dad263847,675.0,675.0,0.0,675.0,675.0,0.0,0.0,0.0,1.0
789f9872-0b73-4982-890e-edf7e2d37240,1599.0,1599.0,0.0,1599.0,1599.0,0.0,0.0,0.0,1.0
78a722ea-0230-48b5-a4e6-ac569ddfd382,435.0,435.0,0.0,435.0,435.0,0.0,0.0,0.0,1.0
78ad58b8-b14c-43ce-8ad4-1bbd7aafd8c6,2595.0,2595.0,0.0,2595.0,2595.0,0.0,0.0,0.0,1.0
78b092da-badd-42bf-a6a1-8addc81ce627,3800.0,3800.0,0.0,3800.0,3800.0,0.0,0.0,0.0,1.0
78b511ef-9c1f-49d2-8237-d19122a5ee18,7995.0,7995.0,0.0,7995.0,7995.0,0.0,0.0,0.0,1.0
78b5d9fb-3eca-4d9d-bd5a-ece7270cc0a4,18500.0,18500.0,0.0,18500.0,18500.0,0.0,0.0,0.0,1.0
78b6c72e-d74f-409b-9a34-6a2573215f79,1595.0,1595.0,0.0,1595.0,1595.0,0.0,0.0,0.0,1.0
78b8cba9-86be-42d6-91c9-aad821a2869f,470.0,470.0,0.0,470.0,470.0,0.0,0.0,0.0,1.0
78ba8c68-f101-4ecf-8a24-4aae8f646f69,2395.0,2395.0,0.0,2395.0,2395.0,0.0,0.0,0.0,1.0
78bf478d-789f-44ed-9b1b-9590112c4ba8,23900.0,23900.0,0.0,23900.0,23900.0,0.0,0.0,0.0,1.0
78c78fcf-7134-4d45-aa48-5e7de6e73cc9,8400.0,8400.0,0.0,8400.0,8400.0,0.0,0.0,0.0,1.0
78c89f35-2373-43bc-8140-9606530ee323,4000.0,4000.0,0.0,4000.0,4000.0,0.0,0.0,0.0,1.0
78d473a7-31ff-46df-8e88-b26518a0dc2f,2399.0,2399.0,0.0,2399.0,2399.0,0.0,0.0,0.0,1.0
78da9a97-c762-489c-b45e-d8c7326ce9ac,19900.0,19900.0,0.0,19900.0,19900.0,0.0,0.0,0.0,1.0
78db239c-ad4d-4aeb-9cbb-96eb24202524,1195.0,1195.0,0.0,1195.0,1195.0,0.0,0.0,0.0,1.0
78de44b6-50e6-481b-a480-648ee9536047,1195.0,1195.0,0.0,1195.0,1195.0,0.0,0.0,0.0,1.0
78e131ca-8240-43ac-a571-2049d6be4f4e,3595.0,3595.0,0.0,3595.0,3595.0,0.0,0.0,0.0,1.0
78e46f0a-f21f-4aa4-95f7-207e2258b729,1395.0,1395.0,0.0,1395.0,1395.0,0.0,0.0,0.0,1.0
78e8e9f6-b11a-40f4-af1e-c752de202b9b,1245.0,1245.0,0.0,1245.0,1245.0,0.0,0.0,0.0,1.0
78ed4d3e-c471-47d0-b2a6-d7d521ced5bd,1195.0,1195.0,0.0,1195.0,1195.0,0.0,0.0,0.0,1.0
78f4c136-2634-47f0-8631-19b9c7882693,1695.0,1695.0,0.0,1695.0,1695.0,0.0,0.0,0.0,1.0
78f52d0e-a52b-4bdc-a145-52ad7aaf47ec,265.0,265.0,0.0,265.0,265.0,0.0,0.0,0.0,1.0
78f86175-263b-4a4c-929e-8351acd21142,19900.0,19900.0,0.0,19900.0,19900.0,0.0,0.0,0.0,1.0
790692ce-72ae-4039-b4ca-c0e34224077e,3990.0,3990.0,0.0,3990.0,3990.0,0.0,0.0,0.0,1.0
7912b342-c953-489b-919e-2208c9cf86f5,5500.0,5500.0,0.0,5500.0,5500.0,0.0,0.0,0.0,1.0
791df690-0664-40e2-8102-58c31731dcbf,3249.0,3249.0,0.0,3249.0,3249.0,0.0,0.0,0.0,1.0
791e6532-d7bc-46cd-a79b-4bdb0b263fb8,1695.0,1695.0,0.0,1695.0,1695.0,0.0,0.0,0.0,1.0
793b7cbe-7822-4c48-90fc-68fbefbcfc80,2495.0,2495.0,0.0,2495.0,2495.0,0.0,0.0,0.0,1.0
7942fe3d-28ec-4708-a48c-c01aa2e91907,120.0,120.0,0.0,120.0,120.0,0.0,0.0,0.0,1.0
79435481-4ead-41c8-8180-691461d69817,195.0,195.0,0.0,195.0,195.0,0.0,0.0,0.0,1.0
79481913-1ff7-4083-ad63-f94102f3fb08,125.0,125.0,0.0,125.0,125.0,0.0,0.0,0.0,1.0
794f669d-db26-4cdd-8723-b35499994f46,8295.0,8295.0,0.0,8295.0,8295.0,0.0,0.0,0.0,1.0
79537340-f720-4211-b2fc-066a508deca2,3995.0,3995.0,0.0,3995.0,3995.0,0.0,0.0,0.0,1.0
7953d6b6-2a35-4a4d-8220-b034355846eb,525.0,525.0,0.0,525.0,525.0,0.0,0.0,0.0,1.0
795a6236-14f2-4e00-b7ee-1679204ea134,50.0,50.0,0.0,50.0,50.0,0.0,0.0,0.0,1.0
795cc4df-a093-4d6b-864f-c7f5a53f1f4d,16900.0,16900.0,0.0,16900.0,16900.0,0.0,0.0,0.0,1.0
795d678e-9d29-4464-8d7c-8e324ed17178,23900.0,23900.0,0.0,23900.0,23900.0,0.0,0.0,0.0,1.0
795e9fcd-6cbe-4e65-b747-932c72720c6b,5000.0,5000.0,0.0,5000.0,5000.0,0.0,0.0,0.0,1.0
795fca81-746c-4c07-aeb9-9647d2aa4293,4395.0,4395.0,0.0,4395.0,4395.0,0.0,0.0,0.0,1.0
7962f745-d542-4fe0-9e98-2081b5c3cda2,6980.0,6980.0,0.0,6980.0,6980.0,0.0,0.0,0.0,1.0
796f7c7b-7359-44d2-9c14-17d2614b7c65,21900.0,21900.0,0.0,21900.0,21900.0,0.0,0.0,0.0,1.0
796fe805-c505-40bb-83f9-be9035dd47f9,2395.0,2395.0,0.0,2395.0,2395.0,0.0,0.0,0.0,1.0
797744b6-8b2e-430b-aeed-9a83f5ae900c,525.0,525.0,0.0,525.0,525.0,0.0,0.0,0.0,1.0
7977f32d-ff85-4f1b-95c4-b99c715edba0,695.0,695.0,0.0,695.0,695.0,0.0,0.0,0.0,1.0
797a5b93-4b7b-4390-b0a9-13857845db2e,18900.0,18900.0,0.0,18900.0,18900.0,0.0,0.0,0.0,1.0
7984f3f6-324f-459e-a14e-7217e55b69a0,3495.0,3495.0,0.0,3495.0,3495.0,0.0,0.0,0.0,1.0
79866e49-6eee-4a5b-9188-8b42326db21d,13900.0,13900.0,0.0,13900.0,13900.0,0.0,0.0,0.0,1.0
798cbb4b-a4b4-4f92-a4e7-9b8a5fb44fd8,695.0,695.0,0.0,695.0,695.0,0.0,0.0,0.0,1.0
7991d8d6-08b0-496c-b5c5-917cb3e14651,11900.0,11900.0,0.0,11900.0,11900.0,0.0,0.0,0.0,1.0
7995f1c7-efdd-456f-855e-2f6988fbfb4b,945.0,945.0,0.0,945.0,945.0,0.0,0.0,0.0,1.0
7997da5a-3566-4c9c-b4ea-48e3ed4b5c80,55900.0,55900.0,0.0,55900.0,55900.0,0.0,0.0,0.0,1.0
7997ff4e-634f-4a52-8bf2-3c95f0a7fc20,26900.0,26900.0,0.0,26900.0,26900.0,0.0,0.0,0.0,1.0
79999b2e-9d8a-4054-84ed-ae1f0e6faec6,495.0,495.0,0.0,495.0,495.0,0.0,0.0,0.0,1.0
79a2c25b-08af-4022-b8b4-d938410d2e02,1995.0,1995.0,0.0,1995.0,1995.0,0.0,0.0,0.0,1.0
79ac75de-1c1e-4b89-888b-fae0e8d68a86,6495.0,6495.0,0.0,6495.0,6495.0,0.0,0.0,0.0,1.0
79b68c30-44f9-4cf4-a312-63ad477dbb69,695.0,695.0,0.0,695.0,695.0,0.0,0.0,0.0,1.0
79c0913a-285b-43a6-81d3-adae58dbb132,1245.0,1245.0,0.0,1245.0,1245.0,0.0,0.0,0.0,1.0
79c4cd52-bc9c-4555-89d5-4f07e6de2ec6,120.0,120.0,0.0,120.0,120.0,0.0,0.0,0.0,1.0
79c78481-ae31-4ec7-98df-6dca547a5459,14900.0,14900.0,0.0,14900.0,14900.0,0.0,0.0,0.0,1.0
79cbf064-f1dc-4a20-85cf-86b662fa66e8,4995.0,4995.0,0.0,4995.0,4995.0,0.0,0.0,0.0,1.0
79d52529-c6b1-4fff-a19e-ad425e31e5ef,445.0,445.0,0.0,445.0,445.0,0.0,0.0,0.0,1.0
79d79eb0-e8a2-4447-bf19-3273a2b553d0,16900.0,16900.0,0.0,16900.0,16900.0,0.0,0.0,0.0,1.0
79e3775c-94fa-4a2c-8e25-e92e869e2cf2,105.0,105.0,0.0,105.0,105.0,0.0,0.0,0.0,1.0
79e54ecc-96b8-47ac-837b-c6ec254711b0,22900.0,22900.0,0.0,22900.0,22900.0,0.0,0.0,0.0,1.0
79f1d940-8f9d-4f3d-ad61-41dd82526a9c,345.0,345.0,0.0,345.0,345.0,0.0,0.0,0.0,1.0
79fafbff-9f18-467e-8c7a-722587547e12,12900.0,12900.0,0.0,12900.0,12900.0,0.0,0.0,0.0,1.0
79fc5e47-75eb-45dc-82bd-59cea795a492,2100.0,2100.0,0.0,2100.0,2100.0,0.0,0.0,0.0,1.0
79fe1c6c-7dfe-4b06-847a-cbc46e00fcca,1650.0,1650.0,0.0,1650.0,1650.0,0.0,0.0,0.0,1.0
7a030487-bd72-4bdb-85b3-5cd7589fcd0c,465.0,465.0,0.0,465.0,465.0,0.0,0.0,0.0,1.0
7a17f68a-a26d-4a96-b94c-3ab5df78c253,7995.0,7995.0,0.0,7995.0,7995.0,0.0,0.0,0.0,1.0
7a1b73bc-a50e-4bcb-9f6e-8ea17f1bf861,12900.0,12900.0,0.0,12900.0,12900.0,0.0,0.0,0.0,1.0
7a1c809f-67f7-4d6f-9c9d-cfd835890042,16900.0,16900.0,0.0,16900.0,16900.0,0.0,0.0,0.0,1.0
7a2b4610-caa0-4a48-a9ea-478d3c6dc898,1999.0,1999.0,0.0,1999.0,1999.0,0.0,0.0,0.0,1.0
7a42be8c-5047-4f06-bd78-d4f740e026b2,850.0,850.0,0.0,850.0,850.0,0.0,0.0,0.0,1.0
7a44572c-23bd-484c-b2b3-2bcb01a3ede1,1195.0,1195.0,0.0,1195.0,1195.0,0.0,0.0,0.0,1.0
7a53683d-9ade-4072-a076-36c13f5212fe,1195.0,1195.0,0.0,1195.0,1195.0,0.0,0.0,0.0,1.0
7a549eca-683f-4308-a317-9e6542c903c8,3995.0,3995.0,0.0,3995.0,3995.0,0.0,0.0,0.0,1.0
7a5d8cff-978e-43d4-8eb7-399b66a3e808,775.0,775.0,0.0,775.0,775.0,0.0,0.0,0.0,1.0
7a7aa2bf-4dcf-4b88-b8b2-143d9156c6e9,1145.0,1145.0,0.0,1145.0,1145.0,0.0,0.0,0.0,1.0
7a7be6f6-945c-4b9d-a36a-338389c4ee6c,395.0,395.0,0.0,395.0,395.0,0.0,0.0,0.0,1.0
7a7f0b8d-2a57-4ec5-845b-d220f4caafe4,11500.0,11500.0,0.0,11500.0,11500.0,0.0,0.0,0.0,1.0
7a8fb06b-0d51-4113-96cb-1474244de0f2,945.0,945.0,0.0,945.0,945.0,0.0,0.0,0.0,1.0
7a99544a-30c2-44d0-8b2d-009cf87f9b4d,13900.0,13900.0,0.0,13900.0,13900.0,0.0,0.0,0.0,1.0
7a99abee-5e6b-492a-ac93-3e322b66834b,3399.0,3399.0,0.0,3399.0,3399.0,0.0,0.0,0.0,1.0
7aa432ce-2cc1-4160-86de-a46a847305c7,4490.0,4490.0,0.0,4490.0,4490.0,0.0,0.0,0.0,1.0
7aa5584b-267d-43e5-8893-e6e902b0bbe3,4200.0,4200.0,0.0,4200.0,4200.0,0.0,0.0,0.0,1.0
7abc1e62-0e05-4015-a8d6-102c3500dbf0,2699.0,2699.0,0.0,2699.0,2699.0,0.0,0.0,0.0,1.0
7abcd8ac-6e8a-458c-be40-7d714b19a25b,565.0,565.0,0.0,565.0,565.0,0.0,0.0,0.0,1.0
7abd28b4-1357-471f-b167-93b3c61aaa3e,10900.0,10900.0,0.0,10900.0,10900.0,0.0,0.0,0.0,1.0
7abf2083-c420-48a1-b08b-eb4b4157c552,2600.0,2600.0,0.0,2600.0,2600.0,0.0,0.0,0.0,1.0
7ac0680c-ab07-43f8-966d-390b9e6672a6,2750.0,2750.0,0.0,2750.0,2750.0,0.0,0.0,0.0,1.0
7ac42d4b-d2bc-42bd-9e80-3b8fb41434f1,2450.0,2450.0,0.0,2450.0,2450.0,0.0,0.0,0.0,1.0
7ac55f0f-de8e-4982-9f84-17c2ec7c9d6d,8500.0,8500.0,0.0,8500.0,8500.0,0.0,0.0,0.0,1.0
7acef29a-c911-4653-8102-d4838cd1eff9,16900.0,16900.0,0.0,16900.0,16900.0,0.0,0.0,0.0,1.0
7ad094d9-f3d2-47d3-9319-45a3af5e521e,3260.0,3260.0,0.0,3260.0,3260.0,0.0,0.0,0.0,1.0
7ad13146-c38a-45c3-bc10-45b71fc3221a,2500.0,2500.0,0.0,2500.0,2500.0,0.0,0.0,0.0,1.0
7ad19e1b-67ce-4979-9e1f-c13048965af1,13200.0,13200.0,0.0,13200.0,13200.0,0.0,0.0,0.0,1.0
7adb83f6-06f1-45ad-827e-c8b2d9244783,9900.0,9900.0,0.0,9900.0,9900.0,0.0,0.0,0.0,1.0
7ae9ec32-ce71-4e65-b260-acc5a0d97707,695.0,695.0,0.0,695.0,695.0,0.0,0.0,0.0,1.0
7af5831c-f0d0-4ec3-8b98-0a9490a3a86b,1195.0,1195.0,0.0,1195.0,1195.0,0.0,0.0,0.0,1.0
7afcaea6-ad79-4f54-81ff-43e096a9a574,7995.0,7995.0,0.0,7995.0,7995.0,0.0,0.0,0.0,1.0
7aff664e-a345-4fd2-a08a-e2459956d352,6410.0,6410.0,0.0,6410.0,6410.0,0.0,0.0,0.0,1.0
7b129695-e159-4cf5-9684-3d5d11779fd2,26900.0,26900.0,0.0,26900.0,26900.0,0.0,0.0,0.0,1.0
7b177eb0-bbad-49ef-8e0f-f7d3b50f8a6a,245.0,245.0,0.0,245.0,245.0,0.0,0.0,0.0,1.0
7b2235ec-79db-4edf-bd4e-f2d5f04f7c1f,35900.0,35900.0,0.0,35900.0,35900.0,0.0,0.0,0.0,1.0
7b271485-2ac9-4ff0-bd69-2803980140a5,3210.0,3210.0,0.0,3210.0,3210.0,0.0,0.0,0.0,1.0
7b27af8e-2e5f-4560-89b9-34d574385ae9,5495.0,5495.0,0.0,5495.0,5495.0,0.0,0.0,0.0,1.0
7b29a5ee-eab8-40b6-8bbd-ad739cae8b04,3695.0,3695.0,0.0,3695.0,3695.0,0.0,0.0,0.0,1.0
7b2b45f4-6ef3-4a6e-b2a1-cde71f4f0abe,3800.0,3800.0,0.0,3800.0,3800.0,0.0,0.0,0.0,1.0
7b4543ae-2153-4bab-b66e-6885bc318705,1395.0,1395.0,0.0,1395.0,1395.0,0.0,0.0,0.0,1.0
7b46ed00-f24f-469a-8fd0-ff7a5311a550,1300.0,1300.0,0.0,1300.0,1300.0,0.0,0.0,0.0,1.0
7b471c6d-7e31-4eef-ad2c-2756442e1021,2095.0,2095.0,0.0,2095.0,2095.0,0.0,0.0,0.0,1.0
7b4c11d2-d20f-468b-b1bd-d291b3cbdbe0,6295.0,6295.0,0.0,6295.0,6295.0,0.0,0.0,0.0,1.0
7b58e1f8-fb2a-4d5f-8b32-de09e43feb5f,1920.0,1920.0,0.0,1920.0,1920.0,0.0,0.0,0.0,1.0
7b5dba31-b21d-451e-b1be-02a20ab5bb1b,11900.0,11900.0,0.0,11900.0,11900.0,0.0,0.0,0.0,1.0
7b66bdea-de16-40b4-93bb-cb62e9cb37a4,510.0,510.0,0.0,510.0,510.0,0.0,0.0,0.0,1.0
7b66ee48-a04d-49d0-84fa-8365b0087cec,3395.0,3395.0,0.0,3395.0,3395.0,0.0,0.0,0.0,1.0
7b973406-a960-48c0-a93c-8b3e97c5aea1,11500.0,11500.0,0.0,11500.0,11500.0,0.0,0.0,0.0,1.0
7b9d7aee-7549-4ab7-9024-63f564a6a039,29900.0,29900.0,0.0,29900.0,29900.0,0.0,0.0,0.0,1.0
7ba39963-2a6e-4f86-8283-53c024fff719,24900.0,24900.0,0.0,24900.0,24900.0,0.0,0.0,0.0,1.0
7ba7b4e6-6b83-4182-a6c5-5b6eeb49b6aa,4995.0,4995.0,0.0,4995.0,4995.0,0.0,0.0,0.0,1.0
7ba8d15a-b0af-403c-85a4-2f4e293f92a1,12500.0,12500.0,0.0,12500.0,12500.0,0.0,0.0,0.0,1.0
7ba93afc-03b2-49fe-8594-691ffe457573,2800.0,2800.0,0.0,2800.0,2800.0,0.0,0.0,0.0,1.0
7bb1dacc-dadf-4198-9924-4cbe02b9a51f,36900.0,36900.0,0.0,36900.0,36900.0,0.0,0.0,0.0,1.0
7bbee4d7-21f8-4b6e-b66e-2e72bded0c5e,13900.0,13900.0,0.0,13900.0,13900.0,0.0,0.0,0.0,1.0
7bbf0684-a455-4078-88db-4e31df89fdaa,2999.0,2999.0,0.0,2999.0,2999.0,0.0,0.0,0.0,1.0
7bc9a36f-97c4-4c5b-8e2e-3c2e1672f105,33900.0,33900.0,0.0,33900.0,33900.0,0.0,0.0,0.0,1.0
7bcc6ed5-44c0-4236-8a09-f655a549f111,1195.0,1195.0,0.0,1195.0,1195.0,0.0,0.0,0.0,1.0
7bccef60-84cc-47de-8a19-e8092aaa9a10,2395.0,2395.0,0.0,2395.0,2395.0,0.0,0.0,0.0,1.0
7bd0adc1-3682-4d32-a82e-c4932932c402,535.0,535.0,0.0,535.0,535.0,0.0,0.0,0.0,1.0
7bdce3dd-8f25-433d-8973-ce814dbfa031,6900.0,6900.0,0.0,6900.0,6900.0,0.0,0.0,0.0,1.0
7bde032c-0412-47da-9092-db98b9fe1aae,895.0,895.0,0.0,895.0,895.0,0.0,0.0,0.0,1.0
7be6f75a-3121-4a31-9415-aa49483496dd,14900.0,14900.0,0.0,14900.0,14900.0,0.0,0.0,0.0,1.0
7bebd9fa-3999-4373-8a50-15a257b103ef,1995.0,1995.0,0.0,1995.0,1995.0,0.0,0.0,0.0,1.0
7bf090ba-6b2e-48eb-965f-814426e21c27,3495.0,3495.0,0.0,3495.0,3495.0,0.0,0.0,0.0,1.0
7bfedc44-714e-437b-a270-85f7ca5bcaa1,3000.0,3000.0,0.0,3000.0,3000.0,0.0,0.0,0.0,1.0
7bff4aab-df36-4bfd-b17d-b6d350a29f6a,595.0,595.0,0.0,595.0,595.0,0.0,0.0,0.0,1.0
7c0143b9-b52c-440e-b8d1-eaab28a7daee,4380.0,4380.0,0.0,4380.0,4380.0,0.0,0.0,0.0,1.0
7c050922-2744-4ec7-af72-1d7303615fb9,2895.0,2895.0,0.0,2895.0,2895.0,0.0,0.0,0.0,1.0
7c08ce29-d7ad-47af-8267-3f1c4eb92208,3299.0,3299.0,0.0,3299.0,3299.0,0.0,0.0,0.0,1.0
7c0c3031-0e5b-4e4c-ac79-37616f9de078,1295.0,1295.0,0.0,1295.0,1295.0,0.0,0.0,0.0,1.0
7c0ce031-3f59-47bc-bcba-ebcc62257259,1300.0,1300.0,0.0,1300.0,1300.0,0.0,0.0,0.0,1.0
7c0dc8bd-cebe-4534-82f0-0acfbcbbcfed,9900.0,9900.0,0.0,9900.0,9900.0,0.0,0.0,0.0,1.0
7c164b94-b09e-4539-b461-3ce5e217ca75,495.0,495.0,0.0,495.0,495.0,0.0,0.0,0.0,1.0
7c20584a-3fef-4328-9e2c-f3e2ef85abf9,17900.0,17900.0,0.0,17900.0,17900.0,0.0,0.0,0.0,1.0
7c21d632-a263-4344-a630-01cd0f3aad3e,7900.0,7900.0,0.0,7900.0,7900.0,0.0,0.0,0.0,1.0
7c2c2d97-323e-470d-8387-23004c4664a5,8995.0,8995.0,0.0,8995.0,8995.0,0.0,0.0,0.0,1.0
7c302d0d-87cf-4666-bb3c-d2841218fe34,100.0,100.0,0.0,100.0,100.0,0.0,0.0,0.0,1.0
7c39da75-59f2-406d-9855-efb498ced0d3,650.0,650.0,0.0,650.0,650.0,0.0,0.0,0.0,1.0
7c39f884-39e4-4c66-9213-f0d7d7becf23,2095.0,2095.0,0.0,2095.0,2095.0,0.0,0.0,0.0,1.0
7c3b0166-b8b6-4197-aaad-faf00d6e3ea4,145.0,145.0,0.0,145.0,145.0,0.0,0.0,0.0,1.0
7c59cfaf-0100-49cf-b2af-2a3bac5e6360,1295.0,1295.0,0.0,1295.0,1295.0,0.0,0.0,0.0,1.0
7c5dfb4e-de60-494d-b91e-b48a8cf651ad,70.0,70.0,0.0,70.0,70.0,0.0,0.0,0.0,1.0
7c64f4a8-f92b-4d27-b031-ec9d907a4fa1,39900.0,39900.0,0.0,39900.0,39900.0,0.0,0.0,0.0,1.0
7c6d64c8-cacf-4039-a16e-7bd141e00a4c,19900.0,19900.0,0.0,19900.0,19900.0,0.0,0.0,0.0,1.0
7c7cd845-b643-4ae1-8104-100ba2e3f339,2550.0,2550.0,0.0,2550.0,2550.0,0.0,0.0,0.0,1.0
7c7cec9a-97dc-49f3-940a-bfe3f507f2c9,6490.0,6490.0,0.0,6490.0,6490.0,0.0,0.0,0.0,1.0
7c80a847-2473-4c01-b4a1-aea01c6d983f,2895.0,2895.0,0.0,2895.0,2895.0,0.0,0.0,0.0,1.0
7c8a8655-e656-4b5d-80f0-0e47b4ab1a3b,6900.0,6900.0,0.0,6900.0,6900.0,0.0,0.0,0.0,1.0
7c900b4f-a26a-4c41-9ddc-ff62d859a268,1095.0,1095.0,0.0,1095.0,1095.0,0.0,0.0,0.0,1.0
7ca05556-e53f-49a6-880e-95f5827dc8a7,3690.0,3690.0,0.0,3690.0,3690.0,0.0,0.0,0.0,1.0
7ca23baf-bad5-471d-8ced-4424c31934aa,1995.0,1995.0,0.0,1995.0,1995.0,0.0,0.0,0.0,1.0
7cab2940-9243-40fc-8d4b-f93d7bb364f4,9900.0,9900.0,0.0,9900.0,9900.0,0.0,0.0,0.0,1.0
7cb27412-d91d-40f2-a583-3d954f46a1f0,12500.0,12500.0,0.0,12500.0,12500.0,0.0,0.0,0.0,1.0
7cb40e9e-57d8-439b-b035-a2b76ac27855,2195.0,2195.0,0.0,2195.0,2195.0,0.0,0.0,0.0,1.0
7cb5b633-b776-402d-8f72-fa669faefe0d,110.0,110.0,0.0,110.0,110.0,0.0,0.0,0.0,1.0
7cb71fde-934a-47f1-898c-480e27b34590,18900.0,18900.0,0.0,18900.0,18900.0,0.0,0.0,0.0,1.0
7cb82dac-1035-4ec7-8f5a-84d7b82fb820,4795.0,4795.0,0.0,4795.0,4795.0,0.0,0.0,0.0,1.0
7cb96050-12c8-43e9-b1e0-5d3cdeeeaf16,1395.0,1395.0,0.0,1395.0,1395.0,0.0,0.0,0.0,1.0
7cb9c242-56ea-4c0e-992d-ae617228ad57,895.0,895.0,0.0,895.0,895.0,0.0,0.0,0.0,1.0
7ccadf6b-a288-4530-bf68-0bd8d193c746,6995.0,6995.0,0.0,6995.0,6995.0,0.0,0.0,0.0,1.0
7ccb248d-5272-49d2-a4bb-1bb8edd27dbd,2600.0,2600.0,0.0,2600.0,2600.0,0.0,0.0,0.0,1.0
7cd02cfd-4b65-4b04-90de-37ee60c6f7c6,3740.0,3740.0,0.0,3740.0,3740.0,0.0,0.0,0.0,1.0
7cd0fa08-1d01-4eb5-88c2-dbc2bd6ea6f7,10900.0,10900.0,0.0,10900.0,10900.0,0.0,0.0,0.0,1.0
7cd3abbb-18d4-4211-a7fa-3465e3211e74,32900.0,32900.0,0.0,32900.0,32900.0,0.0,0.0,0.0,1.0
7cd59e0e-8089-4320-bc8b-2907fa54766c,3250.0,3250.0,0.0,3250.0,3250.0,0.0,0.0,0.0,1.0
7cdd5bdc-af76-476b-a350-c1a8eca1ac9a,3995.0,3995.0,0.0,3995.0,3995.0,0.0,0.0,0.0,1.0
7ce8245e-c307-453b-b091-0840ddd9a673,1395.0,1395.0,0.0,1395.0,1395.0,0.0,0.0,0.0,1.0
7cea438b-c6a3-4671-abb3-d3b9f35b457e,4295.0,4295.0,0.0,4295.0,4295.0,0.0,0.0,0.0,1.0
7ced8096-7855-416e-9594-5df0843829b7,13900.0,13900.0,0.0,13900.0,13900.0,0.0,0.0,0.0,1.0
7cf893d0-62c3-44ce-b94f-965f4c2d8d0e,2450.0,2450.0,0.0,2450.0,2450.0,0.0,0.0,0.0,1.0
7cfb767f-8013-4b47-aaac-7f0da03ea9bf,5995.0,5995.0,0.0,5995.0,5995.0,0.0,0.0,0.0,1.0
7cfbe312-950a-406a-aee3-6910ae58bb80,4600.0,4600.0,0.0,4600.0,4600.0,0.0,0.0,0.0,1.0
7d0a9f8c-40fa-41e5-b6c6-6b8b3899693c,645.0,645.0,0.0,645.0,645.0,0.0,0.0,0.0,1.0
7d0d0460-ae8c-43a9-b596-0383a838e969,10900.0,10900.0,0.0,10900.0,10900.0,0.0,0.0,0.0,1.0
7d1ab32c-be82-498a-befe-45e8b66c8388,8500.0,8500.0,0.0,8500.0,8500.0,0.0,0.0,0.0,1.0
7d200adf-d8e7-4e79-9aa5-e3ec1cfeec29,4695.0,4695.0,0.0,4695.0,4695.0,0.0,0.0,0.0,1.0
7d243520-7ad2-43b7-b6ce-bb285a8c3444,14900.0,14900.0,0.0,14900.0,14900.0,0.0,0.0,0.0,1.0
7d34d6b5-d49d-4740-80d3-9482fb1b6d08,220.0,220.0,0.0,220.0,220.0,0.0,0.0,0.0,1.0
7d3584eb-ba53-4ae6-ba16-358d546ca068,650.0,650.0,0.0,650.0,650.0,0.0,0.0,0.0,1.0
7d4867af-fbce-4cb8-8722-f6eccda50e6f,1595.0,1595.0,0.0,1595.0,1595.0,0.0,0.0,0.0,1.0
7d489664-05c1-4baa-a566-1211c22ec4d1,1650.0,1650.0,0.0,1650.0,1650.0,0.0,0.0,0.0,1.0
7d49ba7e-ddfe-468a-9e79-95a4da6d9b4b,1995.0,1995.0,0.0,1995.0,1995.0,0.0,0.0,0.0,1.0
7d4a3e82-5175-4fde-9f61-4f1ee9474cab,4500.0,4500.0,0.0,4500.0,4500.0,0.0,0.0,0.0,1.0
7d4d0807-15a1-4afb-ab00-2d88ef533c94,1195.0,1195.0,0.0,1195.0,1195.0,0.0,0.0,0.0,1.0
7d5633cf-c9cc-4eba-a42f-987e1746a5e2,5995.0,5995.0,0.0,5995.0,5995.0,0.0,0.0,0.0,1.0
7d5edf19-5f16-4b2d-ac1b-29ac7cc49e38,1650.0,1650.0,0.0,1650.0,1650.0,0.0,0.0,0.0,1.0
7d629454-898e-4086-bf4e-ee39fa44ed2e,1195.0,1195.0,0.0,1195.0,1195.0,0.0,0.0,0.0,1.0
7d6c18bd-343f-4b96-8b12-d5a387f077f1,26900.0,26900.0,0.0,26900.0,26900.0,0.0,0.0,0.0,1.0
7d6cfabf-a13f-47aa-aaf6-3bcf0112f0cd,2495.0,2495.0,0.0,2495.0,2495.0,0.0,0.0,0.0,1.0
7d6dbed7-8292-4aea-90b0-31580b09f213,1895.0,1895.0,0.0,1895.0,1895.0,0.0,0.0,0.0,1.0
7d6f7cc6-2d10-4ab9-889a-053f49bb720f,1395.0,1395.0,0.0,1395.0,1395.0,0.0,0.0,0.0,1.0
7d777736-5e89-4a4e-88b3-726166e7bd03,3995.0,3995.0,0.0,3995.0,3995.0,0.0,0.0,0.0,1.0
7d7837fa-04fd-4c1c-abe7-3c246ff24e22,39900.0,39900.0,0.0,39900.0,39900.0,0.0,0.0,0.0,1.0
7d7f594f-28ed-4fc8-a1e2-21e91c65c046,2200.0,2200.0,0.0,2200.0,2200.0,0.0,0.0,0.0,1.0
7d7fc8bc-2444-4e94-9781-43c9efa9a99f,17900.0,17900.0,0.0,17900.0,17900.0,0.0,0.0,0.0,1.0
7d96a875-e177-46a5-8485-88f9167e625c,999.0,999.0,0.0,999.0,999.0,0.0,0.0,0.0,1.0
7d96e042-ac6d-4058-935c-4b9c2b1e8302,22900.0,22900.0,0.0,22900.0,22900.0,0.0,0.0,0.0,1.0
7d972656-e464-451e-b2a2-d2fa433ee81c,1795.0,1795.0,0.0,1795.0,1795.0,0.0,0.0,0.0,1.0
7d9822d9-f3e2-4a0d-baa5-b8603db85fb7,3995.0,3995.0,0.0,3995.0,3995.0,0.0,0.0,0.0,1.0
7da6d7e8-dca1-49ba-a026-eef4adcc3294,4295.0,4295.0,0.0,4295.0,4295.0,0.0,0.0,0.0,1.0
7daa3b8e-c047-4b7a-b6cf-630eb7610506,1595.0,1595.0,0.0,1595.0,1595.0,0.0,0.0,0.0,1.0
7dc0b02d-da37-4539-9437-bfc6184d9a0c,1195.0,1195.0,0.0,1195.0,1195.0,0.0,0.0,0.0,1.0
7dc8806e-6dbe-48cc-ac20-919f57216efd,1870.0,1870.0,0.0,1870.0,1870.0,0.0,0.0,0.0,1.0
7dcccda4-210f-49cf-928b-610a38028b72,1395.0,1395.0,0.0,1395.0,1395.0,0.0,0.0,0.0,1.0
7dd834b6-8b51-45fd-ad0a-711e33d734bb,10900.0,10900.0,0.0,10900.0,10900.0,0.0,0.0,0.0,1.0
7ddb7512-05ab-4e8b-9914-e806ee36af5f,40900.0,40900.0,0.0,40900.0,40900.0,0.0,0.0,0.0,1.0
7de8261f-9613-4d53-92b1-0c2e4d91960c,1045.0,1045.0,0.0,1045.0,1045.0,0.0,0.0,0.0,1.0
7df8394d-8e06-4203-8804-01beb3743f0a,15900.0,15900.0,0.0,15900.0,15900.0,0.0,0.0,0.0,1.0
7dfc2dd6-662f-4191-a294-fcee5d6fa975,995.0,995.0,0.0,995.0,995.0,0.0,0.0,0.0,1.0
7dfe5bb7-06f1-40b9-bb22-8383a6c11c3e,29900.0,29900.0,0.0,29900.0,29900.0,0.0,0.0,0.0,1.0
7e037bd3-906b-4751-bf2e-ccc6aacef791,7495.0,7495.0,0.0,7495.0,7495.0,0.0,0.0,0.0,1.0
7e05f5e9-891b-4dc2-bc16-8c8fcae43fd9,900.0,900.0,0.0,900.0,900.0,0.0,0.0,0.0,1.0
7e1e0f8d-241a-41c7-b7f2-f2b2495e199c,399.0,399.0,0.0,399.0,399.0,0.0,0.0,0.0,1.0
7e2021c0-6dec-4e5f-882d-da4c2f0b02f1,45.0,45.0,0.0,45.0,45.0,0.0,0.0,0.0,1.0
7e263f2c-c6c2-40ef-bb86-fd5e6be774d9,15900.0,15900.0,0.0,15900.0,15900.0,0.0,0.0,0.0,1.0
7e283b48-e81e-4b78-8d3a-42363f5dbf7b,995.0,995.0,0.0,995.0,995.0,0.0,0.0,0.0,1.0
7e2f0264-b67a-4d84-914d-5b5eea73e11e,3995.0,3995.0,0.0,3995.0,3995.0,0.0,0.0,0.0,1.0
7e33ce48-62cf-4ced-a336-da0332b0581c,215.0,215.0,0.0,215.0,215.0,0.0,0.0,0.0,1.0
7e3455a2-b151-4702-b851-49d2d3dd9eb0,15900.0,15900.0,0.0,15900.0,15900.0,0.0,0.0,0.0,1.0
7e350913-6d03-4f5b-890d-396320ef87b9,2475.0,2475.0,0.0,2475.0,2475.0,0.0,0.0,0.0,1.0
7e389a72-56bd-41b1-9236-ca85fe129eb1,2295.0,2295.0,0.0,2295.0,2295.0,0.0,0.0,0.0,1.0
7e4cc44e-bcad-4750-83f8-4c564e87e223,11900.0,11900.0,0.0,11900.0,11900.0,0.0,0.0,0.0,1.0
7e4d1264-c879-413d-b3fa-0c87a54e8132,9900.0,9900.0,0.0,9900.0,9900.0,0.0,0.0,0.0,1.0
7e591091-8d98-4715-983b-e5f3d3639c48,1390.0,1390.0,0.0,1390.0,1390.0,0.0,0.0,0.0,1.0
7e5a89ff-28c8-4926-8c14-fc5dc549084b,1695.0,1695.0,0.0,1695.0,1695.0,0.0,0.0,0.0,1.0
7e5b2063-70d2-43c5-b989-2106f34b594c,695.0,695.0,0.0,695.0,695.0,0.0,0.0,0.0,1.0
7e62a19e-a012-45a8-bda0-3fdb333c2978,69900.0,69900.0,0.0,69900.0,69900.0,0.0,0.0,0.0,1.0
7e6e3539-d983-4850-ae53-c58b00e0be8a,2395.0,2395.0,0.0,2395.0,2395.0,0.0,0.0,0.0,1.0
7e70e42d-9088-414c-b507-562aa35c3329,1195.0,1195.0,0.0,1195.0,1195.0,0.0,0.0,0.0,1.0
7e788a6d-aff8-469d-91ea-5029dccfc446,9500.0,9500.0,0.0,9500.0,9500.0,0.0,0.0,0.0,1.0
7e866123-6f83-4c2d-8666-0c65f13e2061,3800.0,3800.0,0.0,3800.0,3800.0,0.0,0.0,0.0,1.0
7e895e1f-8ab3-4530-bf2d-71c0a5109099,2500.0,2500.0,0.0,2500.0,2500.0,0.0,0.0,0.0,1.0
7e95d573-242f-466d-9306-16f31fd6d610,5995.0,5995.0,0.0,5995.0,5995.0,0.0,0.0,0.0,1.0
7ea8d05e-1844-4f2c-a90e-b668e57fad7b,585.0,585.0,0.0,585.0,585.0,0.0,0.0,0.0,1.0
7eb53f83-7cb2-4722-b69c-992cf23252c4,3170.0,3170.0,0.0,3170.0,3170.0,0.0,0.0,0.0,1.0
7eb84f6e-87ec-4cc1-948e-e52b01ee53ca,1095.0,1095.0,0.0,1095.0,1095.0,0.0,0.0,0.0,1.0
7eb9329f-abf1-4802-9e4a-6b28182faa38,7495.0,7495.0,0.0,7495.0,7495.0,0.0,0.0,0.0,1.0
7ebcddee-b2cd-4f09-92ed-807e6f109b0d,2995.0,2995.0,0.0,2995.0,2995.0,0.0,0.0,0.0,1.0
7ec570e3-aeab-4392-bc40-811921ee3b18,2850.0,2850.0,0.0,2850.0,2850.0,0.0,0.0,0.0,1.0
7ec73948-d1b5-4105-9863-65e04a528df7,23900.0,23900.0,0.0,23900.0,23900.0,0.0,0.0,0.0,1.0
7ec7c2b9-b3f4-4f03-a9c2-acc23693aa0d,8900.0,8900.0,0.0,8900.0,8900.0,0.0,0.0,0.0,1.0
7ecfb20b-2389-4b98-954c-6cd26df1a751,1650.0,1650.0,0.0,1650.0,1650.0,0.0,0.0,0.0,1.0
7ed312d4-427d-4737-8a4d-b546d13026bd,2095.0,2095.0,0.0,2095.0,2095.0,0.0,0.0,0.0,1.0
7ed67e0b-1c6b-4d65-9ffe-00893abc0d49,2995.0,2995.0,0.0,2995.0,2995.0,0.0,0.0,0.0,1.0
7eec7a26-5487-44c9-984c-0dafd91f0a55,2495.0,2495.0,0.0,2495.0,2495.0,0.0,0.0,0.0,1.0
7ef08958-8064-47f4-b2ea-541855b77d25,2195.0,2195.0,0.0,2195.0,2195.0,0.0,0.0,0.0,1.0
7ef2f650-26b4-4d01-9a61-1defe8117ae8,4995.0,4995.0,0.0,4995.0,4995.0,0.0,0.0,0.0,1.0
7f090d73-a35a-47fa-9271-2b266d1b46b9,5495.0,5495.0,0.0,5495.0,5495.0,0.0,0.0,0.0,1.0
7f09674b-c802-4e0f-ba29-547d2c41cb2c,9900.0,9900.0,0.0,9900.0,9900.0,0.0,0.0,0.0,1.0
7f0d4a4b-7d3a-4dcc-941f-beb298b563ce,1095.0,1095.0,0.0,1095.0,1095.0,0.0,0.0,0.0,1.0
7f0ee628-1c18-4a53-b2a2-a00d821ef1aa,2295.0,2295.0,0.0,2295.0,2295.0,0.0,0.0,0.0,1.0
7f1e35e4-de07-48fe-a6ab-f97a759353c7,1795.0,1795.0,0.0,1795.0,1795.0,0.0,0.0,0.0,1.0
7f22804c-2e04-4696-aaab-dcb1c97ee7fa,1795.0,1795.0,0.0,1795.0,1795.0,0.0,0.0,0.0,1.0
7f34817d-0643-4c89-b095-733d5f67e58f,2800.0,2800.0,0.0,2800.0,2800.0,0.0,0.0,0.0,1.0
7f3a1d06-a1ba-4b07-8116-9a39b4383b2b,2400.0,2400.0,0.0,2400.0,2400.0,0.0,0.0,0.0,1.0
7f3f7568-4d4c-4e89-9e9f-2f1ebbbbec56,845.0,845.0,0.0,845.0,845.0,0.0,0.0,0.0,1.0
7f406a4f-8a89-4b18-8be0-4049722d9b67,4295.0,4295.0,0.0,4295.0,4295.0,0.0,0.0,0.0,1.0
7f40a170-2506-489e-aeb5-2e0747070e1d,22900.0,22900.0,0.0,22900.0,22900.0,0.0,0.0,0.0,1.0
7f43afa8-56ff-4518-b83b-a402a8957884,2395.0,2395.0,0.0,2395.0,2395.0,0.0,0.0,0.0,1.0
7f443b32-5dd6-459e-85e3-4163ddcfe48e,545.0,545.0,0.0,545.0,545.0,0.0,0.0,0.0,1.0
7f46ecd0-8566-4878-adf9-7bfa938b10f2,2500.0,2500.0,0.0,2500.0,2500.0,0.0,0.0,0.0,1.0
7f4ca88d-4431-4620-9f0e-9db28ba953fa,5090.0,5090.0,0.0,5090.0,5090.0,0.0,0.0,0.0,1.0
7f518ad5-9bf0-40e8-bafe-aef5e820f655,6645.0,6645.0,0.0,6645.0,6645.0,0.0,0.0,0.0,1.0
7f54da83-dea4-4902-9cd9-e0772cf84a90,2480.0,2480.0,0.0,2480.0,2480.0,0.0,0.0,0.0,1.0
7f695530-73bc-4ba0-a5c6-2dd1bf036c59,8400.0,8400.0,0.0,8400.0,8400.0,0.0,0.0,0.0,1.0
7f6ed154-7977-41b6-b510-86963e30aa74,695.0,695.0,0.0,695.0,695.0,0.0,0.0,0.0,1.0
7f77a963-2edd-4df1-a583-eeca8dd8647e,1745.0,1745.0,0.0,1745.0,1745.0,0.0,0.0,0.0,1.0
7f846da3-ff56-40f6-8e63-a73922143903,14900.0,14900.0,0.0,14900.0,14900.0,0.0,0.0,0.0,1.0
7f85a65b-4f9a-4400-833a-24df7af2218d,745.0,745.0,0.0,745.0,745.0,0.0,0.0,0.0,1.0
7f865c1b-fa23-4338-9803-57f6d046c9b2,4395.0,4395.0,0.0,4395.0,4395.0,0.0,0.0,0.0,1.0
7f87d9c0-582c-4d0f-909f-3ef334e44f3c,7395.0,7395.0,0.0,7395.0,7395.0,0.0,0.0,0.0,1.0
7f8e6a3a-93cb-4f7e-bedc-ef594db84d05,2095.0,2095.0,0.0,2095.0,2095.0,0.0,0.0,0.0,1.0
7f8f63ff-976d-499b-bb38-36871646e0e4,18500.0,18500.0,0.0,18500.0,18500.0,0.0,0.0,0.0,1.0
7f90f088-b0b7-4a54-8ee5-783b81b34d8a,8995.0,8995.0,0.0,8995.0,8995.0,0.0,0.0,0.0,1.0
7f9347e9-8707-4a31-a075-c9ea2b42a89c,17900.0,17900.0,0.0,17900.0,17900.0,0.0,0.0,0.0,1.0
7f94fd07-ee67-4881-a8dc-54072c1e0fce,635.0,635.0,0.0,635.0,635.0,0.0,0.0,0.0,1.0
7f97542e-7386-49b8-895e-5ef74e60d4af,7990.0,7990.0,0.0,7990.0,7990.0,0.0,0.0,0.0,1.0
7f98f1ed-d840-4cde-b8dc-d2211a641fb9,545.0,545.0,0.0,545.0,545.0,0.0,0.0,0.0,1.0
7f9ea83d-5b31-4fce-bb75-dd8a52b984ef,1095.0,1095.0,0.0,1095.0,1095.0,0.0,0.0,0.0,1.0
7fa1b720-3694-482f-874f-786953e27c8b,13900.0,13900.0,0.0,13900.0,13900.0,0.0,0.0,0.0,1.0
7fb219dd-98b5-47b9-823a-6e5e8d2b4475,3270.0,3270.0,0.0,3270.0,3270.0,0.0,0.0,0.0,1.0
7fb4f9ad-0a3f-4fe2-836f-346fe78e48d7,1795.0,1795.0,0.0,1795.0,1795.0,0.0,0.0,0.0,1.0
7fc28434-9c1a-4a3e-8a6b-9a5d816c7d2a,345.0,345.0,0.0,345.0,345.0,0.0,0.0,0.0,1.0
7fc477da-8d96-4eb2-aea9-6b79cc572a5c,8900.0,8900.0,0.0,8900.0,8900.0,0.0,0.0,0.0,1.0
7fc48b00-1668-4ade-a433-30b8b5fe3d60,7175.0,7175.0,0.0,7175.0,7175.0,0.0,0.0,0.0,1.0
7fc585ac-f52b-467c-97b4-64a03918b9f3,1245.0,1245.0,0.0,1245.0,1245.0,0.0,0.0,0.0,1.0
7fc894c1-ad0f-4813-b328-2572bf8ba807,2999.0,2999.0,0.0,2999.0,2999.0,0.0,0.0,0.0,1.0
7fc9ac69-161e-4fac-9af6-95f5d12690d6,24900.0,24900.0,0.0,24900.0,24900.0,0.0,0.0,0.0,1.0
7fcc7d45-dd33-41e6-a853-c403cdcf23a3,2200.0,2200.0,0.0,2200.0,2200.0,0.0,0.0,0.0,1.0
7fcf5957-d12f-43f7-8ea7-defefafe1e46,14900.0,14900.0,0.0,14900.0,14900.0,0.0,0.0,0.0,1.0
7fe18b57-4069-4b3f-be2d-9c3c8a60d67a,1100.0,1100.0,0.0,1100.0,1100.0,0.0,0.0,0.0,1.0
7fe93b26-0faa-40f9-a54c-93941ca3abcc,10900.0,10900.0,0.0,10900.0,10900.0,0.0,0.0,0.0,1.0
7feaa21b-9c98-44e7-a6cb-f4d7e5df22f9,1495.0,1495.0,0.0,1495.0,1495.0,0.0,0.0,0.0,1.0
8004acc1-a7fa-4680-bc51-a610be2b335a,43900.0,43900.0,0.0,43900.0,43900.0,0.0,0.0,0.0,1.0
80071c0f-3ee9-4727-8bdf-162b17029065,1695.0,1695.0,0.0,1695.0,1695.0,0.0,0.0,0.0,1.0
80072602-b558-4282-a0e4-6e202b4c486c,1995.0,1995.0,0.0,1995.0,1995.0,0.0,0.0,0.0,1.0
80081267-d09c-43f8-86f9-65eee3749920,1495.0,1495.0,0.0,1495.0,1495.0,0.0,0.0,0.0,1.0
8009fd4c-7eb2-4246-8d0b-a142093c5ca8,1195.0,1195.0,0.0,1195.0,1195.0,0.0,0.0,0.0,1.0
8010e0d0-34d3-4bd3-ad19-842d9df91378,9900.0,9900.0,0.0,9900.0,9900.0,0.0,0.0,0.0,1.0
80137490-e815-455d-9d36-0a71c22ddcee,15900.0,15900.0,0.0,15900.0,15900.0,0.0,0.0,0.0,1.0
8013a1a1-071d-4121-8397-50c2bb5095e2,895.0,895.0,0.0,895.0,895.0,0.0,0.0,0.0,1.0
80143066-cb0d-4c5f-96ed-0afdda5c939a,845.0,845.0,0.0,845.0,845.0,0.0,0.0,0.0,1.0
801eb519-e240-42aa-9b20-095ff8bee75a,36900.0,36900.0,0.0,36900.0,36900.0,0.0,0.0,0.0,1.0
802de300-875a-48fa-8ec3-be6cfb5c5665,695.0,695.0,0.0,695.0,695.0,0.0,0.0,0.0,1.0
8039ed70-3138-4615-a03b-fce15a7090b3,9900.0,9900.0,0.0,9900.0,9900.0,0.0,0.0,0.0,1.0
803a7745-862b-421c-886f-a6f0d53bf98a,750.0,750.0,0.0,750.0,750.0,0.0,0.0,0.0,1.0
803f60a1-3960-41a3-90c2-2e64667dfe21,1650.0,1650.0,0.0,1650.0,1650.0,0.0,0.0,0.0,1.0
80423374-b0ea-449c-b35b-cfccc94e7b4a,1895.0,1895.0,0.0,1895.0,1895.0,0.0,0.0,0.0,1.0
8048a0e0-5d5c-40f3-8b19-ab28a328d6cc,5995.0,5995.0,0.0,5995.0,5995.0,0.0,0.0,0.0,1.0
8051c9de-6d9a-4d0a-b5d4-5803b8be2f0f,5900.0,5900.0,0.0,5900.0,5900.0,0.0,0.0,0.0,1.0
8054b77d-7d5b-44b6-9653-43ad762abccd,28900.0,28900.0,0.0,28900.0,28900.0,0.0,0.0,0.0,1.0
80587225-3aa2-4eec-ba0f-7e792661bace,6095.0,6095.0,0.0,6095.0,6095.0,0.0,0.0,0.0,1.0
806440d6-2c10-4125-bb9a-3beffd38b0a5,39900.0,39900.0,0.0,39900.0,39900.0,0.0,0.0,0.0,1.0
806f8daa-9b79-4087-a603-bd800bbf96cb,3995.0,3995.0,0.0,3995.0,3995.0,0.0,0.0,0.0,1.0
8070c801-70a8-4b2e-a804-da5cff5937a7,3990.0,3990.0,0.0,3990.0,3990.0,0.0,0.0,0.0,1.0
80731c7b-7dbb-475a-80a9-5b20a1a5e0a5,70.0,70.0,0.0,70.0,70.0,0.0,0.0,0.0,1.0
80739bf1-ccd1-4f89-9954-be95252fe193,12900.0,12900.0,0.0,12900.0,12900.0,0.0,0.0,0.0,1.0
80768817-d6de-482e-9460-e2dd3f90ca7f,1095.0,1095.0,0.0,1095.0,1095.0,0.0,0.0,0.0,1.0
80793115-86fa-4a7d-97e7-7ae688f2ea70,10900.0,10900.0,0.0,10900.0,10900.0,0.0,0.0,0.0,1.0
807aab56-bb4b-4c2d-bd78-fb1d9f86705a,999.0,999.0,0.0,999.0,999.0,0.0,0.0,0.0,1.0
8091064d-50aa-4af7-b0ee-ac4eefe4da9c,200.0,200.0,0.0,200.0,200.0,0.0,0.0,0.0,1.0
8091ad55-cc9c-4b44-a7b6-f91b0fe72f7e,4300.0,4300.0,0.0,4300.0,4300.0,0.0,0.0,0.0,1.0
8099c020-ebff-4ed4-8879-9e50a1a1a95a,24900.0,24900.0,0.0,24900.0,24900.0,0.0,0.0,0.0,1.0
80a93d89-32fa-4e5c-9347-8bc1e60b006f,125.0,125.0,0.0,125.0,125.0,0.0,0.0,0.0,1.0
80a99ada-681e-4cb0-9e41-0872692c32a8,2295.0,2295.0,0.0,2295.0,2295.0,0.0,0.0,0.0,1.0
80ac5c46-abad-40c4-9da8-372f29a9de31,2990.0,2990.0,0.0,2990.0,2990.0,0.0,0.0,0.0,1.0
80b2a7c3-2d1c-45a3-b589-cdb1d5d36c2d,24900.0,24900.0,0.0,24900.0,24900.0,0.0,0.0,0.0,1.0
80b3289d-240a-4e4f-9238-486aee8784be,2850.0,2850.0,0.0,2850.0,2850.0,0.0,0.0,0.0,1.0
80b92366-6395-4269-af7b-7e284c2b4b20,610.0,610.0,0.0,610.0,610.0,0.0,0.0,0.0,1.0
80b95b1c-3cd6-4459-b4cb-caaf6e457fce,645.0,645.0,0.0,645.0,645.0,0.0,0.0,0.0,1.0
80c406be-7b14-4d03-8418-9c2c56122bda,2195.0,2195.0,0.0,2195.0,2195.0,0.0,0.0,0.0,1.0
80c5d5a2-977f-4160-a037-8159dc993083,1145.0,1145.0,0.0,1145.0,1145.0,0.0,0.0,0.0,1.0
80cb62bc-4afc-4eaf-90e6-a670ab8ad135,195.0,195.0,0.0,195.0,195.0,0.0,0.0,0.0,1.0
80cbefc6-87f6-448e-9b3b-dc4c590062f9,5995.0,5995.0,0.0,5995.0,5995.0,0.0,0.0,0.0,1.0
80d68c0a-fe69-4608-a608-86d02160eb12,5990.0,5990.0,0.0,5990.0,5990.0,0.0,0.0,0.0,1.0
80ddd76a-929b-4b7f-bc9e-5f37d3089a71,3099.0,3099.0,0.0,3099.0,3099.0,0.0,0.0,0.0,1.0
80dfe643-a57b-41cd-9ac3-3adda8abb737,11900.0,11900.0,0.0,11900.0,11900.0,0.0,0.0,0.0,1.0
80e1245e-5df4-40d5-a483-7e9ef68ac96f,990.0,990.0,0.0,990.0,990.0,0.0,0.0,0.0,1.0
80e21219-961d-4bcf-875f-54f16583bb52,38500.0,38500.0,0.0,38500.0,38500.0,0.0,0.0,0.0,1.0
80e8c7d5-00a8-49b8-9a68-f623762c8755,1750.0,1750.0,0.0,1750.0,1750.0,0.0,0.0,0.0,1.0
80f0888b-db57-4ca6-aa81-9a30da8d8bff,6000.0,6000.0,0.0,6000.0,6000.0,0.0,0.0,0.0,1.0
81038d96-1dc3-4037-b1de-54d5abac24b2,375.0,375.0,0.0,375.0,375.0,0.0,0.0,0.0,1.0
8115ac53-ca24-460c-8ec9-c404521fecd1,3995.0,3995.0,0.0,3995.0,3995.0,0.0,0.0,0.0,1.0
811952c4-e968-4b64-82ab-4dc821cbd5ab,1095.0,1095.0,0.0,1095.0,1095.0,0.0,0.0,0.0,1.0
8122ba2e-193b-4343-b875-88589c3c0a2d,2495.0,2495.0,0.0,2495.0,2495.0,0.0,0.0,0.0,1.0
812bcbec-42c5-4f44-8191-693d3c989bb6,37900.0,37900.0,0.0,37900.0,37900.0,0.0,0.0,0.0,1.0
812c68fc-7c47-40a1-a034-9a49aba84967,29900.0,29900.0,0.0,29900.0,29900.0,0.0,0.0,0.0,1.0
8133d0ad-8589-486e-a243-4cc1948cb929,7900.0,7900.0,0.0,7900.0,7900.0,0.0,0.0,0.0,1.0
8135580e-9d58-4f60-a0b9-c69148f05d2f,2805.0,2805.0,0.0,2805.0,2805.0,0.0,0.0,0.0,1.0
813f58ca-c97e-47ce-9985-bc3aef49f1f4,1895.0,1895.0,0.0,1895.0,1895.0,0.0,0.0,0.0,1.0
814b5ccb-ce2c-4186-9b68-7a58fe756f5b,3495.0,3495.0,0.0,3495.0,3495.0,0.0,0.0,0.0,1.0
8158baaa-ffc1-4950-9e99-eb8ed11f0450,3795.0,3795.0,0.0,3795.0,3795.0,0.0,0.0,0.0,1.0
81674912-9aa3-40c4-9397-cd1226fddf19,4070.0,4070.0,0.0,4070.0,4070.0,0.0,0.0,0.0,1.0
8174427c-e9c4-48f7-91b9-f6951db2e55b,24900.0,24900.0,0.0,24900.0,24900.0,0.0,0.0,0.0,1.0
8184f2f4-88ee-4cff-9d0d-12590412df50,12900.0,12900.0,0.0,12900.0,12900.0,0.0,0.0,0.0,1.0
8185bb1c-aff3-4ffc-b201-a3a5272cf933,1195.0,1195.0,0.0,1195.0,1195.0,0.0,0.0,0.0,1.0
8197b819-708e-421b-af68-21f85ae0b893,6830.0,6830.0,0.0,6830.0,6830.0,0.0,0.0,0.0,1.0
81981cdd-a21a-4215-a507-ae42d000f229,2910.0,2910.0,0.0,2910.0,2910.0,0.0,0.0,0.0,1.0
81a3f95a-93a5-4cff-813a-5961d0a0f8d5,1095.0,1095.0,0.0,1095.0,1095.0,0.0,0.0,0.0,1.0
81a81076-48fe-4c0b-9a4f-0fba65fab64e,3110.0,3110.0,0.0,3110.0,3110.0,0.0,0.0,0.0,1.0
81a9e03a-8119-41f4-9749-add691d542cb,23900.0,23900.0,0.0,23900.0,23900.0,0.0,0.0,0.0,1.0
81b56ab9-e5ee-4d31-96e0-36866389de2a,1199.0,1199.0,0.0,1199.0,1199.0,0.0,0.0,0.0,1.0
81bddb4e-10f8-4bad-8703-b86add11117d,6295.0,6295.0,0.0,6295.0,6295.0,0.0,0.0,0.0,1.0
81be0a6a-4b04-469e-ba5a-b64d2f081586,29900.0,29900.0,0.0,29900.0,29900.0,0.0,0.0,0.0,1.0
81c5ed7f-f537-4abc-a983-d20d03605733,34900.0,34900.0,0.0,34900.0,34900.0,0.0,0.0,0.0,1.0
81c99957-2749-4de9-b33e-5c22bb5e89ee,15900.0,15900.0,0.0,15900.0,15900.0,0.0,0.0,0.0,1.0
81ccf140-eb73-4c6c-858c-c8019ad364bd,1395.0,1395.0,0.0,1395.0,1395.0,0.0,0.0,0.0,1.0
81d1b1dc-74aa-4ea6-94a9-a7f3f0435938,1700.0,1700.0,0.0,1700.0,1700.0,0.0,0.0,0.0,1.0
81d2e449-987c-4bc7-95f3-454cb9e69b67,945.0,945.0,0.0,945.0,945.0,0.0,0.0,0.0,1.0
81d78b67-a714-4e1a-b7a0-1607ad544472,1950.0,1950.0,0.0,1950.0,1950.0,0.0,0.0,0.0,1.0
81d7b057-281e-43b3-8af5-586bcf0a2917,2495.0,2495.0,0.0,2495.0,2495.0,0.0,0.0,0.0,1.0
81d9382f-016b-4214-a273-cebf146523c1,9900.0,9900.0,0.0,9900.0,9900.0,0.0,0.0,0.0,1.0
81daa437-574c-4468-a9bf-112cd9e8ca83,51900.0,51900.0,0.0,51900.0,51900.0,0.0,0.0,0.0,1.0
81e52b1b-07f1-4cf7-8bcc-82ee52b563f0,445.0,445.0,0.0,445.0,445.0,0.0,0.0,0.0,1.0
81eaff66-e904-4273-b807-a3cbd8ec0511,1999.0,1999.0,0.0,1999.0,1999.0,0.0,0.0,0.0,1.0
82020d90-3a5b-48b9-a9af-6111bbb7d139,1450.0,1450.0,0.0,1450.0,1450.0,0.0,0.0,0.0,1.0
8203f254-fdb0-4bd7-aa0b-2c46cf6e293b,21900.0,21900.0,0.0,21900.0,21900.0,0.0,0.0,0.0,1.0
8208d72e-7d5a-4102-9bd2-28ba0547b02b,495.0,495.0,0.0,495.0,495.0,0.0,0.0,0.0,1.0
8209774c-c3e5-4698-ba24-c97aa90c93bc,3060.0,3060.0,0.0,3060.0,3060.0,0.0,0.0,0.0,1.0
820acd7b-0adb-44af-89ab-cefb28ef2f74,12900.0,12900.0,0.0,12900.0,12900.0,0.0,0.0,0.0,1.0
82135e56-7c37-4aa1-b66f-63f045f87c9c,3295.0,3295.0,0.0,3295.0,3295.0,0.0,0.0,0.0,1.0
82264be6-66e7-41f3-98a6-10d391e0e69b,13900.0,13900.0,0.0,13900.0,13900.0,0.0,0.0,0.0,1.0
822f59de-ceac-4281-8c51-f6103495d6f8,1895.0,1895.0,0.0,1895.0,1895.0,0.0,0.0,0.0,1.0
823401cb-ff27-40bc-b954-409cc0300357,225.0,225.0,0.0,225.0,225.0,0.0,0.0,0.0,1.0
823bc811-e432-45d0-a528-269c086922b5,1395.0,1395.0,0.0,1395.0,1395.0,0.0,0.0,0.0,1.0
8245f67b-e5d6-4900-a916-f56adb97bf3c,3395.0,3395.0,0.0,3395.0,3395.0,0.0,0.0,0.0,1.0
824e3334-3373-4641-87c2-74a5a5e72fce,2995.0,2995.0,0.0,2995.0,2995.0,0.0,0.0,0.0,1.0
825a3c05-6346-4a21-8cfe-52db410e60f0,32900.0,32900.0,0.0,32900.0,32900.0,0.0,0.0,0.0,1.0
825bd676-180f-4ce7-944d-5b009adbe5a1,225.0,225.0,0.0,225.0,225.0,0.0,0.0,0.0,1.0
825fc788-af11-44ef-bfed-49c599827630,595.0,595.0,0.0,595.0,595.0,0.0,0.0,0.0,1.0
82600d06-b503-4aec-8e6d-c773b60f8bda,1695.0,1695.0,0.0,1695.0,1695.0,0.0,0.0,0.0,1.0
8270f40d-12a7-44cc-854e-66702937dbb7,695.0,695.0,0.0,695.0,695.0,0.0,0.0,0.0,1.0
8273354c-c445-4906-9fbe-0085ec82ccbe,225.0,225.0,0.0,225.0,225.0,0.0,0.0,0.0,1.0
82772f37-1065-4bc3-86ef-92e81849e55e,2800.0,2800.0,0.0,2800.0,2800.0,0.0,0.0,0.0,1.0
827a43c8-fcdf-45fd-870b-559d62c1ea3a,3795.0,3795.0,0.0,3795.0,3795.0,0.0,0.0,0.0,1.0
827dc57e-5e11-42fb-be62-a52af34248fa,3795.0,3795.0,0.0,3795.0,3795.0,0.0,0.0,0.0,1.0
82823bc1-3422-411d-ba27-3414c8edef06,595.0,595.0,0.0,595.0,595.0,0.0,0.0,0.0,1.0
8282f1a5-c278-4fb4-8b72-6a4c07a1cd3f,4850.0,4850.0,0.0,4850.0,4850.0,0.0,0.0,0.0,1.0
8283dcbd-93fb-4e22-a9ef-38f47aad2b95,1495.0,1495.0,0.0,1495.0,1495.0,0.0,0.0,0.0,1.0
828e8741-5def-4e5b-ae36-ed34231c887c,27900.0,27900.0,0.0,27900.0,27900.0,0.0,0.0,0.0,1.0
829552e4-910e-4c84-b504-025dfb05175a,5495.0,5495.0,0.0,5495.0,5495.0,0.0,0.0,0.0,1.0
82a48d03-6be5-402a-ae8f-6680e6c52176,7995.0,7995.0,0.0,7995.0,7995.0,0.0,0.0,0.0,1.0
82a993b6-cd69-47aa-b1f3-bb3587d0f030,155.0,155.0,0.0,155.0,155.0,0.0,0.0,0.0,1.0
82aa7a93-95b5-4c74-8710-d85082d4de5f,14900.0,14900.0,0.0,14900.0,14900.0,0.0,0.0,0.0,1.0
82b59495-0be3-496d-aff2-0d12ac0d8e7f,13900.0,13900.0,0.0,13900.0,13900.0,0.0,0.0,0.0,1.0
82b827c3-d349-4b72-b053-7070080cf0f9,365.0,365.0,0.0,365.0,365.0,0.0,0.0,0.0,1.0
82b9eb6e-b092-460b-9548-0ade1b589edd,11500.0,11500.0,0.0,11500.0,11500.0,0.0,0.0,0.0,1.0
82c42725-32fe-406a-8ef5-c2c4be6bb5ed,1200.0,1200.0,0.0,1200.0,1200.0,0.0,0.0,0.0,1.0
82c87aee-f40b-414d-a9d9-15c9f6b350d0,7995.0,7995.0,0.0,7995.0,7995.0,0.0,0.0,0.0,1.0
82cb6292-21e9-4814-8a4a-5f3139359f22,95.0,95.0,0.0,95.0,95.0,0.0,0.0,0.0,1.0
82cf231b-c10d-4f5f-91dd-6993434f36aa,4495.0,4495.0,0.0,4495.0,4495.0,0.0,0.0,0.0,1.0
82cfd707-493c-4a58-95f9-54f2065b6342,8995.0,8995.0,0.0,8995.0,8995.0,0.0,0.0,0.0,1.0
82d10598-72af-46aa-8768-b76f83eb1d46,1695.0,1695.0,0.0,1695.0,1695.0,0.0,0.0,0.0,1.0
82e49134-dd98-4af8-82ff-ad058be10f16,8995.0,8995.0,0.0,8995.0,8995.0,0.0,0.0,0.0,1.0
82e9c2cb-5843-4d6d-8168-7fa4994fa8ae,2850.0,2850.0,0.0,2850.0,2850.0,0.0,0.0,0.0,1.0
82ea7ee3-f0e8-478b-a232-f7e61e94ece5,8800.0,8800.0,0.0,8800.0,8800.0,0.0,0.0,0.0,1.0
82eccf6c-e827-4b52-8f58-531576631365,845.0,845.0,0.0,845.0,845.0,0.0,0.0,0.0,1.0
82f93c2d-7a1b-410a-be52-48afe8bfb7bf,9500.0,9500.0,0.0,9500.0,9500.0,0.0,0.0,0.0,1.0
83002e5c-33fb-408b-b0e5-920082da0d1b,3800.0,3800.0,0.0,3800.0,3800.0,0.0,0.0,0.0,1.0
83093bcb-e30f-44b5-b223-ff39c7c57330,1595.0,1595.0,0.0,1595.0,1595.0,0.0,0.0,0.0,1.0
83102c36-a930-4ec0-916c-b5290ffd84c1,17900.0,17900.0,0.0,17900.0,17900.0,0.0,0.0,0.0,1.0
8312d538-025b-468d-9349-3d58d933d95b,4495.0,4495.0,0.0,4495.0,4495.0,0.0,0.0,0.0,1.0
832d3218-f6bf-483b-bd6c-ebc08a974afb,3995.0,3995.0,0.0,3995.0,3995.0,0.0,0.0,0.0,1.0
832e6920-1c47-4820-814f-d62cd43564c5,465.0,465.0,0.0,465.0,465.0,0.0,0.0,0.0,1.0
8333c494-8703-49cb-a136-1af10e51cdd3,25.0,25.0,0.0,25.0,25.0,0.0,0.0,0.0,1.0
833bb66b-5710-4dca-8501-042152c09ad9,2995.0,2995.0,0.0,2995.0,2995.0,0.0,0.0,0.0,1.0
8340338a-cf7a-4ca0-864f-564d04ac8d62,2995.0,2995.0,0.0,2995.0,2995.0,0.0,0.0,0.0,1.0
8345925f-79ee-4862-b42d-f45d4277c949,5295.0,5295.0,0.0,5295.0,5295.0,0.0,0.0,0.0,1.0
834b0b6f-3a48-46aa-89af-6b8b450589fa,11500.0,11500.0,0.0,11500.0,11500.0,0.0,0.0,0.0,1.0
835445ca-ea89-41fb-86ec-24b7fdb6e4fd,8495.0,8495.0,0.0,8495.0,8495.0,0.0,0.0,0.0,1.0
8355f5c8-fe0f-4bd0-8766-f23fed804714,10900.0,10900.0,0.0,10900.0,10900.0,0.0,0.0,0.0,1.0
83561bf3-f6a7-4fc6-974b-80574b6494f5,2295.0,2295.0,0.0,2295.0,2295.0,0.0,0.0,0.0,1.0
835c5a38-3f6f-46d1-948a-9befe7f655a6,61900.0,61900.0,0.0,61900.0,61900.0,0.0,0.0,0.0,1.0
836d58a1-4624-4a28-a5d1-94f266c46089,80.0,80.0,0.0,80.0,80.0,0.0,0.0,0.0,1.0
83778f50-7d1f-4fc3-bb28-2afce7d3b8cc,54900.0,54900.0,0.0,54900.0,54900.0,0.0,0.0,0.0,1.0
83955aae-018a-42fd-8983-a944ce8a3507,1350.0,1350.0,0.0,1350.0,1350.0,0.0,0.0,0.0,1.0
839a2af8-1062-4369-8640-ba7397696aa0,9900.0,9900.0,0.0,9900.0,9900.0,0.0,0.0,0.0,1.0
839bca19-4b5d-493a-b56c-379282775146,1195.0,1195.0,0.0,1195.0,1195.0,0.0,0.0,0.0,1.0
83a24492-a1aa-459f-b83a-bb4de4e9be22,1195.0,1195.0,0.0,1195.0,1195.0,0.0,0.0,0.0,1.0
83b5a96a-28f6-49e1-9a59-0fa65cd689ef,13900.0,13900.0,0.0,13900.0,13900.0,0.0,0.0,0.0,1.0
83bb3ada-d275-4765-adb5-624fd2942ad9,220.0,220.0,0.0,220.0,220.0,0.0,0.0,0.0,1.0
83d980c8-58a3-4861-b09b-8124347ac02f,16900.0,16900.0,0.0,16900.0,16900.0,0.0,0.0,0.0,1.0
83dacfc0-407c-43f8-b04b-d7b55b6245ba,4995.0,4995.0,0.0,4995.0,4995.0,0.0,0.0,0.0,1.0
83dc616a-7269-4423-b9fa-c99f26e2769d,1595.0,1595.0,0.0,1595.0,1595.0,0.0,0.0,0.0,1.0
83ddf86f-3fe4-451d-8528-d0bf26c6f5b2,450.0,450.0,0.0,450.0,450.0,0.0,0.0,0.0,1.0
83e208bf-8b2a-4c47-99ac-d9994ece12d5,5495.0,5495.0,0.0,5495.0,5495.0,0.0,0.0,0.0,1.0
83e48995-83ef-460a-9603-39cd2004c339,795.0,795.0,0.0,795.0,795.0,0.0,0.0,0.0,1.0
83f2ca43-2430-4727-9a55-25940374f40b,12900.0,12900.0,0.0,12900.0,12900.0,0.0,0.0,0.0,1.0
83f49f2b-f4e0-4065-8cc0-c93bcd1cb4e2,3000.0,3000.0,0.0,3000.0,3000.0,0.0,0.0,0.0,1.0
83f78fc4-5dc4-48ef-9ade-356530ed8424,32900.0,32900.0,0.0,32900.0,32900.0,0.0,0.0,0.0,1.0
8404bb4c-20e8-48be-90fe-b4dc420f6fd2,1095.0,1095.0,0.0,1095.0,1095.0,0.0,0.0,0.0,1.0
840d79c9-70f7-435e-b37d-8358698bf090,4690.0,4690.0,0.0,4690.0,4690.0,0.0,0.0,0.0,1.0
84120055-cc19-4726-b03d-e0786c1df010,330.0,330.0,0.0,330.0,330.0,0.0,0.0,0.0,1.0
8413365e-42e7-444c-a67a-2f649caad0d9,895.0,895.0,0.0,895.0,895.0,0.0,0.0,0.0,1.0
84136a9b-3ed4-4a92-aba1-af127dcc1876,3195.0,3195.0,0.0,3195.0,3195.0,0.0,0.0,0.0,1.0
8414fe55-009b-446a-9bff-b21b7797394a,3795.0,3795.0,0.0,3795.0,3795.0,0.0,0.0,0.0,1.0
8428778e-1e12-4bf1-b4ff-be97c4f2b1d1,745.0,745.0,0.0,745.0,745.0,0.0,0.0,0.0,1.0
84291224-688e-46d2-83ba-94858612e7b9,4995.0,4995.0,0.0,4995.0,4995.0,0.0,0.0,0.0,1.0
8438a3bd-fe97-41e7-8745-7c726d820a8c,595.0,595.0,0.0,595.0,595.0,0.0,0.0,0.0,1.0
8438a940-3fa3-4bc9-a94a-ee45b651510f,9900.0,9900.0,0.0,9900.0,9900.0,0.0,0.0,0.0,1.0
8447d943-8a82-41bf-ac6c-2db04b8f5456,12900.0,12900.0,0.0,12900.0,12900.0,0.0,0.0,0.0,1.0
845ab788-7eba-49e3-937a-82bc377c6dd1,3795.0,3795.0,0.0,3795.0,3795.0,0.0,0.0,0.0,1.0
846f3d87-5774-4dd9-bd53-58a91dae99be,1395.0,1395.0,0.0,1395.0,1395.0,0.0,0.0,0.0,1.0
84743383-0020-46c3-88f5-f66eb2f0d772,100.0,100.0,0.0,100.0,100.0,0.0,0.0,0.0,1.0
84763f64-79e8-489d-9a7c-14a99ee351e8,7995.0,7995.0,0.0,7995.0,7995.0,0.0,0.0,0.0,1.0
847754a8-d180-4a60-8311-03809b982e2b,1795.0,1795.0,0.0,1795.0,1795.0,0.0,0.0,0.0,1.0
847d00fc-69ef-4921-835e-a7facbb8b819,1245.0,1245.0,0.0,1245.0,1245.0,0.0,0.0,0.0,1.0
84839f4a-b634-4c8c-ac9d-bef585539d76,13900.0,13900.0,0.0,13900.0,13900.0,0.0,0.0,0.0,1.0
848d56bc-fb25-40ae-a390-62b3e02b3fff,780.0,780.0,0.0,780.0,780.0,0.0,0.0,0.0,1.0
84981d5f-ae55-4201-93a8-0300c20f733e,1795.0,1795.0,0.0,1795.0,1795.0,0.0,0.0,0.0,1.0
849cdc93-2b07-4a7f-985d-a206090ce73c,1320.0,1320.0,0.0,1320.0,1320.0,0.0,0.0,0.0,1.0
84b34c56-d0c8-4efb-911c-c74918c4102d,7900.0,7900.0,0.0,7900.0,7900.0,0.0,0.0,0.0,1.0
84b79fb7-5ce5-44a2-a39d-9d1a9b4fed7a,3995.0,3995.0,0.0,3995.0,3995.0,0.0,0.0,0.0,1.0
84c225eb-55ff-4aa4-8f9f-a7adcd6b83eb,1595.0,1595.0,0.0,1595.0,1595.0,0.0,0.0,0.0,1.0
84c3c74e-471b-48d0-9bd4-6ec83b4c0626,540.0,540.0,0.0,540.0,540.0,0.0,0.0,0.0,1.0
84cc609e-4327-478d-83c8-dc6aaac38934,3800.0,3800.0,0.0,3800.0,3800.0,0.0,0.0,0.0,1.0
84ce403f-b16e-4ab7-9773-ec22faec1ec9,9995.0,9995.0,0.0,9995.0,9995.0,0.0,0.0,0.0,1.0
84ceb540-86bb-444a-801a-3addbf43a039,795.0,795.0,0.0,795.0,795.0,0.0,0.0,0.0,1.0
84d1e8d7-cb30-4677-8c0e-e3cd3a6c727b,6495.0,6495.0,0.0,6495.0,6495.0,0.0,0.0,0.0,1.0
84d99d1f-3761-444e-b46b-b22c1075f43d,1995.0,1995.0,0.0,1995.0,1995.0,0.0,0.0,0.0,1.0
84da0997-c32d-4fe4-8e41-df738b365406,3940.0,3940.0,0.0,3940.0,3940.0,0.0,0.0,0.0,1.0
84eb3a92-554f-4ab1-b997-ff0ff0b040f2,2800.0,2800.0,0.0,2800.0,2800.0,0.0,0.0,0.0,1.0
84ec12e1-e0f0-447a-8264-bc32fba91bf6,1345.0,1345.0,0.0,1345.0,1345.0,0.0,0.0,0.0,1.0
84ee53b4-f047-4395-8319-b57b0c140a8b,3400.0,3400.0,0.0,3400.0,3400.0,0.0,0.0,0.0,1.0
84eff235-949a-4c7c-b18c-a82006ada30e,3795.0,3795.0,0.0,3795.0,3795.0,0.0,0.0,0.0,1.0
84f2a9b3-d9a0-4978-8698-a4a2fd54df7d,1695.0,1695.0,0.0,1695.0,1695.0,0.0,0.0,0.0,1.0
84f3ee3b-f97b-41b3-9fa9-bee01618444d,3995.0,3995.0,0.0,3995.0,3995.0,0.0,0.0,0.0,1.0
84fb105c-c1cb-4875-9e12-214b9e2b347b,7995.0,7995.0,0.0,7995.0,7995.0,0.0,0.0,0.0,1.0
84febceb-d53a-4824-ae6f-ccc3c9c498fe,3695.0,3695.0,0.0,3695.0,3695.0,0.0,0.0,0.0,1.0
8512f995-fef2-4053-95cc-311b0bdab85a,7500.0,7500.0,0.0,7500.0,7500.0,0.0,0.0,0.0,1.0
851a4815-3529-4060-82fe-528e0a241a05,14900.0,14900.0,0.0,14900.0,14900.0,0.0,0.0,0.0,1.0
85236c76-fa5f-4702-9044-58618ccc31e7,24900.0,24900.0,0.0,24900.0,24900.0,0.0,0.0,0.0,1.0
85248ec8-5777-4851-ac3c-602a689e1aa1,1530.0,1530.0,0.0,1530.0,1530.0,0.0,0.0,0.0,1.0
852f882f-0be9-4070-adde-5c5dd8318967,1245.0,1245.0,0.0,1245.0,1245.0,0.0,0.0,0.0,1.0
8537ce12-5655-49f6-9b33-9e83a484a179,12900.0,12900.0,0.0,12900.0,12900.0,0.0,0.0,0.0,1.0
85516d2c-8520-42a7-8b62-bd894a9a6b97,33900.0,33900.0,0.0,33900.0,33900.0,0.0,0.0,0.0,1.0
85519107-e754-447e-ac9f-a14e55fd3ff5,21900.0,21900.0,0.0,21900.0,21900.0,0.0,0.0,0.0,1.0
85519549-b0c8-433f-9f09-d84ae4e54a83,495.0,495.0,0.0,495.0,495.0,0.0,0.0,0.0,1.0
855330ad-fd72-4c41-923e-7abe2ddeadc0,4495.0,4495.0,0.0,4495.0,4495.0,0.0,0.0,0.0,1.0
85698ebd-807a-4a76-a5e8-4791377f8b1d,745.0,745.0,0.0,745.0,745.0,0.0,0.0,0.0,1.0
856deb73-e590-449e-96b3-336d7d3bca54,14400.0,14400.0,0.0,14400.0,14400.0,0.0,0.0,0.0,1.0
85701ee9-7437-491a-8d5b-a628ebde9d76,895.0,895.0,0.0,895.0,895.0,0.0,0.0,0.0,1.0
8572e6d8-cc1b-4bac-8847-8173c29a3361,3795.0,3795.0,0.0,3795.0,3795.0,0.0,0.0,0.0,1.0
85789431-4d23-4b48-9289-4a90a5d538a6,545.0,545.0,0.0,545.0,545.0,0.0,0.0,0.0,1.0
8579c7fe-9789-42d5-8572-f289acddb4c5,1740.0,1740.0,0.0,1740.0,1740.0,0.0,0.0,0.0,1.0
8583f5de-5d47-4a7c-bbee-c5e7772fab06,4495.0,4495.0,0.0,4495.0,4495.0,0.0,0.0,0.0,1.0
858878c4-dc83-43d0-9747-4d16d4affb13,445.0,445.0,0.0,445.0,445.0,0.0,0.0,0.0,1.0
859ef07b-597b-44fb-9dd6-9c3514d4a7bb,10500.0,10500.0,0.0,10500.0,10500.0,0.0,0.0,0.0,1.0
85a5feb9-7561-46a7-b147-9db8edcd2791,8995.0,8995.0,0.0,8995.0,8995.0,0.0,0.0,0.0,1.0
85a9d93e-fcc8-4cbe-833b-8e83a97f30a9,10500.0,10500.0,0.0,10500.0,10500.0,0.0,0.0,0.0,1.0
85b0bd6c-7559-4806-a87e-ba007c25734c,3195.0,3195.0,0.0,3195.0,3195.0,0.0,0.0,0.0,1.0
85b6f712-f790-4fa9-b51a-cba840b03c93,1650.0,1650.0,0.0,1650.0,1650.0,0.0,0.0,0.0,1.0
85b93dde-38a5-44d9-84b5-b66fd1432c79,24900.0,24900.0,0.0,24900.0,24900.0,0.0,0.0,0.0,1.0
85d3132f-ce2e-4d2d-83a8-552033908be3,395.0,395.0,0.0,395.0,395.0,0.0,0.0,0.0,1.0
85d9bae1-bcf4-4d1e-92f8-0dc4fb2c6315,17900.0,17900.0,0.0,17900.0,17900.0,0.0,0.0,0.0,1.0
85e3a3ec-b73e-41f6-a35f-92ba556f5215,3895.0,3895.0,0.0,3895.0,3895.0,0.0,0.0,0.0,1.0
85e4b451-ba9f-4836-9446-920269af862e,3499.0,3499.0,0.0,3499.0,3499.0,0.0,0.0,0.0,1.0
85eaa0fd-4bdf-4c1a-904f-d73547c092d2,595.0,595.0,0.0,595.0,595.0,0.0,0.0,0.0,1.0
85f82f68-a628-4568-9d44-7597c62869ec,8900.0,8900.0,0.0,8900.0,8900.0,0.0,0.0,0.0,1.0
85fd0a3f-ea37-42c6-b6c7-c3e80686f39b,995.0,995.0,0.0,995.0,995.0,0.0,0.0,0.0,1.0
85fdd4ea-9b21-4eec-be7f-e2f714249009,495.0,495.0,0.0,495.0,495.0,0.0,0.0,0.0,1.0
8600b4cf-0380-4f58-af26-189f8fad254a,1495.0,1495.0,0.0,1495.0,1495.0,0.0,0.0,0.0,1.0
8609bd16-7cdf-4441-bdf2-f01f35397d0c,260.0,260.0,0.0,260.0,260.0,0.0,0.0,0.0,1.0
860dd684-85a0-4d84-a505-d200c0c7ccdd,595.0,595.0,0.0,595.0,595.0,0.0,0.0,0.0,1.0
86187fab-5698-41dc-8fea-13ad48c7daa9,58900.0,58900.0,0.0,58900.0,58900.0,0.0,0.0,0.0,1.0
861b0ff7-5f7f-4526-98fd-9ab9ac4735c5,33900.0,33900.0,0.0,33900.0,33900.0,0.0,0.0,0.0,1.0
861bee11-1943-43cb-adca-78a16ef84c35,5495.0,5495.0,0.0,5495.0,5495.0,0.0,0.0,0.0,1.0
8627abfd-f744-44ed-99ff-33c8d63059d1,1300.0,1300.0,0.0,1300.0,1300.0,0.0,0.0,0.0,1.0
863d4c5f-2c0f-4002-9623-ac0f3d009434,2095.0,2095.0,0.0,2095.0,2095.0,0.0,0.0,0.0,1.0
86447669-02a2-4eaf-8332-a822c8c973cd,15900.0,15900.0,0.0,15900.0,15900.0,0.0,0.0,0.0,1.0
864b666d-2f00-4de5-9c15-20ed6355d8ef,795.0,795.0,0.0,795.0,795.0,0.0,0.0,0.0,1.0
865f044c-ebbc-4266-bc1e-00ecd6b6a654,995.0,995.0,0.0,995.0,995.0,0.0,0.0,0.0,1.0
8660c4ae-3400-49e9-9163-bafaee87c576,1650.0,1650.0,0.0,1650.0,1650.0,0.0,0.0,0.0,1.0
8663a652-bb7a-49c6-a46a-80d9f7039ade,2510.0,2510.0,0.0,2510.0,2510.0,0.0,0.0,0.0,1.0
867b19eb-9114-4b6a-acd6-dadac603c217,2290.0,2290.0,0.0,2290.0,2290.0,0.0,0.0,0.0,1.0
8683cb4d-62ff-4b05-8707-020a326898c6,4900.0,4900.0,0.0,4900.0,4900.0,0.0,0.0,0.0,1.0
86840c10-a475-40fb-a316-4bdb438d09d0,2395.0,2395.0,0.0,2395.0,2395.0,0.0,0.0,0.0,1.0
86853dd6-9250-4365-b500-2615d818e0c3,799.0,799.0,0.0,799.0,799.0,0.0,0.0,0.0,1.0
86875ce9-5dfd-478d-b8ac-860ed7b11e33,2550.0,2550.0,0.0,2550.0,2550.0,0.0,0.0,0.0,1.0
868f0511-18bc-4dcf-9386-9e397ae88e41,3295.0,3295.0,0.0,3295.0,3295.0,0.0,0.0,0.0,1.0
8690ba0d-fac6-4c1b-aafd-4a4484287abc,90.0,90.0,0.0,90.0,90.0,0.0,0.0,0.0,1.0
869b9718-e982-4151-ac6f-4eb870ed8cd9,29900.0,29900.0,0.0,29900.0,29900.0,0.0,0.0,0.0,1.0
869edaf8-4449-4276-a997-ee15cb6064f3,1799.0,1799.0,0.0,1799.0,1799.0,0.0,0.0,0.0,1.0
86a0582b-c7c7-49a9-b89b-8432dea28846,465.0,465.0,0.0,465.0,465.0,0.0,0.0,0.0,1.0
86a277ea-020f-4c29-8d73-d9323f704930,845.0,845.0,0.0,845.0,845.0,0.0,0.0,0.0,1.0
86a7f708-ae59-42c5-bcc6-c191fc125019,2195.0,2195.0,0.0,2195.0,2195.0,0.0,0.0,0.0,1.0
86b7ad1e-82e3-4349-b808-b46bf6fbd9ca,13900.0,13900.0,0.0,13900.0,13900.0,0.0,0.0,0.0,1.0
86b818b3-cb65-4272-9348-7e190040885c,795.0,795.0,0.0,795.0,795.0,0.0,0.0,0.0,1.0
86c03b19-beb7-4878-a2e7-cdfa4b66095c,2595.0,2595.0,0.0,2595.0,2595.0,0.0,0.0,0.0,1.0
86c283cc-b483-404d-8a0e-459c2215d5de,14900.0,14900.0,0.0,14900.0,14900.0,0.0,0.0,0.0,1.0
86c52fdb-785b-4399-bb34-7ef377d98a61,32900.0,32900.0,0.0,32900.0,32900.0,0.0,0.0,0.0,1.0
86c87082-d2ee-4b0a-a71d-f85ea8869a3b,1345.0,1345.0,0.0,1345.0,1345.0,0.0,0.0,0.0,1.0
86ca37a9-5840-42c8-90bd-878b2f144824,8900.0,8900.0,0.0,8900.0,8900.0,0.0,0.0,0.0,1.0
86d4f6e4-1657-475f-872a-d90d9b6e1faa,8995.0,8995.0,0.0,8995.0,8995.0,0.0,0.0,0.0,1.0
86e1b569-d4a6-4970-92d5-d09842c75c41,995.0,995.0,0.0,995.0,995.0,0.0,0.0,0.0,1.0
86e1f5ac-c1bd-4b40-9956-f99425cd6f55,23900.0,23900.0,0.0,23900.0,23900.0,0.0,0.0,0.0,1.0
86f5f107-a4f1-4386-912c-74e15d4b3f68,24900.0,24900.0,0.0,24900.0,24900.0,0.0,0.0,0.0,1.0
870683dd-b1f1-4601-bbc7-59f4a611614f,895.0,895.0,0.0,895.0,895.0,0.0,0.0,0.0,1.0
8707ec39-1a0b-461e-be14-d954a7a456fc,7495.0,7495.0,0.0,7495.0,7495.0,0.0,0.0,0.0,1.0
8710c61d-65aa-4e7c-9574-60b204b48553,6500.0,6500.0,0.0,6500.0,6500.0,0.0,0.0,0.0,1.0
87162e36-fdea-4ad0-b77a-2ee20184917f,295.0,295.0,0.0,295.0,295.0,0.0,0.0,0.0,1.0
871810b7-6b85-4fa9-b61c-171a0e4685f0,745.0,745.0,0.0,745.0,745.0,0.0,0.0,0.0,1.0
8719e3eb-98ac-488d-91a3-ac2c0451e5eb,1310.0,1310.0,0.0,1310.0,1310.0,0.0,0.0,0.0,1.0
8720f089-940f-4e2f-b401-b5da647e4fff,16900.0,16900.0,0.0,16900.0,16900.0,0.0,0.0,0.0,1.0
872142e0-abbf-423a-83d0-1de8c3656459,695.0,695.0,0.0,695.0,695.0,0.0,0.0,0.0,1.0
8725d31c-3f90-4c19-96c1-c7576172ddb9,550.0,550.0,0.0,550.0,550.0,0.0,0.0,0.0,1.0
8726e0b4-25f6-4604-8ff7-ad50ce10b6ac,65.0,65.0,0.0,65.0,65.0,0.0,0.0,0.0,1.0
872a63ea-1efa-4a87-a4cd-fc93f20cfa6f,1695.0,1695.0,0.0,1695.0,1695.0,0.0,0.0,0.0,1.0
872c1a80-fea0-45b9-bf70-554f46af4e54,7900.0,7900.0,0.0,7900.0,7900.0,0.0,0.0,0.0,1.0
87308f33-12c6-4a0a-83a9-46aaa35224f2,2345.0,2345.0,0.0,2345.0,2345.0,0.0,0.0,0.0,1.0
875309a1-7688-4403-b918-833a97ad4822,1795.0,1795.0,0.0,1795.0,1795.0,0.0,0.0,0.0,1.0
875509f5-8116-4e46-940f-4efdb3d3ad22,2925.0,2925.0,0.0,2925.0,2925.0,0.0,0.0,0.0,1.0
875bbeac-3446-4be2-a128-b37f724b592d,3995.0,3995.0,0.0,3995.0,3995.0,0.0,0.0,0.0,1.0
875cd8fc-0dc9-4bfd-8b60-8c2d6663a6e6,695.0,695.0,0.0,695.0,695.0,0.0,0.0,0.0,1.0
87611df7-3370-4bef-bb4a-cac3f4be4f44,900.0,900.0,0.0,900.0,900.0,0.0,0.0,0.0,1.0
87687f34-862c-4798-8159-5f9bd8ea0971,5495.0,5495.0,0.0,5495.0,5495.0,0.0,0.0,0.0,1.0
876f6d62-11bf-42d6-8cf6-0690837e76ba,29900.0,29900.0,0.0,29900.0,29900.0,0.0,0.0,0.0,1.0
87700714-c20c-404d-bfb5-09ee9b226c3c,1695.0,1695.0,0.0,1695.0,1695.0,0.0,0.0,0.0,1.0
8771941d-6a54-4e84-8edd-11724968f577,1895.0,1895.0,0.0,1895.0,1895.0,0.0,0.0,0.0,1.0
877904b5-83fd-4b3c-b7cc-85fc3291fe42,205.0,205.0,0.0,205.0,205.0,0.0,0.0,0.0,1.0
877d6f74-e023-4b00-bd9d-400c2c7db868,560.0,560.0,0.0,560.0,560.0,0.0,0.0,0.0,1.0
877ffa34-b0a0-4e55-aa0c-810ac6b5b7c7,5495.0,5495.0,0.0,5495.0,5495.0,0.0,0.0,0.0,1.0
8782e0ea-3008-4a85-a385-05479bf69dc1,120.0,120.0,0.0,120.0,120.0,0.0,0.0,0.0,1.0
87835083-6f7e-4a4e-8968-854f1c62ae57,8980.0,8980.0,0.0,8980.0,8980.0,0.0,0.0,0.0,1.0
87842749-6a37-49d0-9a3d-0a9c73867619,485.0,485.0,0.0,485.0,485.0,0.0,0.0,0.0,1.0
87936b1a-28cb-48d7-989d-4dc1a509ca6d,12900.0,12900.0,0.0,12900.0,12900.0,0.0,0.0,0.0,1.0
8795f668-8748-4d72-9dd8-b19148317a45,3140.0,3140.0,0.0,3140.0,3140.0,0.0,0.0,0.0,1.0
879e4a4e-5b1c-4417-a103-a3635e764912,28900.0,28900.0,0.0,28900.0,28900.0,0.0,0.0,0.0,1.0
87b088ae-da6b-48cd-af7e-189e7beb2dea,995.0,995.0,0.0,995.0,995.0,0.0,0.0,0.0,1.0
87bf8994-faa6-4aaf-900c-e34cd5d66487,10500.0,10500.0,0.0,10500.0,10500.0,0.0,0.0,0.0,1.0
87c1dfac-bca3-4785-b8f3-aa638a8576d5,5695.0,5695.0,0.0,5695.0,5695.0,0.0,0.0,0.0,1.0
87c9248c-3566-427e-a10a-aa63c2cf1bdc,3250.0,3250.0,0.0,3250.0,3250.0,0.0,0.0,0.0,1.0
87ccaeb8-d146-4bc8-aa98-465ad9f6aeb5,8995.0,8995.0,0.0,8995.0,8995.0,0.0,0.0,0.0,1.0
87cec078-f8ad-48e3-a78a-40893db5c8aa,7495.0,7495.0,0.0,7495.0,7495.0,0.0,0.0,0.0,1.0
87e0321a-b2f6-4925-a716-2b49294c91e7,13900.0,13900.0,0.0,13900.0,13900.0,0.0,0.0,0.0,1.0
87e95d92-0bc5-4807-a934-d2a07b95926e,9700.0,9700.0,0.0,9700.0,9700.0,0.0,0.0,0.0,1.0
87ea292d-1bfd-45f1-8330-ec2467b303d7,495.0,495.0,0.0,495.0,495.0,0.0,0.0,0.0,1.0
87f0c232-48ae-466f-8d84-f4954b246c38,2499.0,2499.0,0.0,2499.0,2499.0,0.0,0.0,0.0,1.0
87f4e280-b019-4884-80ed-4fc1a7657104,210.0,210.0,0.0,210.0,210.0,0.0,0.0,0.0,1.0
87f7e5ac-b141-4617-9309-c7ea194ce97c,745.0,745.0,0.0,745.0,745.0,0.0,0.0,0.0,1.0
87f85e63-19d1-4593-999c-3ba9b5ea1498,145.0,145.0,0.0,145.0,145.0,0.0,0.0,0.0,1.0
87f880d7-2bf2-46df-97d2-b79b7dab2e4c,9200.0,9200.0,0.0,9200.0,9200.0,0.0,0.0,0.0,1.0
8807889e-2925-44d4-bc2f-33535aa54279,1400.0,1400.0,0.0,1400.0,1400.0,0.0,0.0,0.0,1.0
880eafbe-b3df-4ae9-b14a-cb4d35dee0d1,1800.0,1800.0,0.0,1800.0,1800.0,0.0,0.0,0.0,1.0
88228f2f-55bc-4d15-b62a-30b2a9bfcba1,35900.0,35900.0,0.0,35900.0,35900.0,0.0,0.0,0.0,1.0
88306987-cf93-4e20-a04a-4cc7101521ee,1595.0,1595.0,0.0,1595.0,1595.0,0.0,0.0,0.0,1.0
88325dba-976c-42f2-ab81-c3c0d3d9c786,675.0,675.0,0.0,675.0,675.0,0.0,0.0,0.0,1.0
883cae06-3490-479a-bb8f-e39e22c22a38,395.0,395.0,0.0,395.0,395.0,0.0,0.0,0.0,1.0
884037e9-c8fe-4462-9806-a477c19b31ff,135.0,135.0,0.0,135.0,135.0,0.0,0.0,0.0,1.0
884ad822-dfea-43a0-a67b-3ff60bd7f3ed,5795.0,5795.0,0.0,5795.0,5795.0,0.0,0.0,0.0,1.0
884b0a01-7f22-4a2a-a414-80677bce9437,2295.0,2295.0,0.0,2295.0,2295.0,0.0,0.0,0.0,1.0
8854914d-9d6c-4f77-8919-85fa00bd0bf4,195.0,195.0,0.0,195.0,195.0,0.0,0.0,0.0,1.0
885a271a-3752-45d0-8693-b72cf369337b,22900.0,22900.0,0.0,22900.0,22900.0,0.0,0.0,0.0,1.0
88657ee1-4968-463a-82c5-7528e3535e47,2350.0,2350.0,0.0,2350.0,2350.0,0.0,0.0,0.0,1.0
8866b395-d0ab-489b-80a6-ae9aa146500f,3800.0,3800.0,0.0,3800.0,3800.0,0.0,0.0,0.0,1.0
8867c75c-306d-4486-ae3a-3b211290db74,2745.0,2745.0,0.0,2745.0,2745.0,0.0,0.0,0.0,1.0
88684f53-9621-4621-be56-d42f5e4aadac,495.0,495.0,0.0,495.0,495.0,0.0,0.0,0.0,1.0
8869c2b9-0373-4da9-a8ee-94221d0f1dec,2895.0,2895.0,0.0,2895.0,2895.0,0.0,0.0,0.0,1.0
886b7232-35c1-4800-825c-6ad7b53ad0c2,1495.0,1495.0,0.0,1495.0,1495.0,0.0,0.0,0.0,1.0
8870fbac-991a-495c-be5e-6e9b822c3248,21900.0,21900.0,0.0,21900.0,21900.0,0.0,0.0,0.0,1.0
8876cb77-338a-4a93-8575-8aa30f806a7f,2000.0,2000.0,0.0,2000.0,2000.0,0.0,0.0,0.0,1.0
888010aa-589c-4b3d-aab4-16b6b3df07f0,4000.0,4000.0,0.0,4000.0,4000.0,0.0,0.0,0.0,1.0
888158a4-82ea-44ff-99e9-f775290b4dc3,1950.0,1950.0,0.0,1950.0,1950.0,0.0,0.0,0.0,1.0
8893c6e0-ed34-4408-8bce-d33122c613dc,650.0,650.0,0.0,650.0,650.0,0.0,0.0,0.0,1.0
889bf8ed-974d-4c15-8a14-1b531f786e0f,4695.0,4695.0,0.0,4695.0,4695.0,0.0,0.0,0.0,1.0
88a089e7-d3a0-44e4-96a6-d5e00597e7f6,24900.0,24900.0,0.0,24900.0,24900.0,0.0,0.0,0.0,1.0
88ab31f2-01ea-4cc0-ac0f-0b5331e2e609,2195.0,2195.0,0.0,2195.0,2195.0,0.0,0.0,0.0,1.0
88ad3099-b6ff-4555-b748-f8f2766f501c,80.0,80.0,0.0,80.0,80.0,0.0,0.0,0.0,1.0
88af5c17-4013-4438-898b-d52d70087866,4395.0,4395.0,0.0,4395.0,4395.0,0.0,0.0,0.0,1.0
88b0061d-495d-4cd4-bb30-29896c45116c,1050.0,1050.0,0.0,1050.0,1050.0,0.0,0.0,0.0,1.0
88b69c70-6754-4f7b-8d5b-efcfee793772,3040.0,3040.0,0.0,3040.0,3040.0,0.0,0.0,0.0,1.0
88be129b-51d8-4f74-96d3-7f0d6c89c963,413.0,413.0,0.0,413.0,413.0,0.0,0.0,0.0,1.0
88c8e0ae-2b03-464a-bcc1-8632bde32fec,2645.0,2645.0,0.0,2645.0,2645.0,0.0,0.0,0.0,1.0
88d176c0-9bd2-423a-ad37-f81b4488fa0f,1680.0,1680.0,0.0,1680.0,1680.0,0.0,0.0,0.0,1.0
88d305de-7c68-4eaa-bd33-1fea8d44040c,7995.0,7995.0,0.0,7995.0,7995.0,0.0,0.0,0.0,1.0
88db5253-199f-4b92-9298-0d0976390f98,21900.0,21900.0,0.0,21900.0,21900.0,0.0,0.0,0.0,1.0
88e826bc-180f-41ca-9ba4-8a5b7ec7e093,850.0,850.0,0.0,850.0,850.0,0.0,0.0,0.0,1.0
88f502ea-013b-4cb2-b345-2fb2e2d2081c,39000.0,39000.0,0.0,39000.0,39000.0,0.0,0.0,0.0,1.0
89069034-203f-4aaf-9410-257a92330a52,2595.0,2595.0,0.0,2595.0,2595.0,0.0,0.0,0.0,1.0
8908bea3-dec4-40db-af51-edddd0a5cae5,1500.0,1500.0,0.0,1500.0,1500.0,0.0,0.0,0.0,1.0
890b6dd8-a7fa-49c7-8845-3b2f32e688a1,4600.0,4600.0,0.0,4600.0,4600.0,0.0,0.0,0.0,1.0
890f266e-05a6-4635-98ac-932591d7c861,2360.0,2360.0,0.0,2360.0,2360.0,0.0,0.0,0.0,1.0
890f3eac-7a34-43a3-87ed-58d54369bef1,2500.0,2500.0,0.0,2500.0,2500.0,0.0,0.0,0.0,1.0
891473a8-5fcf-44cb-ad5d-93fb2256a8f6,4900.0,4900.0,0.0,4900.0,4900.0,0.0,0.0,0.0,1.0
891c52b9-89ee-47e1-98e1-d75ffb410b7b,1850.0,1850.0,0.0,1850.0,1850.0,0.0,0.0,0.0,1.0
891ed63e-2a2d-4dc8-98df-ca8d558b1be6,395.0,395.0,0.0,395.0,395.0,0.0,0.0,0.0,1.0
89221d70-d944-462a-87a4-3bfe1d5f5712,5325.0,5325.0,0.0,5325.0,5325.0,0.0,0.0,0.0,1.0
8927efc6-7fd0-4844-9db3-61745e906cb1,220.0,220.0,0.0,220.0,220.0,0.0,0.0,0.0,1.0
892a4ef6-7071-428e-b3de-202de401bedd,395.0,395.0,0.0,395.0,395.0,0.0,0.0,0.0,1.0
8932a5f0-9610-4693-ab37-00360b77824b,3395.0,3395.0,0.0,3395.0,3395.0,0.0,0.0,0.0,1.0
8935863d-d248-41ec-a0a1-480cca54a5e9,6995.0,6995.0,0.0,6995.0,6995.0,0.0,0.0,0.0,1.0
893ab162-ef3a-4f21-8474-551b4c921f9d,24900.0,24900.0,0.0,24900.0,24900.0,0.0,0.0,0.0,1.0
893c44c2-4725-40e6-81aa-3a3bbfddd1a8,1995.0,1995.0,0.0,1995.0,1995.0,0.0,0.0,0.0,1.0
893c7bdc-7890-4ede-ae83-6ddaa052f34e,19900.0,19900.0,0.0,19900.0,19900.0,0.0,0.0,0.0,1.0
893e31e5-d3cb-4692-bde6-6ec7fd04e304,12900.0,12900.0,0.0,12900.0,12900.0,0.0,0.0,0.0,1.0
89458c62-0dd6-4947-a660-0b1d23085376,2600.0,2600.0,0.0,2600.0,2600.0,0.0,0.0,0.0,1.0
89584423-315d-46de-9300-c299a498fcae,16900.0,16900.0,0.0,16900.0,16900.0,0.0,0.0,0.0,1.0
895cf943-0bbb-4d2e-97b9-fb4a77b6cee9,2030.0,2030.0,0.0,2030.0,2030.0,0.0,0.0,0.0,1.0
89660d1d-ca9a-483b-9eb4-c715130b7941,25900.0,25900.0,0.0,25900.0,25900.0,0.0,0.0,0.0,1.0
89663fcb-d23c-4846-a212-680fd2ff4686,1795.0,1795.0,0.0,1795.0,1795.0,0.0,0.0,0.0,1.0
8968fd54-3c32-419b-b35f-bfbfd88c760c,4995.0,4995.0,0.0,4995.0,4995.0,0.0,0.0,0.0,1.0
896ca1ac-b51c-4380-8e9f-6771790d6ec4,1695.0,1695.0,0.0,1695.0,1695.0,0.0,0.0,0.0,1.0
8972fab3-1705-4067-bd7c-06093161a0ab,895.0,895.0,0.0,895.0,895.0,0.0,0.0,0.0,1.0
89907bb0-9949-41f7-bfba-9aa930653b2a,3900.0,3900.0,0.0,3900.0,3900.0,0.0,0.0,0.0,1.0
899cd717-074b-4f84-bf4c-a6a9ddb47493,325.0,325.0,0.0,325.0,325.0,0.0,0.0,0.0,1.0
89a80c0e-b7b0-4d71-8c54-ba5e965f3f30,2295.0,2295.0,0.0,2295.0,2295.0,0.0,0.0,0.0,1.0
89b6ed20-47fa-47c5-9f12-f1933a6fe69f,470.0,470.0,0.0,470.0,470.0,0.0,0.0,0.0,1.0
89b906fd-acec-44eb-9bdb-f0d6fe185dc7,2700.0,2700.0,0.0,2700.0,2700.0,0.0,0.0,0.0,1.0
89bd14ab-e738-4d26-b6d6-af0cb5d91258,6000.0,6000.0,0.0,6000.0,6000.0,0.0,0.0,0.0,1.0
89da7562-c290-466d-894b-a5acb08a77b4,7200.0,7200.0,0.0,7200.0,7200.0,0.0,0.0,0.0,1.0
89e46ec4-6b8f-4e68-8630-3d451c901074,9900.0,9900.0,0.0,9900.0,9900.0,0.0,0.0,0.0,1.0
89f8e2b6-ff56-417b-af09-3a5595889a6c,995.0,995.0,0.0,995.0,995.0,0.0,0.0,0.0,1.0
89fbdb3d-b196-488f-b0b0-f17a8d3c75c9,4995.0,4995.0,0.0,4995.0,4995.0,0.0,0.0,0.0,1.0
89fc618b-f8b8-48eb-af58-cf8a6679489b,17500.0,17500.0,0.0,17500.0,17500.0,0.0,0.0,0.0,1.0
89ff9f99-0b15-40cf-af11-2c64cf989000,845.0,845.0,0.0,845.0,845.0,0.0,0.0,0.0,1.0
8a041074-cfeb-4433-8f44-a65b3d32fef9,495.0,495.0,0.0,495.0,495.0,0.0,0.0,0.0,1.0
8a0425ae-b6da-4f7b-8247-b0433fd76d01,995.0,995.0,0.0,995.0,995.0,0.0,0.0,0.0,1.0
8a06dd5c-6179-4b4c-a8d9-e63879a789b2,2395.0,2395.0,0.0,2395.0,2395.0,0.0,0.0,0.0,1.0
8a150549-04c1-447c-a09f-393c0a8e4e06,2295.0,2295.0,0.0,2295.0,2295.0,0.0,0.0,0.0,1.0
8a1521b3-7c97-415f-8c12-4c3c01dab9aa,27900.0,27900.0,0.0,27900.0,27900.0,0.0,0.0,0.0,1.0
8a179115-89b4-45c0-959e-b14e0421ada4,13900.0,13900.0,0.0,13900.0,13900.0,0.0,0.0,0.0,1.0
8a277366-aa2d-4647-a79b-e37f7aa6b725,5240.0,5240.0,0.0,5240.0,5240.0,0.0,0.0,0.0,1.0
8a3289ff-45a8-43b6-af90-583e195f724c,1595.0,1595.0,0.0,1595.0,1595.0,0.0,0.0,0.0,1.0
8a342b52-6ac4-4a8d-a9f7-8f068215211a,14900.0,14900.0,0.0,14900.0,14900.0,0.0,0.0,0.0,1.0
8a35067a-9ad4-4b48-b8ab-797b6f296b16,5995.0,5995.0,0.0,5995.0,5995.0,0.0,0.0,0.0,1.0
8a35f34d-7a39-46f8-a196-df007bc383c0,44900.0,44900.0,0.0,44900.0,44900.0,0.0,0.0,0.0,1.0
8a47f84c-23cf-4760-85a3-950b8b9f5436,33900.0,33900.0,0.0,33900.0,33900.0,0.0,0.0,0.0,1.0
8a48054f-3e8b-40a6-b1c2-486374859fb7,9900.0,9900.0,0.0,9900.0,9900.0,0.0,0.0,0.0,1.0
8a5d018d-493e-4c4e-a594-d4ba1de3f1c7,6100.0,6100.0,0.0,6100.0,6100.0,0.0,0.0,0.0,1.0
8a5ff828-3402-4e2c-8972-95a99739b638,3650.0,3650.0,0.0,3650.0,3650.0,0.0,0.0,0.0,1.0
8a6a576e-9504-4c89-b36e-b75efaee1e8e,27900.0,27900.0,0.0,27900.0,27900.0,0.0,0.0,0.0,1.0
8a71dfb1-c3c2-41fc-b6c1-88911c6c43b7,15900.0,15900.0,0.0,15900.0,15900.0,0.0,0.0,0.0,1.0
8a768dd5-a4af-481d-ab31-0981c187f8f1,8995.0,8995.0,0.0,8995.0,8995.0,0.0,0.0,0.0,1.0
8a76fb88-52b9-43a6-9c0e-5294cede0b38,445.0,445.0,0.0,445.0,445.0,0.0,0.0,0.0,1.0
8a89be25-3ce5-4e37-bd84-a5fd834a5aa0,175.0,175.0,0.0,175.0,175.0,0.0,0.0,0.0,1.0
8a945dc1-75fe-48cd-a367-626151b62d36,11500.0,11500.0,0.0,11500.0,11500.0,0.0,0.0,0.0,1.0
8a98fefe-3060-48ee-bda0-9a23b301b284,2800.0,2800.0,0.0,2800.0,2800.0,0.0,0.0,0.0,1.0
8aa0d845-449a-4bf2-910f-772b196df13f,595.0,595.0,0.0,595.0,595.0,0.0,0.0,0.0,1.0
8aa1e11a-557d-4aa7-8929-c866f2fea0b9,1250.0,1250.0,0.0,1250.0,1250.0,0.0,0.0,0.0,1.0
8aa59b3a-f5ba-4d34-afea-faed458d3922,4390.0,4390.0,0.0,4390.0,4390.0,0.0,0.0,0.0,1.0
8aa60682-58e5-4cdd-9cce-ce1bd7f0b313,29900.0,29900.0,0.0,29900.0,29900.0,0.0,0.0,0.0,1.0
8aa8f85b-dbc3-46f4-b00d-04f7cc62b7df,4995.0,4995.0,0.0,4995.0,4995.0,0.0,0.0,0.0,1.0
8ab1619b-8fdc-4119-b134-5981ff464c55,775.0,775.0,0.0,775.0,775.0,0.0,0.0,0.0,1.0
8ab170fb-aa92-4296-b6a3-b0320441dda0,3610.0,3610.0,0.0,3610.0,3610.0,0.0,0.0,0.0,1.0
8ab326f4-69e0-44df-81b8-8de85f62af3a,2800.0,2800.0,0.0,2800.0,2800.0,0.0,0.0,0.0,1.0
8ab50439-350f-43cb-8c40-47f28049f3c8,17900.0,17900.0,0.0,17900.0,17900.0,0.0,0.0,0.0,1.0
8ac4b78d-3aed-49a0-a62b-55b3a530a682,51900.0,51900.0,0.0,51900.0,51900.0,0.0,0.0,0.0,1.0
8ac8420d-016e-4aea-b9f5-d0cd4a0a4f0f,1195.0,1195.0,0.0,1195.0,1195.0,0.0,0.0,0.0,1.0
8accef42-7729-4fae-bca5-5cf09ecfb028,2800.0,2800.0,0.0,2800.0,2800.0,0.0,0.0,0.0,1.0
8acde784-e063-4d79-bab8-4e475f86fac4,1095.0,1095.0,0.0,1095.0,1095.0,0.0,0.0,0.0,1.0
8ad114c7-cc13-48bc-9cfb-8f3087e933f9,2295.0,2295.0,0.0,2295.0,2295.0,0.0,0.0,0.0,1.0
8ad883a3-e0aa-4b3d-9331-8a3e7a8fe345,2595.0,2595.0,0.0,2595.0,2595.0,0.0,0.0,0.0,1.0
8adb07a6-3123-4fcb-b3f7-908a42d7c198,37900.0,37900.0,0.0,37900.0,37900.0,0.0,0.0,0.0,1.0
8add6b5f-0ecd-4d26-b8cf-90846e4fbdfe,1695.0,1695.0,0.0,1695.0,1695.0,0.0,0.0,0.0,1.0
8ae2e643-8d0e-4302-a4fa-a0d7e3485cd7,20900.0,20900.0,0.0,20900.0,20900.0,0.0,0.0,0.0,1.0
8ae4843d-4f57-46ab-be60-1a8f79e2aaae,14500.0,14500.0,0.0,14500.0,14500.0,0.0,0.0,0.0,1.0
8ae6c808-3bcd-4063-8714-0616c9f1f0e3,2195.0,2195.0,0.0,2195.0,2195.0,0.0,0.0,0.0,1.0
8ae7c52b-daa3-4132-a8cc-454707a9d73a,595.0,595.0,0.0,595.0,595.0,0.0,0.0,0.0,1.0
8aefcd16-5ea7-4e95-9233-2ebbea205ab1,3695.0,3695.0,0.0,3695.0,3695.0,0.0,0.0,0.0,1.0
8af47c87-9bce-4e2e-8ebe-0ef14104273c,395.0,395.0,0.0,395.0,395.0,0.0,0.0,0.0,1.0
8af55a81-5dab-4d50-b648-5a47094a276b,34900.0,34900.0,0.0,34900.0,34900.0,0.0,0.0,0.0,1.0
8af80bdc-7bee-4c27-8306-f6a87dac5e0c,5195.0,5195.0,0.0,5195.0,5195.0,0.0,0.0,0.0,1.0
8af9ae79-b152-4035-8e91-854c8c69bc45,750.0,750.0,0.0,750.0,750.0,0.0,0.0,0.0,1.0
8aff53bb-6233-4764-b977-6607e711a7ab,21900.0,21900.0,0.0,21900.0,21900.0,0.0,0.0,0.0,1.0
8b0311c6-3781-4712-8656-58269025c4a6,1095.0,1095.0,0.0,1095.0,1095.0,0.0,0.0,0.0,1.0
8b066033-6149-4342-89b5-a5ac938941bc,795.0,795.0,0.0,795.0,795.0,0.0,0.0,0.0,1.0
8b1a38c9-7326-4e3a-88e3-4999014575b8,67900.0,67900.0,0.0,67900.0,67900.0,0.0,0.0,0.0,1.0
8b224672-7c08-40cf-b585-44bff0b43b8c,260.0,260.0,0.0,260.0,260.0,0.0,0.0,0.0,1.0
8b25d0a6-9690-4032-993a-0cdc8377081b,1795.0,1795.0,0.0,1795.0,1795.0,0.0,0.0,0.0,1.0
8b26e036-3808-421f-ae49-17d493030b6d,6900.0,6900.0,0.0,6900.0,6900.0,0.0,0.0,0.0,1.0
8b3c40d6-a160-4dfc-a40f-75e5148ef877,165.0,165.0,0.0,165.0,165.0,0.0,0.0,0.0,1.0
8b40d4c6-1e03-44b2-846a-faba74c25f1d,990.0,990.0,0.0,990.0,990.0,0.0,0.0,0.0,1.0
8b51505b-e22a-445f-8eb3-64ed872b2e97,495.0,495.0,0.0,495.0,495.0,0.0,0.0,0.0,1.0
8b5579d7-10af-454a-ab77-dd3833b1939e,3495.0,3495.0,0.0,3495.0,3495.0,0.0,0.0,0.0,1.0
8b55b551-e5f8-4dbd-a95e-a83afcbc6987,1650.0,1650.0,0.0,1650.0,1650.0,0.0,0.0,0.0,1.0
8b57a2a2-8aa6-4ad6-bbb2-780fe7c59037,7995.0,7995.0,0.0,7995.0,7995.0,0.0,0.0,0.0,1.0
8b5b329b-03f0-4ddc-a5d8-2eb9f38f8ec0,39900.0,39900.0,0.0,39900.0,39900.0,0.0,0.0,0.0,1.0
8b5b636b-1e7e-43db-9ef7-987b2b6c1c1e,595.0,595.0,0.0,595.0,595.0,0.0,0.0,0.0,1.0
8b603378-3a85-4d2b-95b4-de29e99865f7,9500.0,9500.0,0.0,9500.0,9500.0,0.0,0.0,0.0,1.0
8b6a9b14-5c08-46a9-8140-fb2959284940,1595.0,1595.0,0.0,1595.0,1595.0,0.0,0.0,0.0,1.0
8b700164-f884-4007-9942-8f0235def00c,4295.0,4295.0,0.0,4295.0,4295.0,0.0,0.0,0.0,1.0
8b72ce3e-549e-4330-be39-e1e18c6b6b59,10900.0,10900.0,0.0,10900.0,10900.0,0.0,0.0,0.0,1.0
8b73ac78-440e-4183-a908-6edec5635b46,5240.0,5240.0,0.0,5240.0,5240.0,0.0,0.0,0.0,1.0
8b7c9672-76aa-4ea6-8deb-1f6a0956fc6f,1050.0,1050.0,0.0,1050.0,1050.0,0.0,0.0,0.0,1.0
8b80a252-40c1-4b73-8b79-8b66a80fbc60,3495.0,3495.0,0.0,3495.0,3495.0,0.0,0.0,0.0,1.0
8b895b03-aef0-4f00-acea-2251738adff4,5670.0,5670.0,0.0,5670.0,5670.0,0.0,0.0,0.0,1.0
8b919d54-3547-4c11-bb81-b0884fd44f1f,37900.0,37900.0,0.0,37900.0,37900.0,0.0,0.0,0.0,1.0
8ba62843-a86b-4b37-be82-499257ebeb1e,5800.0,5800.0,0.0,5800.0,5800.0,0.0,0.0,0.0,1.0
8ba7a713-58ba-4ec7-a392-3b581b26c960,14500.0,14500.0,0.0,14500.0,14500.0,0.0,0.0,0.0,1.0
8ba8159d-f913-4220-bafc-4a693f4630e5,8995.0,8995.0,0.0,8995.0,8995.0,0.0,0.0,0.0,1.0
8bac0660-86d0-4beb-9c58-12600a4cf131,21900.0,21900.0,0.0,21900.0,21900.0,0.0,0.0,0.0,1.0
8bc1d44f-d629-457a-af18-c44ed38f7f51,695.0,695.0,0.0,695.0,695.0,0.0,0.0,0.0,1.0
8bc70728-5d4e-4bcf-86da-ae8e7c0d8385,2295.0,2295.0,0.0,2295.0,2295.0,0.0,0.0,0.0,1.0
8bca5434-ed01-44b9-bc22-f41b8b9e47e4,3395.0,3395.0,0.0,3395.0,3395.0,0.0,0.0,0.0,1.0
8bd79885-cc23-4bc0-a7b6-218396e8f92e,18900.0,18900.0,0.0,18900.0,18900.0,0.0,0.0,0.0,1.0
8bdfbc0b-38e5-47dc-a94e-d3079dcc2e07,1195.0,1195.0,0.0,1195.0,1195.0,0.0,0.0,0.0,1.0
8be46a75-6e94-4775-9854-4d10cf978804,3200.0,3200.0,0.0,3200.0,3200.0,0.0,0.0,0.0,1.0
8be629fa-6a7e-42ff-aecb-44fb839dece6,52900.0,52900.0,0.0,52900.0,52900.0,0.0,0.0,0.0,1.0
8bece2d5-d1b9-4021-913f-fad59f09cd72,1260.0,1260.0,0.0,1260.0,1260.0,0.0,0.0,0.0,1.0
8befecb6-7745-4dd4-99ae-04ecbdb82c61,24900.0,24900.0,0.0,24900.0,24900.0,0.0,0.0,0.0,1.0
8bf28d02-74ed-4e81-a3a5-5aa58cb25a11,1260.0,1260.0,0.0,1260.0,1260.0,0.0,0.0,0.0,1.0
8bf587ee-6060-444a-b4ab-7b6c64b299c5,5495.0,5495.0,0.0,5495.0,5495.0,0.0,0.0,0.0,1.0
8bf5f098-d4c3-448a-9a69-bc33396aabdd,2449.0,2449.0,0.0,2449.0,2449.0,0.0,0.0,0.0,1.0
8bf6cf17-8306-4588-a113-986a32701a74,2795.0,2795.0,0.0,2795.0,2795.0,0.0,0.0,0.0,1.0
8bf9c5cd-cbe1-4e9d-9881-5786f3947564,1499.0,1499.0,0.0,1499.0,1499.0,0.0,0.0,0.0,1.0
8c016bf7-df4b-4db7-8139-bd94fa764a4f,2850.0,2850.0,0.0,2850.0,2850.0,0.0,0.0,0.0,1.0
8c06450e-600b-4c07-a208-95ee82f169e0,3399.0,3399.0,0.0,3399.0,3399.0,0.0,0.0,0.0,1.0
8c072bb4-501b-44dd-8fa7-d49c7661bbee,100.0,100.0,0.0,100.0,100.0,0.0,0.0,0.0,1.0
8c1472e0-6ef0-44c4-bb6c-82f1c974ae76,4995.0,4995.0,0.0,4995.0,4995.0,0.0,0.0,0.0,1.0
8c237937-2f86-4a43-bc7b-0eac93d3f490,6000.0,6000.0,0.0,6000.0,6000.0,0.0,0.0,0.0,1.0
8c27ddf8-c9f6-4348-ac8e-d39c5d30a515,585.0,585.0,0.0,585.0,585.0,0.0,0.0,0.0,1.0
8c2895e9-da55-4408-842d-dc4a9441380d,15900.0,15900.0,0.0,15900.0,15900.0,0.0,0.0,0.0,1.0
8c2cad49-4d88-4e72-ab0a-cf4ce95c24c7,9900.0,9900.0,0.0,9900.0,9900.0,0.0,0.0,0.0,1.0
8c3d834f-4921-4c42-8410-eac54d3c7622,4495.0,4495.0,0.0,4495.0,4495.0,0.0,0.0,0.0,1.0
8c41ded5-59d1-421f-8e8c-3bf50008b453,2245.0,2245.0,0.0,2245.0,2245.0,0.0,0.0,0.0,1.0
8c455b57-13c2-4c4a-bd84-a89573da46b9,995.0,995.0,0.0,995.0,995.0,0.0,0.0,0.0,1.0
8c5d20d1-96a3-495f-bd92-e374006efb91,460.0,460.0,0.0,460.0,460.0,0.0,0.0,0.0,1.0
8c62a76e-626f-477d-9a53-7793a8c1d124,1195.0,1195.0,0.0,1195.0,1195.0,0.0,0.0,0.0,1.0
8c7141a2-96cd-43b6-a175-4f46ff5878d5,3495.0,3495.0,0.0,3495.0,3495.0,0.0,0.0,0.0,1.0
8c756f8e-6ec5-413e-93ad-dea6d49b2b4b,1200.0,1200.0,0.0,1200.0,1200.0,0.0,0.0,0.0,1.0
8c7eb3c5-cf12-4dac-946c-41075699256c,6495.0,6495.0,0.0,6495.0,6495.0,0.0,0.0,0.0,1.0
8c8eae22-9989-4aae-bbcd-9c4f0a4336bb,1795.0,1795.0,0.0,1795.0,1795.0,0.0,0.0,0.0,1.0
8c8efb3f-d68e-411d-9821-92770a408764,8995.0,8995.0,0.0,8995.0,8995.0,0.0,0.0,0.0,1.0
8c9187c5-db2b-43db-a912-1f0c767fd585,445.0,445.0,0.0,445.0,445.0,0.0,0.0,0.0,1.0
8c9f57ad-4e16-4692-9918-44416d5b8048,415.0,415.0,0.0,415.0,415.0,0.0,0.0,0.0,1.0
8c9f69c1-7276-43fd-ab80-4bf4fdc5d941,7995.0,7995.0,0.0,7995.0,7995.0,0.0,0.0,0.0,1.0
8ca34a37-b145-45dc-85c7-0023c1861aff,3995.0,3995.0,0.0,3995.0,3995.0,0.0,0.0,0.0,1.0
8cc8e9e5-37dd-436f-8427-ae03f30ca827,995.0,995.0,0.0,995.0,995.0,0.0,0.0,0.0,1.0
8cd0132f-55d3-4e97-aff8-e9180471771c,1395.0,1395.0,0.0,1395.0,1395.0,0.0,0.0,0.0,1.0
8cd1d4d1-79b0-4789-84ad-9c3543a6258e,2440.0,2440.0,0.0,2440.0,2440.0,0.0,0.0,0.0,1.0
8cd5e563-2208-41a6-bb21-17e44cf81af1,245.0,245.0,0.0,245.0,245.0,0.0,0.0,0.0,1.0
8ce02e5c-f2ba-44e6-a8bc-8aa655303525,8500.0,8500.0,0.0,8500.0,8500.0,0.0,0.0,0.0,1.0
8ce58fcc-8c8a-4591-8985-8a2f1d5596b7,3795.0,3795.0,0.0,3795.0,3795.0,0.0,0.0,0.0,1.0
8ce69c17-7b9e-4699-a00c-9b262f81c066,565.0,565.0,0.0,565.0,565.0,0.0,0.0,0.0,1.0
8ce843f4-99d8-41e5-baa9-e8faeece5c49,4795.0,4795.0,0.0,4795.0,4795.0,0.0,0.0,0.0,1.0
8cf9d154-f108-472d-8819-280017cfb865,945.0,945.0,0.0,945.0,945.0,0.0,0.0,0.0,1.0
8cfa3f34-8536-47c4-b9d0-4291a3b372dd,275.0,275.0,0.0,275.0,275.0,0.0,0.0,0.0,1.0
8d058417-b41e-4a00-a66b-aa10ed68c1fa,23900.0,23900.0,0.0,23900.0,23900.0,0.0,0.0,0.0,1.0
8d10f5e2-230a-4846-9dc9-b9c1657b92d6,1995.0,1995.0,0.0,1995.0,1995.0,0.0,0.0,0.0,1.0
8d15bac0-6de3-44f7-a130-700ff149c82c,11900.0,11900.0,0.0,11900.0,11900.0,0.0,0.0,0.0,1.0
8d15ddd7-2b5d-4730-8f9b-908c718e34c7,2100.0,2100.0,0.0,2100.0,2100.0,0.0,0.0,0.0,1.0
8d17dd5f-67f8-48b8-91bc-13f8e345e606,2995.0,2995.0,0.0,2995.0,2995.0,0.0,0.0,0.0,1.0
8d1825a4-f888-4990-b010-9e91f7f4ba4d,510.0,510.0,0.0,510.0,510.0,0.0,0.0,0.0,1.0
8d1a6f11-5697-4793-95bd-949cb1a7ba5a,5495.0,5495.0,0.0,5495.0,5495.0,0.0,0.0,0.0,1.0
8d278e0d-559d-49d9-94b6-e2620e0d4023,21900.0,21900.0,0.0,21900.0,21900.0,0.0,0.0,0.0,1.0
8d293184-ee17-4a92-a306-1f9879119505,10900.0,10900.0,0.0,10900.0,10900.0,0.0,0.0,0.0,1.0
8d2c1bd0-75b1-4843-9dd9-5e3f97d01ed0,23900.0,23900.0,0.0,23900.0,23900.0,0.0,0.0,0.0,1.0
8d359eac-8297-4e1b-a0a7-4dbe3704d2b9,7995.0,7995.0,0.0,7995.0,7995.0,0.0,0.0,0.0,1.0
8d455ca2-c207-4328-8894-13b2e70f8979,7900.0,7900.0,0.0,7900.0,7900.0,0.0,0.0,0.0,1.0
8d4a4793-fcd4-4326-aba3-bacf42b1fb48,1095.0,1095.0,0.0,1095.0,1095.0,0.0,0.0,0.0,1.0
8d4fad8b-ff9c-4a8a-99e5-d5f18cfa6af9,12900.0,12900.0,0.0,12900.0,12900.0,0.0,0.0,0.0,1.0
8d5940f3-4063-4b9a-b9ae-22bfd895b973,2299.0,2299.0,0.0,2299.0,2299.0,0.0,0.0,0.0,1.0
8d5bb8ce-8a0f-40e4-87cd-ade95bfb4c3f,3000.0,3000.0,0.0,3000.0,3000.0,0.0,0.0,0.0,1.0
8d610459-52a3-48ee-a90e-f332477f0f51,1995.0,1995.0,0.0,1995.0,1995.0,0.0,0.0,0.0,1.0
8d6a57fb-cd17-45b3-8a18-f1003c4bb114,595.0,595.0,0.0,595.0,595.0,0.0,0.0,0.0,1.0
8d7638af-83f2-4489-9d5f-46076fc76838,895.0,895.0,0.0,895.0,895.0,0.0,0.0,0.0,1.0
8d7caf4d-a692-437f-b887-6f5b76da4187,22900.0,22900.0,0.0,22900.0,22900.0,0.0,0.0,0.0,1.0
8d8282b0-1a1a-4b90-b151-e8b8af067b97,2145.0,2145.0,0.0,2145.0,2145.0,0.0,0.0,0.0,1.0
8d9001e3-750b-4f2b-a8d8-d3bdef78fd24,5700.0,5700.0,0.0,5700.0,5700.0,0.0,0.0,0.0,1.0
8d9ece99-1d3a-47ea-b8db-4066e489fb97,9900.0,9900.0,0.0,9900.0,9900.0,0.0,0.0,0.0,1.0
8da23ebc-98d9-4b7d-aa1f-24f6e746b8a9,3895.0,3895.0,0.0,3895.0,3895.0,0.0,0.0,0.0,1.0
8da258ea-e186-4d12-9777-081987ecbc46,2030.0,2030.0,0.0,2030.0,2030.0,0.0,0.0,0.0,1.0
8da5485e-62cd-4c25-a548-32e955d9fac9,5495.0,5495.0,0.0,5495.0,5495.0,0.0,0.0,0.0,1.0
8daa5b2f-d219-47dd-a6f4-aa868192d18a,525.0,525.0,0.0,525.0,525.0,0.0,0.0,0.0,1.0
8dada3cc-494b-4248-9aa0-ad510a49c132,3025.0,3025.0,0.0,3025.0,3025.0,0.0,0.0,0.0,1.0
8db43135-a1eb-4d27-8b26-6aa66f067d44,695.0,695.0,0.0,695.0,695.0,0.0,0.0,0.0,1.0
8dc27994-762a-4ff2-9674-97aa56322de3,695.0,695.0,0.0,695.0,695.0,0.0,0.0,0.0,1.0
8dc4e1cc-ce3a-4c9b-b0e7-56a5635828c8,24900.0,24900.0,0.0,24900.0,24900.0,0.0,0.0,0.0,1.0
8dd9d5f7-be5c-4653-973d-9297e152dd29,2895.0,2895.0,0.0,2895.0,2895.0,0.0,0.0,0.0,1.0
8dde773a-3b4c-45e7-bb9d-8125ae8b8543,945.0,945.0,0.0,945.0,945.0,0.0,0.0,0.0,1.0
8de5f829-2c0a-443d-a215-3b01d4730fb8,9900.0,9900.0,0.0,9900.0,9900.0,0.0,0.0,0.0,1.0
8de6f185-1e41-4c09-9a64-cd33847d69bc,3599.0,3599.0,0.0,3599.0,3599.0,0.0,0.0,0.0,1.0
8de9e356-f6a7-4344-a8d5-a3f4bad755fb,3995.0,3995.0,0.0,3995.0,3995.0,0.0,0.0,0.0,1.0
8df82713-0f3f-49ee-9bc2-d0965e8c63e6,9900.0,9900.0,0.0,9900.0,9900.0,0.0,0.0,0.0,1.0
8e0b1541-4385-4ed6-a2a8-9a1b4f1ab75b,2295.0,2295.0,0.0,2295.0,2295.0,0.0,0.0,0.0,1.0
8e100bb3-9a22-4a5f-a1e2-c653b8f47612,2995.0,2995.0,0.0,2995.0,2995.0,0.0,0.0,0.0,1.0
8e108f6c-cdf7-4c7e-b3eb-80a82029dd32,3995.0,3995.0,0.0,3995.0,3995.0,0.0,0.0,0.0,1.0
8e147905-1ee0-4861-8956-ab8f765b5c79,10900.0,10900.0,0.0,10900.0,10900.0,0.0,0.0,0.0,1.0
8e15c00d-f98b-447e-ac6c-b064634a8b89,7495.0,7495.0,0.0,7495.0,7495.0,0.0,0.0,0.0,1.0
8e1cf22c-e895-45e2-b5ed-0f768a8480d7,120.0,120.0,0.0,120.0,120.0,0.0,0.0,0.0,1.0
8e2d92d0-a76f-4724-8503-02c40c2231f8,14900.0,14900.0,0.0,14900.0,14900.0,0.0,0.0,0.0,1.0
8e394d5a-f383-4b48-8a84-15e0e3534883,845.0,845.0,0.0,845.0,845.0,0.0,0.0,0.0,1.0
8e3f7220-0cd4-4ad1-a725-c417c4cc5ebd,5395.0,5395.0,0.0,5395.0,5395.0,0.0,0.0,0.0,1.0
8e3f7a77-7474-412c-9e46-2951aaf226c7,8900.0,8900.0,0.0,8900.0,8900.0,0.0,0.0,0.0,1.0
8e40a5ac-b72e-4da9-8b04-4f6b601915ff,2500.0,2500.0,0.0,2500.0,2500.0,0.0,0.0,0.0,1.0
8e43b7e3-2141-4ba9-ab2e-170dd263a815,3995.0,3995.0,0.0,3995.0,3995.0,0.0,0.0,0.0,1.0
8e448db4-5415-4da7-a9b2-4dce575d1aa7,6160.0,6160.0,0.0,6160.0,6160.0,0.0,0.0,0.0,1.0
8e53a07e-3a0c-4560-8976-de2698a6f834,3900.0,3900.0,0.0,3900.0,3900.0,0.0,0.0,0.0,1.0
8e571156-02a8-46c1-8811-1445bc8dd1bc,1895.0,1895.0,0.0,1895.0,1895.0,0.0,0.0,0.0,1.0
8e594f5d-c415-4868-b60e-882c41d191a7,10900.0,10900.0,0.0,10900.0,10900.0,0.0,0.0,0.0,1.0
8e65fb9b-c366-4206-b001-bef503f29fc4,15500.0,15500.0,0.0,15500.0,15500.0,0.0,0.0,0.0,1.0
8e809f6f-3a4f-4c54-84f3-161896269a83,495.0,495.0,0.0,495.0,495.0,0.0,0.0,0.0,1.0
8e8a609b-3954-427d-a6f8-58286754bc21,1095.0,1095.0,0.0,1095.0,1095.0,0.0,0.0,0.0,1.0
8e8a84bd-1def-47b8-92e1-940c459e9c59,13900.0,13900.0,0.0,13900.0,13900.0,0.0,0.0,0.0,1.0
8e8c0ecc-567f-4c6b-b817-6341f6883d32,2995.0,2995.0,0.0,2995.0,2995.0,0.0,0.0,0.0,1.0
8e8d7aaa-3751-4600-81d2-e73e87b35632,850.0,850.0,0.0,850.0,850.0,0.0,0.0,0.0,1.0
8e8dd31e-6e57-4071-931d-773acadab75f,1495.0,1495.0,0.0,1495.0,1495.0,0.0,0.0,0.0,1.0
8e93aef2-e017-458b-a22f-f4819b4b46cc,11900.0,11900.0,0.0,11900.0,11900.0,0.0,0.0,0.0,1.0
8e952282-cd90-4d02-b4ba-11b559cbaded,3695.0,3695.0,0.0,3695.0,3695.0,0.0,0.0,0.0,1.0
8ea027fb-5662-475d-a092-997a7d644ba1,6400.0,6400.0,0.0,6400.0,6400.0,0.0,0.0,0.0,1.0
8ea05117-fcf2-45e8-aa91-cc24cdd7b8dd,995.0,995.0,0.0,995.0,995.0,0.0,0.0,0.0,1.0
8ea0f585-9ea4-49ca-892b-357f1de01ad7,9900.0,9900.0,0.0,9900.0,9900.0,0.0,0.0,0.0,1.0
8ea0f939-c181-4a35-99dc-a774754ebff3,9900.0,9900.0,0.0,9900.0,9900.0,0.0,0.0,0.0,1.0
8ea2ef8c-286f-4414-82c3-578afeb7baae,4495.0,4495.0,0.0,4495.0,4495.0,0.0,0.0,0.0,1.0
8ea35455-e81d-4af2-bfd3-70e291f3f434,17900.0,17900.0,0.0,17900.0,17900.0,0.0,0.0,0.0,1.0
8ead9ed6-b1c7-469d-848a-361f1246a944,695.0,695.0,0.0,695.0,695.0,0.0,0.0,0.0,1.0
8eafd078-4d57-4aa3-8df3-e03ea6ab3eec,1395.0,1395.0,0.0,1395.0,1395.0,0.0,0.0,0.0,1.0
8eb69e3f-3826-4731-a852-87b89a1d34c2,395.0,395.0,0.0,395.0,395.0,0.0,0.0,0.0,1.0
8ebd9e3d-ce38-45af-9b56-be8fbb80263d,850.0,850.0,0.0,850.0,850.0,0.0,0.0,0.0,1.0
8ec276da-d33c-4617-8b1f-da735651391d,445.0,445.0,0.0,445.0,445.0,0.0,0.0,0.0,1.0
8ec431a5-80fd-4755-be73-c6326cc6f05a,14500.0,14500.0,0.0,14500.0,14500.0,0.0,0.0,0.0,1.0
8ec91a45-f80d-4c3f-8a45-c7808ff53c84,3995.0,3995.0,0.0,3995.0,3995.0,0.0,0.0,0.0,1.0
8ecd89a4-395c-4b9f-ae0d-464dd97daeea,5495.0,5495.0,0.0,5495.0,5495.0,0.0,0.0,0.0,1.0
8ecdfa95-ef6c-4564-9c32-687e153740d3,3110.0,3110.0,0.0,3110.0,3110.0,0.0,0.0,0.0,1.0
8edbc842-34a2-49cd-81b9-c2206c431103,2449.0,2449.0,0.0,2449.0,2449.0,0.0,0.0,0.0,1.0
8eddf442-f91e-4a32-b1e4-1f666604cef8,995.0,995.0,0.0,995.0,995.0,0.0,0.0,0.0,1.0
8ee0f8da-cdae-4ad0-936e-26c69b6b8c01,445.0,445.0,0.0,445.0,445.0,0.0,0.0,0.0,1.0
8ee710f8-ec41-48c3-8ae3-909224cb83b5,1395.0,1395.0,0.0,1395.0,1395.0,0.0,0.0,0.0,1.0
8ee731c1-45d6-4f98-b456-5b3924eacb9e,1595.0,1595.0,0.0,1595.0,1595.0,0.0,0.0,0.0,1.0
8ef90c32-9b4f-434a-ab9c-34d750a94df5,2995.0,2995.0,0.0,2995.0,2995.0,0.0,0.0,0.0,1.0
8efbb27b-0617-45f0-9954-9f3ae78db12a,7495.0,7495.0,0.0,7495.0,7495.0,0.0,0.0,0.0,1.0
8efc4c39-12a4-4e0a-98e9-62c97ee40b1a,6100.0,6100.0,0.0,6100.0,6100.0,0.0,0.0,0.0,1.0
8f077b6a-ee9a-4fd2-ace4-c302dec3450a,6995.0,6995.0,0.0,6995.0,6995.0,0.0,0.0,0.0,1.0
8f08c56e-ccdd-4bc9-9e02-836744eae5ef,16900.0,16900.0,0.0,16900.0,16900.0,0.0,0.0,0.0,1.0
8f0c4954-3d1b-4190-8376-9193c1c98e3d,6900.0,6900.0,0.0,6900.0,6900.0,0.0,0.0,0.0,1.0
8f0c51f1-b53b-4861-80e0-93987f74fc55,2695.0,2695.0,0.0,2695.0,2695.0,0.0,0.0,0.0,1.0
8f0dae42-7e41-4b00-8f12-89d9c6295956,5395.0,5395.0,0.0,5395.0,5395.0,0.0,0.0,0.0,1.0
8f141ac8-f839-449c-8b8c-ea5f357385af,17900.0,17900.0,0.0,17900.0,17900.0,0.0,0.0,0.0,1.0
8f1a1ab3-6437-48fe-8458-9ae0ef034835,16500.0,16500.0,0.0,16500.0,16500.0,0.0,0.0,0.0,1.0
8f1c5c75-ca2e-41b3-afe6-a54d896d16d8,9590.0,9590.0,0.0,9590.0,9590.0,0.0,0.0,0.0,1.0
8f20f200-893e-4aab-a83f-31da69aa13b3,1730.0,1730.0,0.0,1730.0,1730.0,0.0,0.0,0.0,1.0
8f31ff51-5c13-4a58-80e7-43694b1425b9,24900.0,24900.0,0.0,24900.0,24900.0,0.0,0.0,0.0,1.0
8f33dbbd-afa5-493e-9afc-444b202534aa,1035.0,1035.0,0.0,1035.0,1035.0,0.0,0.0,0.0,1.0
8f344165-409a-4b80-bcf4-776b4850da68,1599.0,1599.0,0.0,1599.0,1599.0,0.0,0.0,0.0,1.0
8f351fbc-38bd-46b0-bea2-1afdabf2b86b,990.0,990.0,0.0,990.0,990.0,0.0,0.0,0.0,1.0
8f3f6b7f-f26c-476e-853b-965702ab2f53,45.0,45.0,0.0,45.0,45.0,0.0,0.0,0.0,1.0
8f404b48-597a-4ae6-8d24-1ec0607dccbf,9900.0,9900.0,0.0,9900.0,9900.0,0.0,0.0,0.0,1.0
8f4748d7-02b3-42ec-9873-c708c56e1919,1495.0,1495.0,0.0,1495.0,1495.0,0.0,0.0,0.0,1.0
8f4e919e-b992-4e49-b5aa-f632a9db6665,3650.0,3650.0,0.0,3650.0,3650.0,0.0,0.0,0.0,1.0
8f5003cd-3f94-46fb-860a-284d35a4f99b,16900.0,16900.0,0.0,16900.0,16900.0,0.0,0.0,0.0,1.0
8f53a68e-7800-4b40-b10f-9835a8ea41a6,1350.0,1350.0,0.0,1350.0,1350.0,0.0,0.0,0.0,1.0
8f5cc30d-6f6f-4d57-90d6-a778ebdbc433,295.0,295.0,0.0,295.0,295.0,0.0,0.0,0.0,1.0
8f6fbb77-b8f6-4c36-af91-8eedc318b684,3995.0,3995.0,0.0,3995.0,3995.0,0.0,0.0,0.0,1.0
8f70cc9c-88a4-48ef-81fa-b76c969ac468,11500.0,11500.0,0.0,11500.0,11500.0,0.0,0.0,0.0,1.0
8f7462d7-e954-41cf-9b4a-fcbcd04b085f,5495.0,5495.0,0.0,5495.0,5495.0,0.0,0.0,0.0,1.0
8f781c1f-b79c-4a1d-8372-4ded33f3f2af,16900.0,16900.0,0.0,16900.0,16900.0,0.0,0.0,0.0,1.0
8f78dae1-0740-40d3-b58d-5c1d1f11161f,695.0,695.0,0.0,695.0,695.0,0.0,0.0,0.0,1.0
8f7b86ea-4a8d-4b42-9629-bc07f4e8abdb,16900.0,16900.0,0.0,16900.0,16900.0,0.0,0.0,0.0,1.0
8f7c2d7a-fad4-4698-aebc-57ea2b096425,2750.0,2750.0,0.0,2750.0,2750.0,0.0,0.0,0.0,1.0
8f7ea536-f397-4809-9b7c-34b575768313,1995.0,1995.0,0.0,1995.0,1995.0,0.0,0.0,0.0,1.0
8f7f691e-479d-4aea-a4ff-b94ec3512821,599.0,599.0,0.0,599.0,599.0,0.0,0.0,0.0,1.0
8f883f22-8d23-484d-bb75-821eb27645fb,1810.0,1810.0,0.0,1810.0,1810.0,0.0,0.0,0.0,1.0
8fa0822b-5b61-4596-bdc2-e2f69b467a02,2895.0,2895.0,0.0,2895.0,2895.0,0.0,0.0,0.0,1.0
8fa382d2-c2c2-442b-b20e-8deeb429b12a,1295.0,1295.0,0.0,1295.0,1295.0,0.0,0.0,0.0,1.0
8fae32de-6d2b-4239-8b9e-c124eff8d2d7,1195.0,1195.0,0.0,1195.0,1195.0,0.0,0.0,0.0,1.0
8faefde9-e709-4bfb-a8d0-aea70aa0dd76,120.0,120.0,0.0,120.0,120.0,0.0,0.0,0.0,1.0
8fb364ff-9625-404b-b15d-c09424406116,2850.0,2850.0,0.0,2850.0,2850.0,0.0,0.0,0.0,1.0
8fb72f9d-9f03-4e93-9c4c-b4e6bc7eed1f,895.0,895.0,0.0,895.0,895.0,0.0,0.0,0.0,1.0
8fb9ed1f-31ec-4209-8590-9881a2578211,695.0,695.0,0.0,695.0,695.0,0.0,0.0,0.0,1.0
8fdd8aea-08b1-4a5f-b264-2bb091918c4a,24900.0,24900.0,0.0,24900.0,24900.0,0.0,0.0,0.0,1.0
8fddb7ee-c843-4519-a44a-f404d687ef12,2700.0,2700.0,0.0,2700.0,2700.0,0.0,0.0,0.0,1.0
8fdeef4e-6b0c-4506-9392-230ef9b68558,27900.0,27900.0,0.0,27900.0,27900.0,0.0,0.0,0.0,1.0
8ff7f8b4-cd34-4898-8137-b8dcd1346a97,6595.0,6595.0,0.0,6595.0,6595.0,0.0,0.0,0.0,1.0
8ffe293c-dce5-471f-ba8f-ac89b98820fe,335.0,335.0,0.0,335.0,335.0,0.0,0.0,0.0,1.0
900f2b0d-0b2e-4f7a-9040-dbd898745688,6995.0,6995.0,0.0,6995.0,6995.0,0.0,0.0,0.0,1.0
9012abb0-b4fe-4bbf-9f80-943deed6270c,1245.0,1245.0,0.0,1245.0,1245.0,0.0,0.0,0.0,1.0
90190fd7-2219-47e1-bd88-fd63f1679ee2,240.0,240.0,0.0,240.0,240.0,0.0,0.0,0.0,1.0
90224130-69e8-48c3-b178-a166e0aae6e4,9900.0,9900.0,0.0,9900.0,9900.0,0.0,0.0,0.0,1.0
903760f1-ed24-4863-818c-0dd76aa35dc4,1395.0,1395.0,0.0,1395.0,1395.0,0.0,0.0,0.0,1.0
9037bbf7-d584-4a2a-9713-d1c59c5f6373,2295.0,2295.0,0.0,2295.0,2295.0,0.0,0.0,0.0,1.0
90396ecb-ae4e-496d-93dc-197b12eae65c,10900.0,10900.0,0.0,10900.0,10900.0,0.0,0.0,0.0,1.0
90438b23-33a6-42d4-b994-a6399eddd7db,2895.0,2895.0,0.0,2895.0,2895.0,0.0,0.0,0.0,1.0
90478daa-0b0f-4ffa-bf1e-372cdbd5cd93,1750.0,1750.0,0.0,1750.0,1750.0,0.0,0.0,0.0,1.0
904b6464-3d3a-4f07-bbfa-7868d8547221,24900.0,24900.0,0.0,24900.0,24900.0,0.0,0.0,0.0,1.0
904fd75c-5582-4d22-adbd-18cb6ab65382,19900.0,19900.0,0.0,19900.0,19900.0,0.0,0.0,0.0,1.0
90511798-740c-4602-ba37-d459637404ac,2095.0,2095.0,0.0,2095.0,2095.0,0.0,0.0,0.0,1.0
905845cd-b7cc-4431-8aeb-6c839a689e7b,19900.0,19900.0,0.0,19900.0,19900.0,0.0,0.0,0.0,1.0
9064075c-6381-41ea-a378-f0c5b242c461,1700.0,1700.0,0.0,1700.0,1700.0,0.0,0.0,0.0,1.0
9065d356-dd91-47db-a5ae-08323057b781,1595.0,1595.0,0.0,1595.0,1595.0,0.0,0.0,0.0,1.0
9070e2f9-1159-4538-a93e-564c51e59097,15900.0,15900.0,0.0,15900.0,15900.0,0.0,0.0,0.0,1.0
90764543-9bcf-4a58-8775-2b397cf2a803,2395.0,2395.0,0.0,2395.0,2395.0,0.0,0.0,0.0,1.0
907684fd-2e6d-48ed-9aab-65c1033433e3,4995.0,4995.0,0.0,4995.0,4995.0,0.0,0.0,0.0,1.0
9077456b-1745-404b-9c3a-b9693d582026,49900.0,49900.0,0.0,49900.0,49900.0,0.0,0.0,0.0,1.0
90823b9f-2fe2-4769-a70f-a26591d17a28,30900.0,30900.0,0.0,30900.0,30900.0,0.0,0.0,0.0,1.0
90877175-9992-4998-bf32-bdf66df8f6c1,460.0,460.0,14.142135623730951,450.0,470.0,10.0,0.030743773095067286,20.0,1.0444444444444445
90877463-5cb3-466c-871c-1af58e4b4c66,10900.0,10900.0,0.0,10900.0,10900.0,0.0,0.0,0.0,1.0
908f5345-7158-4c1a-8175-88bbe1955138,6995.0,6995.0,0.0,6995.0,6995.0,0.0,0.0,0.0,1.0
9090c142-43d8-4730-b55e-1139dd9e0611,2100.0,2100.0,0.0,2100.0,2100.0,0.0,0.0,0.0,1.0
909355a9-434b-4db5-bfc2-194aefdc31dd,13500.0,13500.0,0.0,13500.0,13500.0,0.0,0.0,0.0,1.0
909ddcff-eb5e-442c-b3d8-35d08cb8b8e1,10900.0,10900.0,0.0,10900.0,10900.0,0.0,0.0,0.0,1.0
90b26a00-a860-4b8f-8a76-050d7751e05d,1695.0,1695.0,0.0,1695.0,1695.0,0.0,0.0,0.0,1.0
90b81328-b938-4470-ba07-4a6a44fac82d,6150.0,6150.0,0.0,6150.0,6150.0,0.0,0.0,0.0,1.0
90e1d1ce-fa14-4342-a2bd-1a9c896a5089,1499.0,1499.0,0.0,1499.0,1499.0,0.0,0.0,0.0,1.0
90e4986b-1e18-4a36-afe0-c0a4e88b255e,1730.0,1730.0,0.0,1730.0,1730.0,0.0,0.0,0.0,1.0
90e8bc7b-742b-4787-8142-9d75f3d025ee,16900.0,16900.0,0.0,16900.0,16900.0,0.0,0.0,0.0,1.0
90e8cbe6-44e5-45b1-8da4-04cdfa83dce3,9900.0,9900.0,0.0,9900.0,9900.0,0.0,0.0,0.0,1.0
90ea9221-781e-48dc-88fa-c2c76ecddf61,3150.0,3150.0,0.0,3150.0,3150.0,0.0,0.0,0.0,1.0
90ead6c3-0e37-4c09-8ff5-5a16335ca2c5,1295.0,1295.0,0.0,1295.0,1295.0,0.0,0.0,0.0,1.0
90ee349f-8d14-4c1a-9665-708fa6c591f5,2800.0,2800.0,0.0,2800.0,2800.0,0.0,0.0,0.0,1.0
90f36ff6-9054-471d-a44d-485209194add,11900.0,11900.0,0.0,11900.0,11900.0,0.0,0.0,0.0,1.0
90feae6d-56cd-43f9-a852-0c57f3e8cf33,15900.0,15900.0,0.0,15900.0,15900.0,0.0,0.0,0.0,1.0
9109e793-2850-418d-9e03-3348161a2bc4,3550.0,3550.0,0.0,3550.0,3550.0,0.0,0.0,0.0,1.0
910cf00e-fdee-4cc8-92d2-279ece983464,545.0,545.0,0.0,545.0,545.0,0.0,0.0,0.0,1.0
910e3540-828a-4237-aa90-59f502489956,1345.0,1345.0,0.0,1345.0,1345.0,0.0,0.0,0.0,1.0
912e5bfb-587c-445a-be5b-3f8804f47411,2900.0,2900.0,0.0,2900.0,2900.0,0.0,0.0,0.0,1.0
9134af24-8c85-481f-bb0d-dcb692c43e10,1195.0,1195.0,0.0,1195.0,1195.0,0.0,0.0,0.0,1.0
913734ae-6cb0-4d0b-a648-50d2852581d4,845.0,845.0,0.0,845.0,845.0,0.0,0.0,0.0,1.0
913b027c-4c4b-4487-9adb-9c16f31d1a9b,3499.0,3499.0,0.0,3499.0,3499.0,0.0,0.0,0.0,1.0
9144fdf2-bb46-4bf0-97f4-df65cd5b4a45,1850.0,1850.0,0.0,1850.0,1850.0,0.0,0.0,0.0,1.0
9159c0a9-0080-42e3-a960-e4087e4310a9,17500.0,17500.0,0.0,17500.0,17500.0,0.0,0.0,0.0,1.0
91621787-c929-4c7e-91cd-f90dc1cad444,1950.0,1950.0,0.0,1950.0,1950.0,0.0,0.0,0.0,1.0
916512f7-bf41-4f1b-8c06-a4cf2b68d838,28900.0,28900.0,0.0,28900.0,28900.0,0.0,0.0,0.0,1.0
916c6d00-7e0e-4254-b11a-7cb6d637e7d2,10500.0,10500.0,0.0,10500.0,10500.0,0.0,0.0,0.0,1.0
916e7a5f-d91e-4aed-b8ce-7e4d8903599b,1899.0,1899.0,0.0,1899.0,1899.0,0.0,0.0,0.0,1.0
917358b2-fb0c-4062-aabb-4e8605d344a6,2095.0,2095.0,0.0,2095.0,2095.0,0.0,0.0,0.0,1.0
91747753-cb66-4bce-a1e6-7b5f6f1a73c2,1295.0,1295.0,0.0,1295.0,1295.0,0.0,0.0,0.0,1.0
9181cf30-1310-466f-9adf-cb11c36b53dc,10900.0,10900.0,0.0,10900.0,10900.0,0.0,0.0,0.0,1.0
91849ee6-485c-4fdd-8971-044d6c46a814,8900.0,8900.0,0.0,8900.0,8900.0,0.0,0.0,0.0,1.0
91861817-c79b-4668-9d11-d0e3ded861cc,4500.0,4500.0,0.0,4500.0,4500.0,0.0,0.0,0.0,1.0
91885617-0e8a-4b76-b5b1-35bb5867eb35,7495.0,7495.0,0.0,7495.0,7495.0,0.0,0.0,0.0,1.0
91890870-3fb7-46cd-825a-e0bbed6807d5,535.0,535.0,0.0,535.0,535.0,0.0,0.0,0.0,1.0
9189356a-8968-4347-9857-bb6982add928,4495.0,4495.0,0.0,4495.0,4495.0,0.0,0.0,0.0,1.0
918d7318-bfd9-4c62-bdbb-7019cf1370ec,4195.0,4195.0,0.0,4195.0,4195.0,0.0,0.0,0.0,1.0
91a3e90f-f11e-41c6-b34b-febbbc88ee57,1045.0,1045.0,0.0,1045.0,1045.0,0.0,0.0,0.0,1.0
91acc097-9c77-4ea2-82af-cc53a90dd4bb,9900.0,9900.0,0.0,9900.0,9900.0,0.0,0.0,0.0,1.0
91ae8e4b-5e2d-4231-aa52-601180f734c1,6495.0,6495.0,0.0,6495.0,6495.0,0.0,0.0,0.0,1.0
91b89bce-bd27-46f7-bf20-f20ddda46f4e,695.0,695.0,0.0,695.0,695.0,0.0,0.0,0.0,1.0
91bb0dd1-40a0-4ad6-8c93-dc23cd7fbe8d,11900.0,11900.0,0.0,11900.0,11900.0,0.0,0.0,0.0,1.0
91c07a41-de32-44cb-aa0c-3d6ef437f013,15900.0,15900.0,0.0,15900.0,15900.0,0.0,0.0,0.0,1.0
91d0eb45-af4d-4f45-b3e8-901f567227e6,11900.0,11900.0,0.0,11900.0,11900.0,0.0,0.0,0.0,1.0
91d5fbd3-e28d-4567-92d5-f2cbef86480c,8900.0,8900.0,0.0,8900.0,8900.0,0.0,0.0,0.0,1.0
91db01a3-9755-4a24-8146-241f138ee404,28900.0,28900.0,0.0,28900.0,28900.0,0.0,0.0,0.0,1.0
91dfaed0-b2e4-4188-931a-f1f61775c733,610.0,610.0,0.0,610.0,610.0,0.0,0.0,0.0,1.0
91e6ba6d-52d7-4ec6-9509-c75a8fc95b45,2395.0,2395.0,0.0,2395.0,2395.0,0.0,0.0,0.0,1.0
91e7528d-700a-4776-8b37-50bb5ac848b2,2495.0,2495.0,0.0,2495.0,2495.0,0.0,0.0,0.0,1.0
91f9ca30-bdb7-4e5d-94b9-757ca1ab62ab,18900.0,18900.0,0.0,18900.0,18900.0,0.0,0.0,0.0,1.0
91fa1537-10b8-4325-a9ca-0baaadf81a1d,1895.0,1895.0,0.0,1895.0,1895.0,0.0,0.0,0.0,1.0
91fc3731-b4c4-49d3-a549-f630912306be,3995.0,3995.0,0.0,3995.0,3995.0,0.0,0.0,0.0,1.0
91fe3218-1544-4ea8-ad7e-a671f97f8d68,10900.0,10900.0,0.0,10900.0,10900.0,0.0,0.0,0.0,1.0
9200d6ed-190c-4e56-b426-0d9904154b81,4900.0,4900.0,0.0,4900.0,4900.0,0.0,0.0,0.0,1.0
9203dd58-ab93-49ed-b4bf-39a632edf636,100.0,100.0,0.0,100.0,100.0,0.0,0.0,0.0,1.0
92057bd1-d4a5-464a-be40-9fb9dac4ba45,395.0,395.0,0.0,395.0,395.0,0.0,0.0,0.0,1.0
9224f9ee-9643-4491-94ae-73909dceddbc,5495.0,5495.0,0.0,5495.0,5495.0,0.0,0.0,0.0,1.0
923498e1-6851-467a-a9d1-0e241dd1457a,9900.0,9900.0,0.0,9900.0,9900.0,0.0,0.0,0.0,1.0
92368356-80ca-4654-8026-a5480bb33390,1195.0,1195.0,0.0,1195.0,1195.0,0.0,0.0,0.0,1.0
92443fc7-0ff2-48f5-849f-4aa7a3309e3f,2295.0,2295.0,0.0,2295.0,2295.0,0.0,0.0,0.0,1.0
9247c6e8-a1bb-4635-a331-9d68d38bb197,18900.0,18900.0,0.0,18900.0,18900.0,0.0,0.0,0.0,1.0
924822ed-6ee6-4ff9-8ec2-0e5b1c15ec14,8200.0,8200.0,0.0,8200.0,8200.0,0.0,0.0,0.0,1.0
924977c6-a5f8-402c-b2f4-870dd667ead9,135.0,135.0,0.0,135.0,135.0,0.0,0.0,0.0,1.0
925c9747-0f71-4b6a-937a-9d896f697f82,6900.0,6900.0,0.0,6900.0,6900.0,0.0,0.0,0.0,1.0
92616e4c-9412-47bb-9884-a77ffab90333,2595.0,2595.0,0.0,2595.0,2595.0,0.0,0.0,0.0,1.0
92664e43-10fe-4a58-87d9-58e7e9772904,995.0,995.0,0.0,995.0,995.0,0.0,0.0,0.0,1.0
927e3a61-bee4-4e5c-b05b-939df1b17ca3,105.0,105.0,0.0,105.0,105.0,0.0,0.0,0.0,1.0
9282f545-41c0-47d1-8153-0c25d27d17a3,3995.0,3995.0,0.0,3995.0,3995.0,0.0,0.0,0.0,1.0
92873757-1444-491b-ba7b-f43f3d63fe2c,29900.0,29900.0,0.0,29900.0,29900.0,0.0,0.0,0.0,1.0
9287fb09-5c8b-4416-b477-1bc282d5c79f,33900.0,33900.0,0.0,33900.0,33900.0,0.0,0.0,0.0,1.0
92a0abd0-62f0-46e9-b22d-f801b4f2dff1,745.0,745.0,0.0,745.0,745.0,0.0,0.0,0.0,1.0
92a27347-36fd-442b-b096-4851216e2a93,4050.0,4050.0,0.0,4050.0,4050.0,0.0,0.0,0.0,1.0
92a70de0-5caa-4d8e-a0ad-8eb11545da99,5000.0,5000.0,0.0,5000.0,5000.0,0.0,0.0,0.0,1.0
92a85918-f262-4088-a679-ae4cea4aae41,3495.0,3495.0,0.0,3495.0,3495.0,0.0,0.0,0.0,1.0
92a9d57d-a4bb-44f4-98cb-9e60bd560fb9,3495.0,3495.0,0.0,3495.0,3495.0,0.0,0.0,0.0,1.0
92bcc8cc-3a04-44b4-a2b1-26353e959752,695.0,695.0,0.0,695.0,695.0,0.0,0.0,0.0,1.0
92cdb5ac-405e-4029-8009-c0fdfcb0d38f,7995.0,7995.0,0.0,7995.0,7995.0,0.0,0.0,0.0,1.0
92d32a30-d0a6-453f-b38a-4fc813a1065e,1095.0,1095.0,0.0,1095.0,1095.0,0.0,0.0,0.0,1.0
92dc7358-9ffc-4f47-b5b0-c18ea9c36862,2350.0,2350.0,0.0,2350.0,2350.0,0.0,0.0,0.0,1.0
92df4645-c800-4ace-8a2e-db1999eceef3,3595.0,3595.0,0.0,3595.0,3595.0,0.0,0.0,0.0,1.0
92e71010-b14a-4495-a289-facf947fb88b,295.0,295.0,0.0,295.0,295.0,0.0,0.0,0.0,1.0
92f1d20b-ebe9-451c-b960-1bcf6222d958,11900.0,11900.0,0.0,11900.0,11900.0,0.0,0.0,0.0,1.0
92f39772-8150-4c36-9a9b-a4d6964651ea,43900.0,43900.0,0.0,43900.0,43900.0,0.0,0.0,0.0,1.0
92f91939-a1f5-45a3-9a4e-f32bd99bc656,8900.0,8900.0,0.0,8900.0,8900.0,0.0,0.0,0.0,1.0
9301d5c5-ccdf-4c81-9909-64389cd30092,895.0,895.0,0.0,895.0,895.0,0.0,0.0,0.0,1.0
93022216-9191-41c4-98db-1d72e5c91815,3950.0,3950.0,0.0,3950.0,3950.0,0.0,0.0,0.0,1.0
9307cb5d-5bbc-4556-90bc-d10cfbf68553,1995.0,1995.0,0.0,1995.0,1995.0,0.0,0.0,0.0,1.0
930923c6-9e0c-4f26-8640-893ba73b6e9e,470.0,470.0,0.0,470.0,470.0,0.0,0.0,0.0,1.0
930c500b-2c6f-42d6-9a1a-85745c2fe40b,9900.0,9900.0,0.0,9900.0,9900.0,0.0,0.0,0.0,1.0
931c1d09-bb67-4fcd-bfc0-f14a6cd97b60,595.0,595.0,0.0,595.0,595.0,0.0,0.0,0.0,1.0
931f6d25-d0b4-4f05-8ef3-25103f4bcb84,2099.0,2099.0,0.0,2099.0,2099.0,0.0,0.0,0.0,1.0
9324bf87-dddd-439c-bb14-36b3ef77bc0b,8995.0,8995.0,0.0,8995.0,8995.0,0.0,0.0,0.0,1.0
932e0f8d-ab0f-47b0-b51a-0168bc4fd143,445.0,445.0,0.0,445.0,445.0,0.0,0.0,0.0,1.0
932ec695-0ae8-469c-9569-2bccb8b692be,7500.0,7500.0,0.0,7500.0,7500.0,0.0,0.0,0.0,1.0
933908df-4d08-4433-9225-739b5a85c7e1,3599.0,3599.0,0.0,3599.0,3599.0,0.0,0.0,0.0,1.0
933fa4ef-99ec-4dda-b741-4894b62eb6c1,390.0,390.0,0.0,390.0,390.0,0.0,0.0,0.0,1.0
93480591-1077-4595-8d50-e98682c85299,2495.0,2495.0,0.0,2495.0,2495.0,0.0,0.0,0.0,1.0
9356c132-3de0-4e02-a13f-68c3ab433e0c,3495.0,3495.0,0.0,3495.0,3495.0,0.0,0.0,0.0,1.0
936580b9-27b8-40f2-9dda-d02be0460acf,2445.0,2445.0,0.0,2445.0,2445.0,0.0,0.0,0.0,1.0
93739d0d-f163-4589-a9b9-c4b9f8ce614f,4995.0,4995.0,0.0,4995.0,4995.0,0.0,0.0,0.0,1.0
93743ea1-670a-4f88-b869-4e2fafb0bfc7,895.0,895.0,0.0,895.0,895.0,0.0,0.0,0.0,1.0
937686cd-4005-46d6-9f79-847bbbc1c0af,1299.0,1299.0,0.0,1299.0,1299.0,0.0,0.0,0.0,1.0
9386f4c1-aeed-4630-b0e6-dc117454aaee,1795.0,1795.0,0.0,1795.0,1795.0,0.0,0.0,0.0,1.0
939843b6-e160-45fd-97c7-bd6a9a3749a4,21900.0,21900.0,0.0,21900.0,21900.0,0.0,0.0,0.0,1.0
939a17f3-e227-498d-a596-cdb5851e287f,945.0,945.0,0.0,945.0,945.0,0.0,0.0,0.0,1.0
939e6b66-bae0-4b39-a2c3-d26f09dc6fa8,16900.0,16900.0,0.0,16900.0,16900.0,0.0,0.0,0.0,1.0
93aa29de-c49b-42f1-91eb-51a6d17c1e36,29900.0,29900.0,0.0,29900.0,29900.0,0.0,0.0,0.0,1.0
93ae0471-6582-4f2d-900b-d59978c36551,1700.0,1700.0,0.0,1700.0,1700.0,0.0,0.0,0.0,1.0
93aed93e-49c0-4c72-bfc6-91eed8047e76,10900.0,10900.0,0.0,10900.0,10900.0,0.0,0.0,0.0,1.0
93b1ad3a-4659-45bf-91df-6e84ac4a6d12,255.0,255.0,0.0,255.0,255.0,0.0,0.0,0.0,1.0
93b684df-a67b-49da-8a7c-cddfd317cce7,31900.0,31900.0,0.0,31900.0,31900.0,0.0,0.0,0.0,1.0
93b6c5c4-93a7-43c8-aef5-bffe8e34d544,4995.0,4995.0,0.0,4995.0,4995.0,0.0,0.0,0.0,1.0
93b7ba0b-3293-4aae-a3d0-ace66408dc0d,4490.0,4490.0,0.0,4490.0,4490.0,0.0,0.0,0.0,1.0
93bc2625-03df-4952-b6a8-1acb20a7c8fc,19900.0,19900.0,0.0,19900.0,19900.0,0.0,0.0,0.0,1.0
93c24c6f-3987-4e25-b18e-0b8fa4c4f4af,5395.0,5395.0,0.0,5395.0,5395.0,0.0,0.0,0.0,1.0
93c5a251-a996-41ab-84dd-b44178b328d4,1395.0,1395.0,0.0,1395.0,1395.0,0.0,0.0,0.0,1.0
93c787a8-8373-47c6-bcef-afcc9b88042a,4200.0,4200.0,0.0,4200.0,4200.0,0.0,0.0,0.0,1.0
93e8a3a1-acc8-4909-ae2d-43eb06f24d59,2950.0,2950.0,0.0,2950.0,2950.0,0.0,0.0,0.0,1.0
93f3e6be-fb1f-4dcd-987e-a2a075bf837c,590.0,590.0,0.0,590.0,590.0,0.0,0.0,0.0,1.0
93fca517-f5b5-4bc9-b364-91975dab2358,1980.0,1980.0,0.0,1980.0,1980.0,0.0,0.0,0.0,1.0
940227d2-4df9-4b2a-af33-95853c3bb43f,9900.0,9900.0,0.0,9900.0,9900.0,0.0,0.0,0.0,1.0
9406e89f-2f12-42e5-995a-6cab41515325,100.0,100.0,0.0,100.0,100.0,0.0,0.0,0.0,1.0
940e552e-034d-40bd-9282-be0150ce4252,14900.0,14900.0,0.0,14900.0,14900.0,0.0,0.0,0.0,1.0
9411c516-f7f1-43b9-b82a-1718fa673edf,1395.0,1395.0,0.0,1395.0,1395.0,0.0,0.0,0.0,1.0
941578e1-e51a-4eb1-ba06-cd32e82a1fa3,11900.0,11900.0,0.0,11900.0,11900.0,0.0,0.0,0.0,1.0
941da1e9-7345-4e5b-aeea-50bc4ed73bb2,1195.0,1195.0,0.0,1195.0,1195.0,0.0,0.0,0.0,1.0
9420c822-e937-49ee-8c25-bb886e0a4952,100.0,100.0,0.0,100.0,100.0,0.0,0.0,0.0,1.0
9420c8da-36e7-48aa-a8a4-da674090dcef,2140.0,2140.0,0.0,2140.0,2140.0,0.0,0.0,0.0,1.0
9422189a-2d2d-4025-963a-909b95f3e0ca,2295.0,2295.0,0.0,2295.0,2295.0,0.0,0.0,0.0,1.0
942bee04-d3be-4a3c-94a6-61dbe1c36afc,2195.0,2195.0,0.0,2195.0,2195.0,0.0,0.0,0.0,1.0
94399dad-9bec-4e9c-9a24-4952c92fd5db,3495.0,3495.0,0.0,3495.0,3495.0,0.0,0.0,0.0,1.0
94491ef1-7dac-4818-bcd4-ee30c4c43f63,17900.0,17900.0,0.0,17900.0,17900.0,0.0,0.0,0.0,1.0
94581281-5830-46f7-8b17-af660f817e04,575.0,575.0,0.0,575.0,575.0,0.0,0.0,0.0,1.0
9462e085-e1d7-4e2e-b987-fd5070007e54,1950.0,1950.0,0.0,1950.0,1950.0,0.0,0.0,0.0,1.0
94655df8-4090-4bef-9b88-f5358f3a2070,9000.0,9000.0,0.0,9000.0,9000.0,0.0,0.0,0.0,1.0
946aad89-43e7-4e0f-b62c-edc92635db61,2499.0,2499.0,0.0,2499.0,2499.0,0.0,0.0,0.0,1.0
946b821d-bae6-4ba9-b60f-f71efab114de,3995.0,3995.0,0.0,3995.0,3995.0,0.0,0.0,0.0,1.0
946c0587-f657-4bff-85cb-597f641d7c56,720.0,720.0,0.0,720.0,720.0,0.0,0.0,0.0,1.0
946d457d-15a8-4d5d-9209-f92cb8eaf75a,1300.0,1300.0,0.0,1300.0,1300.0,0.0,0.0,0.0,1.0
9473a1f4-c04d-4aa1-8d54-3c397fdce200,1195.0,1195.0,0.0,1195.0,1195.0,0.0,0.0,0.0,1.0
947a9cd0-6476-45b9-90bc-80c68a4f24e4,3995.0,3995.0,0.0,3995.0,3995.0,0.0,0.0,0.0,1.0
94862359-4ff5-43f1-aded-36a4bd84d8be,1695.0,1695.0,0.0,1695.0,1695.0,0.0,0.0,0.0,1.0
9493793d-8998-478d-aafd-6f35b88e4bb5,880.0,880.0,0.0,880.0,880.0,0.0,0.0,0.0,1.0
94937fea-c5c0-4de6-b5d8-0f1251e5f806,40.0,40.0,0.0,40.0,40.0,0.0,0.0,0.0,1.0
94951409-7a44-4778-9ff2-869f8ea960ee,1145.0,1145.0,0.0,1145.0,1145.0,0.0,0.0,0.0,1.0
949bd22d-8a2e-4304-9f60-d03d41f466e4,2695.0,2695.0,0.0,2695.0,2695.0,0.0,0.0,0.0,1.0
949be112-2747-4a0f-a244-4c0270db58a4,495.0,495.0,0.0,495.0,495.0,0.0,0.0,0.0,1.0
949efada-b8e5-4446-bc48-cef5b8bb67f1,3110.0,3110.0,0.0,3110.0,3110.0,0.0,0.0,0.0,1.0
94a3d5cd-2c6e-4e84-bc36-ce8192292e5e,9400.0,9400.0,0.0,9400.0,9400.0,0.0,0.0,0.0,1.0
94afe325-642e-4ef5-a294-d4c85d4f3b7c,495.0,495.0,0.0,495.0,495.0,0.0,0.0,0.0,1.0
94beb567-a1f1-463d-85d3-3a284900d1af,4495.0,4495.0,0.0,4495.0,4495.0,0.0,0.0,0.0,1.0
94c69921-8ba9-4e6f-ad10-87de81b32838,2595.0,2595.0,0.0,2595.0,2595.0,0.0,0.0,0.0,1.0
94f5f7ab-cdcf-437f-aa84-480eb18c700f,20900.0,20900.0,0.0,20900.0,20900.0,0.0,0.0,0.0,1.0
94ffd61b-f785-470f-b2a1-bafa34ee6532,199.0,199.0,0.0,199.0,199.0,0.0,0.0,0.0,1.0
950b346c-4dac-48aa-b404-591e758ad99f,14500.0,14500.0,0.0,14500.0,14500.0,0.0,0.0,0.0,1.0
95127069-f5e9-4c04-823a-f596d6cd07c1,4500.0,4500.0,0.0,4500.0,4500.0,0.0,0.0,0.0,1.0
951344d4-c969-4447-b70d-87701dba5a50,3160.0,3160.0,0.0,3160.0,3160.0,0.0,0.0,0.0,1.0
9518017f-9da7-4d31-807f-b06a80da257a,8995.0,8995.0,0.0,8995.0,8995.0,0.0,0.0,0.0,1.0
95213b08-079d-49a8-8abf-a35454d48938,6495.0,6495.0,0.0,6495.0,6495.0,0.0,0.0,0.0,1.0
9522af7a-57e9-48a2-89dd-46fe88b6aa2e,695.0,695.0,0.0,695.0,695.0,0.0,0.0,0.0,1.0
952431db-d8ac-477b-8bd2-41325e8f7c58,2795.0,2795.0,0.0,2795.0,2795.0,0.0,0.0,0.0,1.0
9528dccd-5e31-4bd0-8d33-e92cc8f04174,3195.0,3195.0,0.0,3195.0,3195.0,0.0,0.0,0.0,1.0
952ee474-9a66-4c39-8b75-5e5a7b059b20,7995.0,7995.0,0.0,7995.0,7995.0,0.0,0.0,0.0,1.0
953471e5-7e63-4b38-8f45-6e96b12ede61,4400.0,4400.0,0.0,4400.0,4400.0,0.0,0.0,0.0,1.0
9534caa5-7832-4653-9f65-c29c2819fef4,745.0,745.0,0.0,745.0,745.0,0.0,0.0,0.0,1.0
9542bed9-3894-4110-9831-1bbaaf33c3cd,1265.0,1265.0,0.0,1265.0,1265.0,0.0,0.0,0.0,1.0
9544cfa6-c99d-41a2-98e2-687aef8c61b9,19900.0,19900.0,0.0,19900.0,19900.0,0.0,0.0,0.0,1.0
9546b25d-1af5-4b4a-9494-09647b075abf,995.0,995.0,0.0,995.0,995.0,0.0,0.0,0.0,1.0
954e83c9-5d5e-46ad-aef7-d48c4594b5d7,2480.0,2480.0,0.0,2480.0,2480.0,0.0,0.0,0.0,1.0
95588b8c-0ec4-4627-85e9-593b1d1ffab7,4995.0,4995.0,0.0,4995.0,4995.0,0.0,0.0,0.0,1.0
955c7d4e-cda5-456c-ba54-2e7a80160315,3495.0,3495.0,0.0,3495.0,3495.0,0.0,0.0,0.0,1.0
95615edd-d5ad-4073-be46-aac8ad0e9086,6900.0,6900.0,0.0,6900.0,6900.0,0.0,0.0,0.0,1.0
9563aa75-51c4-4865-80c4-7d53e1f94ef5,1540.0,1540.0,0.0,1540.0,1540.0,0.0,0.0,0.0,1.0
9563aa86-8a8c-40a6-aded-fa7a1eae0b14,5295.0,5295.0,0.0,5295.0,5295.0,0.0,0.0,0.0,1.0
956b3bf4-3414-4186-b0ae-8103f4e458bf,15900.0,15900.0,0.0,15900.0,15900.0,0.0,0.0,0.0,1.0
956baa19-5560-463d-be82-e1a4a985855b,15900.0,15900.0,0.0,15900.0,15900.0,0.0,0.0,0.0,1.0
9573817c-d27b-4612-976e-92e817233cb7,465.0,465.0,0.0,465.0,465.0,0.0,0.0,0.0,1.0
957b3f33-1b55-4446-a12f-ee57898d568d,990.0,990.0,0.0,990.0,990.0,0.0,0.0,0.0,1.0
957b76be-bcd1-45d6-98f1-4bb1606eb6af,1810.0,1810.0,0.0,1810.0,1810.0,0.0,0.0,0.0,1.0
957dac45-4943-48f4-8e16-ea3c2150f060,375.0,375.0,0.0,375.0,375.0,0.0,0.0,0.0,1.0
95822418-38f5-442d-9520-19032cd9a334,875.0,875.0,0.0,875.0,875.0,0.0,0.0,0.0,1.0
958465f0-621e-4f41-b3f9-d59b467aa5ff,645.0,645.0,0.0,645.0,645.0,0.0,0.0,0.0,1.0
958763c6-8384-4671-beec-241ae94f7681,31900.0,31900.0,0.0,31900.0,31900.0,0.0,0.0,0.0,1.0
95998212-8ee5-4a41-bf60-e8f7cdb94a4c,9900.0,9900.0,0.0,9900.0,9900.0,0.0,0.0,0.0,1.0
959f483f-7863-4ef7-a91b-532dafd03fb4,1995.0,1995.0,0.0,1995.0,1995.0,0.0,0.0,0.0,1.0
95a7a445-c147-4a8e-ba87-68fcc2128ca3,7990.0,7990.0,0.0,7990.0,7990.0,0.0,0.0,0.0,1.0
95a80cf1-e776-4012-9c69-76f4ae9e44c0,795.0,795.0,0.0,795.0,795.0,0.0,0.0,0.0,1.0
95a8a0eb-f625-43d4-9040-7495c1bba243,2795.0,2795.0,0.0,2795.0,2795.0,0.0,0.0,0.0,1.0
95b7f5fb-a3e2-4020-9051-81c11d949194,895.0,895.0,0.0,895.0,895.0,0.0,0.0,0.0,1.0
95bab950-70a1-4854-9d53-e3e36d999b0b,11900.0,11900.0,0.0,11900.0,11900.0,0.0,0.0,0.0,1.0
95c4d049-96dd-4a6b-bf7f-db7985d8cf8f,2295.0,2295.0,0.0,2295.0,2295.0,0.0,0.0,0.0,1.0
95c98687-398a-430f-bad8-e6727551e0db,1990.0,1990.0,0.0,1990.0,1990.0,0.0,0.0,0.0,1.0
95cc0b93-efa9-4f59-807d-a8a6c0426d22,695.0,695.0,0.0,695.0,695.0,0.0,0.0,0.0,1.0
95d4e4a6-1306-45df-b955-8263860fdb9d,4395.0,4395.0,0.0,4395.0,4395.0,0.0,0.0,0.0,1.0
95ec7310-1745-45a8-8ee8-4c3673399d25,6495.0,6495.0,0.0,6495.0,6495.0,0.0,0.0,0.0,1.0
95eed7ad-e418-421a-b778-71aecfa78a2e,1499.0,1499.0,0.0,1499.0,1499.0,0.0,0.0,0.0,1.0
95efd69d-74ca-4c7d-8f54-7a3a8f20995f,2595.0,2595.0,0.0,2595.0,2595.0,0.0,0.0,0.0,1.0
95fd1400-4c6c-4f6a-82dd-c94e4600efc6,1045.0,1045.0,0.0,1045.0,1045.0,0.0,0.0,0.0,1.0
95ffd7ef-2f33-42bf-aef9-df879e50e75f,2050.0,2050.0,0.0,2050.0,2050.0,0.0,0.0,0.0,1.0
960310d4-edd7-424f-93d0-b955514b9447,14900.0,14900.0,0.0,14900.0,14900.0,0.0,0.0,0.0,1.0
960363ba-3f98-4539-b801-ea1d8b8fcd2b,2999.0,2999.0,0.0,2999.0,2999.0,0.0,0.0,0.0,1.0
96050b86-10ad-48eb-970f-8b2a35c33494,1099.0,1099.0,0.0,1099.0,1099.0,0.0,0.0,0.0,1.0
9606502c-516c-4ccf-beed-5d793893f2fd,2625.0,2625.0,0.0,2625.0,2625.0,0.0,0.0,0.0,1.0
961a068e-f4ee-4e82-a7d5-50b98d525173,6495.0,6495.0,0.0,6495.0,6495.0,0.0,0.0,0.0,1.0
96209995-9a5a-49cf-9fa5-aabdcea8b5e0,695.0,695.0,0.0,695.0,695.0,0.0,0.0,0.0,1.0
963938e4-d0ba-468d-933f-6144a6351da2,2600.0,2600.0,0.0,2600.0,2600.0,0.0,0.0,0.0,1.0
96399a91-6ec4-48e7-ab5c-ec4f325c3153,10900.0,10900.0,0.0,10900.0,10900.0,0.0,0.0,0.0,1.0
963dd232-6372-41c3-b6e0-a42f723cf5b2,12480.0,12480.0,0.0,12480.0,12480.0,0.0,0.0,0.0,1.0
964379d8-f80a-4596-b104-afe2959f7463,8800.0,8800.0,0.0,8800.0,8800.0,0.0,0.0,0.0,1.0
96559829-6d1a-4c97-a006-4e037144df41,795.0,795.0,0.0,795.0,795.0,0.0,0.0,0.0,1.0
965c626e-ab2b-4b01-93c0-0e1da94c022c,4295.0,4295.0,0.0,4295.0,4295.0,0.0,0.0,0.0,1.0
966044c6-9898-4181-9f12-cb26be6d5334,80.0,80.0,0.0,80.0,80.0,0.0,0.0,0.0,1.0
96619f07-318b-45d3-93a9-525a09363a21,22900.0,22900.0,0.0,22900.0,22900.0,0.0,0.0,0.0,1.0
966dcfad-8f8c-43b2-bd76-26332b69d4cd,3800.0,3800.0,0.0,3800.0,3800.0,0.0,0.0,0.0,1.0
967013ab-3ff2-4ffa-be51-18b788192500,3080.0,3080.0,0.0,3080.0,3080.0,0.0,0.0,0.0,1.0
9671581d-7839-4443-99dc-4bee00092340,14500.0,14500.0,0.0,14500.0,14500.0,0.0,0.0,0.0,1.0
9675cfd7-6935-49e6-85a1-6c0ccbad462a,9500.0,9500.0,0.0,9500.0,9500.0,0.0,0.0,0.0,1.0
96779f8a-7705-413e-b793-568ba317dd6a,4095.0,4095.0,0.0,4095.0,4095.0,0.0,0.0,0.0,1.0
9682013d-7e31-4935-b781-595703f4b269,1600.0,1600.0,0.0,1600.0,1600.0,0.0,0.0,0.0,1.0
96829b4e-5cfd-447e-96a2-01366e919267,1595.0,1595.0,0.0,1595.0,1595.0,0.0,0.0,0.0,1.0
9682d797-efc1-4c90-9cc3-b784a7bdc4dc,15900.0,15900.0,0.0,15900.0,15900.0,0.0,0.0,0.0,1.0
9687f3f3-2927-4cf1-ab27-433938f2e6b5,870.0,870.0,0.0,870.0,870.0,0.0,0.0,0.0,1.0
9688d0f9-8348-4c0d-a40b-3f4a5f8d3c2c,80.0,80.0,0.0,80.0,80.0,0.0,0.0,0.0,1.0
968b39b8-bd09-4d2f-ba31-6c78b0b70f6d,325.0,325.0,0.0,325.0,325.0,0.0,0.0,0.0,1.0
9693aecd-104a-4db0-b47e-d4520db91de7,995.0,995.0,0.0,995.0,995.0,0.0,0.0,0.0,1.0
9694a94b-74fe-46c3-8faf-65bad9c98a86,3200.0,3200.0,0.0,3200.0,3200.0,0.0,0.0,0.0,1.0
9696b617-f3e8-4668-84ab-ea56a3a62357,995.0,995.0,0.0,995.0,995.0,0.0,0.0,0.0,1.0
96a0ff5b-3696-457a-9133-9aaca4c8c2cd,1650.0,1650.0,0.0,1650.0,1650.0,0.0,0.0,0.0,1.0
96a92c29-53ce-4316-82a0-e0369b39a11d,995.0,995.0,0.0,995.0,995.0,0.0,0.0,0.0,1.0
96aa38f9-dd1b-4e3b-a9d1-e0e201c36e44,1045.0,1045.0,0.0,1045.0,1045.0,0.0,0.0,0.0,1.0
96ac8f9f-71a1-4f88-94e6-6d885551daad,1050.0,1050.0,0.0,1050.0,1050.0,0.0,0.0,0.0,1.0
96aebea6-390e-41d3-8f57-fda3f755f553,1795.0,1795.0,0.0,1795.0,1795.0,0.0,0.0,0.0,1.0
96b5fa4d-389b-4480-8299-2c6904ad127b,4490.0,4490.0,0.0,4490.0,4490.0,0.0,0.0,0.0,1.0
96b81bc1-c5be-4dbc-a7a3-3370f3b3acf8,595.0,595.0,0.0,595.0,595.0,0.0,0.0,0.0,1.0
96bafe30-b2b0-4f34-8d68-f52f61306466,4280.0,4280.0,0.0,4280.0,4280.0,0.0,0.0,0.0,1.0
96c6c34f-5c0c-4a33-adf7-efd6bf99f98b,33900.0,33900.0,0.0,33900.0,33900.0,0.0,0.0,0.0,1.0
96c80aa5-a2e4-40a9-94f3-a8f8888ad545,1395.0,1395.0,0.0,1395.0,1395.0,0.0,0.0,0.0,1.0
96ccbf8c-3894-422e-a656-416ea1ec78d6,5995.0,5995.0,0.0,5995.0,5995.0,0.0,0.0,0.0,1.0
96cd376d-ae94-4629-8ada-be304bd87dc3,820.0,820.0,0.0,820.0,820.0,0.0,0.0,0.0,1.0
96d18b86-b9d0-41b8-bf45-438936b6ef58,5900.0,5900.0,0.0,5900.0,5900.0,0.0,0.0,0.0,1.0
96da6c07-6864-4ad9-b09d-cbc2a43b472b,1495.0,1495.0,0.0,1495.0,1495.0,0.0,0.0,0.0,1.0
96e95825-c392-46e3-8d4d-f514c30e7150,2995.0,2995.0,0.0,2995.0,2995.0,0.0,0.0,0.0,1.0
96ec6736-9ccb-4e6e-8aed-acf7d28bce02,3160.0,3160.0,0.0,3160.0,3160.0,0.0,0.0,0.0,1.0
96f923e9-fe24-4e81-956e-4501c240980e,1195.0,1195.0,0.0,1195.0,1195.0,0.0,0.0,0.0,1.0
96fa9940-5d7e-4311-a963-2ab2de21e7f5,27900.0,27900.0,0.0,27900.0,27900.0,0.0,0.0,0.0,1.0
96fef4ec-ccae-4224-ac5b-a30f4966acbb,695.0,695.0,0.0,695.0,695.0,0.0,0.0,0.0,1.0
97022dba-09f1-49c8-8b92-b0d3262f6ce2,4495.0,4495.0,0.0,4495.0,4495.0,0.0,0.0,0.0,1.0
970784c3-6148-48b0-9109-f8cac4fbf710,10900.0,10900.0,0.0,10900.0,10900.0,0.0,0.0,0.0,1.0
97086d28-c877-4e34-8863-428aab4b5b35,695.0,695.0,0.0,695.0,695.0,0.0,0.0,0.0,1.0
970ba667-8051-46d3-b290-677b8a0c9bd8,11900.0,11900.0,0.0,11900.0,11900.0,0.0,0.0,0.0,1.0
971a064f-21a6-4afd-9aae-1b1edab7bf59,695.0,695.0,0.0,695.0,695.0,0.0,0.0,0.0,1.0
972cb9ac-1e82-474a-a385-8d67b26c0542,10900.0,10900.0,0.0,10900.0,10900.0,0.0,0.0,0.0,1.0
972fc88e-c6e7-47ee-bccd-e88bb5ec7ce5,8495.0,8495.0,0.0,8495.0,8495.0,0.0,0.0,0.0,1.0
973a9a62-b1b6-459f-9881-4d64ad61f47e,5995.0,5995.0,0.0,5995.0,5995.0,0.0,0.0,0.0,1.0
9743867d-1c77-432d-a432-9d10219c8346,16900.0,16900.0,0.0,16900.0,16900.0,0.0,0.0,0.0,1.0
974b6b48-c58a-41e4-b50b-99929b9ff245,3495.0,3495.0,0.0,3495.0,3495.0,0.0,0.0,0.0,1.0
974c674b-a6cd-4977-8726-164e32db13ec,2495.0,2495.0,0.0,2495.0,2495.0,0.0,0.0,0.0,1.0
9755d41a-832a-4f06-9e6d-ffd009a8bf92,14900.0,14900.0,0.0,14900.0,14900.0,0.0,0.0,0.0,1.0
976862eb-e237-4aa0-a237-7002577d8498,4495.0,4495.0,0.0,4495.0,4495.0,0.0,0.0,0.0,1.0
976a0092-f05d-49e8-9f4d-d84d1a5047a3,795.0,795.0,0.0,795.0,795.0,0.0,0.0,0.0,1.0
976bb02b-046b-4d9f-ae34-16a5992d8978,545.0,545.0,0.0,545.0,545.0,0.0,0.0,0.0,1.0
977ad80b-652e-40cb-afe5-0a4baa37609a,12900.0,12900.0,0.0,12900.0,12900.0,0.0,0.0,0.0,1.0
977d05e4-7546-4185-b6f9-50af4d0e2a9a,3190.0,3190.0,0.0,3190.0,3190.0,0.0,0.0,0.0,1.0
977e0d30-970b-44d5-bffa-f015207afe56,7495.0,7495.0,0.0,7495.0,7495.0,0.0,0.0,0.0,1.0
9780df7c-d001-425c-82e0-e87116e26f41,4495.0,4495.0,0.0,4495.0,4495.0,0.0,0.0,0.0,1.0
97823ade-eac0-4e54-848c-84246f5a3841,1950.0,1950.0,0.0,1950.0,1950.0,0.0,0.0,0.0,1.0
978ec318-a0e9-4147-924a-b4b496e6ca89,995.0,995.0,0.0,995.0,995.0,0.0,0.0,0.0,1.0
97951fc6-0a0b-4ba2-b23c-765c6eab9ced,12900.0,12900.0,0.0,12900.0,12900.0,0.0,0.0,0.0,1.0
979c65f8-b4c9-4dee-934c-0ab5d87b49a7,26900.0,26900.0,0.0,26900.0,26900.0,0.0,0.0,0.0,1.0
979ff1a3-e110-41a6-b877-bbbe32d6d6ea,9200.0,9200.0,0.0,9200.0,9200.0,0.0,0.0,0.0,1.0
97a42d65-ef86-4f75-9325-fa2256fcd467,69900.0,69900.0,0.0,69900.0,69900.0,0.0,0.0,0.0,1.0
97b994ef-5012-443d-91de-14944b4328c4,14900.0,14900.0,0.0,14900.0,14900.0,0.0,0.0,0.0,1.0
97bc2bb7-ce8b-4940-a468-6895a24f5462,1795.0,1795.0,0.0,1795.0,1795.0,0.0,0.0,0.0,1.0
97bef8d3-e554-4f0d-b318-b15f1048dc7c,1395.0,1395.0,0.0,1395.0,1395.0,0.0,0.0,0.0,1.0
97c8a4f0-24bb-47b5-b7f7-129ec1f4ece0,2795.0,2795.0,0.0,2795.0,2795.0,0.0,0.0,0.0,1.0
97d3d8c5-6586-4e2f-9410-89546f01ab88,1695.0,1695.0,0.0,1695.0,1695.0,0.0,0.0,0.0,1.0
97daf2c3-99ab-498e-9180-eb632c8b26e4,4400.0,4400.0,0.0,4400.0,4400.0,0.0,0.0,0.0,1.0
97e07eec-02e4-4dd0-9535-94a90dabdd4d,3295.0,3295.0,0.0,3295.0,3295.0,0.0,0.0,0.0,1.0
97f40984-62dc-43b7-acc6-f5b9e6902c02,995.0,995.0,0.0,995.0,995.0,0.0,0.0,0.0,1.0
98067c34-f42f-4cfd-b74a-40678ade3c00,5900.0,5900.0,0.0,5900.0,5900.0,0.0,0.0,0.0,1.0
9806c2dd-01ee-48da-bbaf-97e7c64ee7b0,7495.0,7495.0,0.0,7495.0,7495.0,0.0,0.0,0.0,1.0
980a238e-1a1c-4c64-a5d1-6a8312b7170e,16900.0,16900.0,0.0,16900.0,16900.0,0.0,0.0,0.0,1.0
981ad3b7-a4f1-4304-8dab-daa319911296,4995.0,4995.0,0.0,4995.0,4995.0,0.0,0.0,0.0,1.0
981df1b3-744a-4907-9fbc-881146e1034a,995.0,995.0,0.0,995.0,995.0,0.0,0.0,0.0,1.0
982eb51a-64b0-459c-8ede-73359e6bea51,40.0,40.0,0.0,40.0,40.0,0.0,0.0,0.0,1.0
98384cde-1dec-4be4-a6db-6a1b3338cb2c,1095.0,1095.0,0.0,1095.0,1095.0,0.0,0.0,0.0,1.0
98440eaa-b682-4054-96a3-8be19927c796,3690.0,3690.0,0.0,3690.0,3690.0,0.0,0.0,0.0,1.0
98455cdf-5ee4-4476-8904-698e4ee3e021,22900.0,22900.0,0.0,22900.0,22900.0,0.0,0.0,0.0,1.0
98496fb9-19cf-4a37-a994-d863b58b64d0,695.0,695.0,0.0,695.0,695.0,0.0,0.0,0.0,1.0
98498f87-f6e4-4ca3-a01f-1974b74da762,5790.0,5790.0,0.0,5790.0,5790.0,0.0,0.0,0.0,1.0
984b30c1-aa66-4e8d-9779-a29d6e5e4e50,6995.0,6995.0,0.0,6995.0,6995.0,0.0,0.0,0.0,1.0
985709f1-92dc-479a-9202-efd17478576b,1395.0,1395.0,0.0,1395.0,1395.0,0.0,0.0,0.0,1.0
9863afee-52a1-430b-abb7-2c5e0546cebd,9900.0,9900.0,0.0,9900.0,9900.0,0.0,0.0,0.0,1.0
986d9e2c-e8d2-44a6-bf15-0a90765d0cc3,6495.0,6495.0,0.0,6495.0,6495.0,0.0,0.0,0.0,1.0
98715bee-303f-4c1f-bd54-731df3711bbb,1595.0,1595.0,0.0,1595.0,1595.0,0.0,0.0,0.0,1.0
98813342-b9e9-4039-9506-e575063fca90,1045.0,1045.0,0.0,1045.0,1045.0,0.0,0.0,0.0,1.0
9881eb04-c41b-4113-a961-f6ba7dc6e0f6,12400.0,12400.0,0.0,12400.0,12400.0,0.0,0.0,0.0,1.0
98893395-3bf5-49ab-b82a-eddd7f00de54,14500.0,14500.0,0.0,14500.0,14500.0,0.0,0.0,0.0,1.0
988c77cd-93d6-4658-8ed1-19b40a21ffee,2695.0,2695.0,0.0,2695.0,2695.0,0.0,0.0,0.0,1.0
9892b0ad-d5e5-42a3-bd24-cf72bbb6053e,69900.0,69900.0,0.0,69900.0,69900.0,0.0,0.0,0.0,1.0
98931667-8113-48bd-a5a6-657126e0e5a9,1995.0,1995.0,0.0,1995.0,1995.0,0.0,0.0,0.0,1.0
9896a6b0-45ae-4826-9d90-7b4891293347,3200.0,3200.0,0.0,3200.0,3200.0,0.0,0.0,0.0,1.0
98ae25b3-b554-40ff-ac28-83bc3e42575c,29900.0,29900.0,0.0,29900.0,29900.0,0.0,0.0,0.0,1.0
98b35e9a-aa0b-488c-8d3e-a3af6795ef0f,4295.0,4295.0,0.0,4295.0,4295.0,0.0,0.0,0.0,1.0
98c4ba80-7b83-4363-aff1-883002fd0fb4,52900.0,52900.0,0.0,52900.0,52900.0,0.0,0.0,0.0,1.0
98cfd83a-2116-48e3-8095-9ee5228e458f,2095.0,2095.0,0.0,2095.0,2095.0,0.0,0.0,0.0,1.0
98d33556-7bb6-404a-8b7a-4a97358fcd07,14900.0,14900.0,0.0,14900.0,14900.0,0.0,0.0,0.0,1.0
98d6e0f9-cc7c-4783-8305-2a852681410f,8400.0,8400.0,0.0,8400.0,8400.0,0.0,0.0,0.0,1.0
98dd9b91-7dd7-4997-8041-694db66cff0f,445.0,445.0,0.0,445.0,445.0,0.0,0.0,0.0,1.0
98e61c30-2a4c-4696-a97c-38057577bc4b,740.0,740.0,0.0,740.0,740.0,0.0,0.0,0.0,1.0
98ed53b4-c202-488b-a08d-ccac30ea763b,4050.0,4050.0,0.0,4050.0,4050.0,0.0,0.0,0.0,1.0
98eebb8f-f6f0-4e28-867b-411fa2cfc822,2249.0,2249.0,0.0,2249.0,2249.0,0.0,0.0,0.0,1.0
98ff845e-3138-4091-bc13-88de8d9fe565,3799.0,3799.0,0.0,3799.0,3799.0,0.0,0.0,0.0,1.0
990f4dd8-7279-43df-bcaa-7aabd05cfa2a,30900.0,30900.0,0.0,30900.0,30900.0,0.0,0.0,0.0,1.0
991a14ec-1a77-45df-92a7-4f606efd37c5,1045.0,1045.0,0.0,1045.0,1045.0,0.0,0.0,0.0,1.0
991bd55f-cc5a-446d-831d-cee7bb02dd77,2030.0,2030.0,0.0,2030.0,2030.0,0.0,0.0,0.0,1.0
9920d679-b861-4627-b63c-0864fc41d5ad,945.0,945.0,0.0,945.0,945.0,0.0,0.0,0.0,1.0
99422351-d987-4411-bc01-f0661edd365e,545.0,545.0,0.0,545.0,545.0,0.0,0.0,0.0,1.0
99462421-04ce-40c3-aacc-82435fcd11ac,9500.0,9500.0,0.0,9500.0,9500.0,0.0,0.0,0.0,1.0
9949f580-8803-4b1a-93d2-a172330d73b7,2850.0,2850.0,0.0,2850.0,2850.0,0.0,0.0,0.0,1.0
99590228-5f49-45ed-aa0c-4c224caa6cd7,3995.0,3995.0,0.0,3995.0,3995.0,0.0,0.0,0.0,1.0
995f9309-aea0-4f79-916f-8bb45f1502be,26900.0,26900.0,0.0,26900.0,26900.0,0.0,0.0,0.0,1.0
99656243-ef7c-4797-9af4-33e616654b5c,47900.0,47900.0,0.0,47900.0,47900.0,0.0,0.0,0.0,1.0
99740f40-6b87-4d69-9cc4-5cce1f7630ff,1795.0,1795.0,0.0,1795.0,1795.0,0.0,0.0,0.0,1.0
9975e10e-c07c-47c7-904c-7548f721f910,2995.0,2995.0,0.0,2995.0,2995.0,0.0,0.0,0.0,1.0
997f0283-f387-4354-a545-5e2f1efa52f9,6900.0,6900.0,0.0,6900.0,6900.0,0.0,0.0,0.0,1.0
9983e166-a2bf-4ead-82dd-59deed9c0449,1595.0,1595.0,0.0,1595.0,1595.0,0.0,0.0,0.0,1.0
99881cff-ba2d-49b3-8016-fbb71ee2d929,2595.0,2595.0,0.0,2595.0,2595.0,0.0,0.0,0.0,1.0
9995f292-1e2d-40a7-b674-84013a1fc120,54900.0,54900.0,0.0,54900.0,54900.0,0.0,0.0,0.0,1.0
999ad480-ca59-434c-8ef8-fc29fd86ce45,4295.0,4295.0,0.0,4295.0,4295.0,0.0,0.0,0.0,1.0
999d8611-d6f2-4df3-a36c-7d41125cfb1f,695.0,695.0,0.0,695.0,695.0,0.0,0.0,0.0,1.0
99a1c34e-8c0f-4a2f-ad46-707f4344a54b,3495.0,3495.0,0.0,3495.0,3495.0,0.0,0.0,0.0,1.0
99a32336-8495-4cb6-83e3-3bce13f3da4b,24900.0,24900.0,0.0,24900.0,24900.0,0.0,0.0,0.0,1.0
99aa8f25-32cf-403f-8979-bfe64ffef964,1395.0,1395.0,0.0,1395.0,1395.0,0.0,0.0,0.0,1.0
99b43201-078c-4f50-b9ab-88590e07fd95,595.0,595.0,0.0,595.0,595.0,0.0,0.0,0.0,1.0
99b504cb-d7c7-4861-9e78-d01d2c0d3ef2,9990.0,9990.0,0.0,9990.0,9990.0,0.0,0.0,0.0,1.0
99c2ee5a-e299-46a9-b40f-27ff9bd74814,2300.0,2300.0,0.0,2300.0,2300.0,0.0,0.0,0.0,1.0
99c43790-ff63-4ee1-be11-a1255409c8ab,4495.0,4495.0,0.0,4495.0,4495.0,0.0,0.0,0.0,1.0
99c9c83f-577e-4a67-8f5f-5ad2fff13ef4,895.0,895.0,0.0,895.0,895.0,0.0,0.0,0.0,1.0
99def767-9fd1-4b79-aa1e-c7b0dd3d31d0,860.0,860.0,0.0,860.0,860.0,0.0,0.0,0.0,1.0
99dfdd99-784f-421b-a240-0455cfc074b9,13500.0,13500.0,0.0,13500.0,13500.0,0.0,0.0,0.0,1.0
99e66e33-0f71-4710-8570-0a508a47f0ff,3295.0,3295.0,0.0,3295.0,3295.0,0.0,0.0,0.0,1.0
99f11b14-79a2-4d0f-bbbf-d1c04897f016,22900.0,22900.0,0.0,22900.0,22900.0,0.0,0.0,0.0,1.0
99fb1229-6b28-4572-b5ed-a5e69c884047,41900.0,41900.0,0.0,41900.0,41900.0,0.0,0.0,0.0,1.0
99fee6c1-0a4a-4c86-84a6-772fd2e52a6c,2090.0,2090.0,0.0,2090.0,2090.0,0.0,0.0,0.0,1.0
9a0cc4f0-ada1-4772-9019-6f927d19153f,999.0,999.0,0.0,999.0,999.0,0.0,0.0,0.0,1.0
9a0d3fcf-7591-40d5-beb8-774e693392ac,4995.0,4995.0,0.0,4995.0,4995.0,0.0,0.0,0.0,1.0
9a0dc24c-26b3-4559-acf7-09854592b921,110.0,110.0,0.0,110.0,110.0,0.0,0.0,0.0,1.0
9a1367b7-6104-4366-9d76-6561c65250c1,540.0,540.0,0.0,540.0,540.0,0.0,0.0,0.0,1.0
9a13c0c7-40b4-4a0c-9831-c0c1901731bb,695.0,695.0,0.0,695.0,695.0,0.0,0.0,0.0,1.0
9a1a996e-a26e-471f-9f7e-fad7234b6767,1100.0,1100.0,0.0,1100.0,1100.0,0.0,0.0,0.0,1.0
9a285ef7-15e4-46e6-b5b4-fe91d5a83226,1295.0,1295.0,0.0,1295.0,1295.0,0.0,0.0,0.0,1.0
9a28d9a9-927d-4205-b177-f2036e50aa07,11500.0,11500.0,0.0,11500.0,11500.0,0.0,0.0,0.0,1.0
9a28ff64-a163-452b-8362-68be4acd2df5,1180.0,1180.0,0.0,1180.0,1180.0,0.0,0.0,0.0,1.0
9a2bce0c-f5db-459c-a632-64410b563bf5,1995.0,1995.0,0.0,1995.0,1995.0,0.0,0.0,0.0,1.0
9a2e4343-781e-425c-ad49-dc20fbe0d016,700.0,700.0,0.0,700.0,700.0,0.0,0.0,0.0,1.0
9a35cdf5-94d5-4f5b-a934-8429eed4924b,22900.0,22900.0,0.0,22900.0,22900.0,0.0,0.0,0.0,1.0
9a3a70f5-1b1f-4de5-a16c-e7b1973e312d,17500.0,17500.0,0.0,17500.0,17500.0,0.0,0.0,0.0,1.0
9a3fa427-48ac-4549-8c8b-6acb5c7d0da6,1995.0,1995.0,0.0,1995.0,1995.0,0.0,0.0,0.0,1.0
9a43af7a-a7af-4ac5-bf33-5a2554586190,10900.0,10900.0,0.0,10900.0,10900.0,0.0,0.0,0.0,1.0
9a52815c-a26f-4f08-aae2-062fafd5e549,4440.0,4440.0,0.0,4440.0,4440.0,0.0,0.0,0.0,1.0
9a57989d-9cfa-4de3-8042-68848992a202,3995.0,3995.0,0.0,3995.0,3995.0,0.0,0.0,0.0,1.0
9a5b0d9d-cd05-460b-9066-b31464d34982,1650.0,1650.0,0.0,1650.0,1650.0,0.0,0.0,0.0,1.0
9a5bf16f-9c78-4ba4-a054-219d20c5d81a,375.0,375.0,0.0,375.0,375.0,0.0,0.0,0.0,1.0
9a62c685-1f00-4910-9358-4406f89d21e8,17900.0,17900.0,0.0,17900.0,17900.0,0.0,0.0,0.0,1.0
9a64ae5f-0e1e-4031-8de1-15ae0c24f41c,1795.0,1795.0,0.0,1795.0,1795.0,0.0,0.0,0.0,1.0
9a6a03cd-a70e-4f7e-ab52-beddda725922,47900.0,47900.0,0.0,47900.0,47900.0,0.0,0.0,0.0,1.0
9a7514bf-06db-46b4-9815-74dfcdbc4c3f,4395.0,4395.0,0.0,4395.0,4395.0,0.0,0.0,0.0,1.0
9a784da8-0541-448a-9c6c-6d6b4310b5da,445.0,445.0,0.0,445.0,445.0,0.0,0.0,0.0,1.0
9a81747b-c9fc-42d0-a7cf-64b5caa83052,2295.0,2295.0,0.0,2295.0,2295.0,0.0,0.0,0.0,1.0
9a84b5f2-b7b8-4ea4-bcb7-9551556301e7,2900.0,2900.0,0.0,2900.0,2900.0,0.0,0.0,0.0,1.0
9a9a66eb-e63b-405c-8a32-732003629aa0,95.0,95.0,0.0,95.0,95.0,0.0,0.0,0.0,1.0
9a9fdb38-7be5-4fc4-8cda-577ae020a2c8,495.0,495.0,0.0,495.0,495.0,0.0,0.0,0.0,1.0
9aa14ac5-02c1-474a-b253-bd85267d4d00,115.0,115.0,0.0,115.0,115.0,0.0,0.0,0.0,1.0
9aa6073f-5015-411b-a289-dd5fe62544db,2900.0,2900.0,0.0,2900.0,2900.0,0.0,0.0,0.0,1.0
9aa8a3a0-020e-455c-8ed5-6790b2acb6e0,16900.0,16900.0,0.0,16900.0,16900.0,0.0,0.0,0.0,1.0
9ab8cf5f-75c6-444e-b224-766de1901717,1950.0,1950.0,0.0,1950.0,1950.0,0.0,0.0,0.0,1.0
9abbd849-6d87-4623-88d8-0353edcf22b2,3100.0,3100.0,0.0,3100.0,3100.0,0.0,0.0,0.0,1.0
9abefe11-9706-4a0d-834b-86b11e38d5bb,6995.0,6995.0,0.0,6995.0,6995.0,0.0,0.0,0.0,1.0
9abf5db1-e79f-4d5e-8e21-e3da413c707e,1310.0,1310.0,0.0,1310.0,1310.0,0.0,0.0,0.0,1.0
9ac3ba23-9610-4333-bbb3-cf7683dfa801,470.0,470.0,0.0,470.0,470.0,0.0,0.0,0.0,1.0
9ac4c065-5022-4cd1-bf7c-8598af938fcb,840.0,840.0,0.0,840.0,840.0,0.0,0.0,0.0,1.0
9ad0e6d7-ae23-4088-bd49-55cb7397d07b,13900.0,13900.0,0.0,13900.0,13900.0,0.0,0.0,0.0,1.0
9ad4c149-7727-46ed-960b-20c1ed348388,23900.0,23900.0,0.0,23900.0,23900.0,0.0,0.0,0.0,1.0
9ad5e7b2-8559-43d8-b53e-aa2619d969d4,2900.0,2900.0,0.0,2900.0,2900.0,0.0,0.0,0.0,1.0
9aeb8d2c-8ce7-41b4-96d4-6e1cefd6bb5f,2095.0,2095.0,0.0,2095.0,2095.0,0.0,0.0,0.0,1.0
9af7cfff-2ef0-4b24-b22a-fde1a184fea8,1545.0,1545.0,0.0,1545.0,1545.0,0.0,0.0,0.0,1.0
9afa548c-084c-439c-98e2-685c7dc740c8,1395.0,1395.0,0.0,1395.0,1395.0,0.0,0.0,0.0,1.0
9afdd613-7e65-41c1-98c4-c88aaa8d2d6c,8995.0,8995.0,0.0,8995.0,8995.0,0.0,0.0,0.0,1.0
9aff6a3e-2088-4649-9fbe-e5f53a014f3a,1290.0,1290.0,0.0,1290.0,1290.0,0.0,0.0,0.0,1.0
9b060cc1-c278-4eae-9783-a33d05e9640a,6995.0,6995.0,0.0,6995.0,6995.0,0.0,0.0,0.0,1.0
9b10593d-90f2-4b77-ba13-6294f013acd3,470.0,470.0,0.0,470.0,470.0,0.0,0.0,0.0,1.0
9b1540d1-a8ca-48ee-9969-397506a92170,845.0,845.0,0.0,845.0,845.0,0.0,0.0,0.0,1.0
9b1a03c9-76f4-47e0-a495-26b6a1382a8c,1650.0,1650.0,0.0,1650.0,1650.0,0.0,0.0,0.0,1.0
9b216d5c-0077-4553-ada2-3f11661454e7,2900.0,2900.0,0.0,2900.0,2900.0,0.0,0.0,0.0,1.0
9b24a059-89cf-4fba-8e72-6032ae5112eb,4295.0,4295.0,0.0,4295.0,4295.0,0.0,0.0,0.0,1.0
9b2848f6-b02a-45f9-9302-105019007393,2395.0,2395.0,0.0,2395.0,2395.0,0.0,0.0,0.0,1.0
9b4104b8-a04f-4493-a575-96d9c3dbece0,3995.0,3995.0,0.0,3995.0,3995.0,0.0,0.0,0.0,1.0
9b43f814-767b-4273-aa13-ea40d5fd86f9,1145.0,1145.0,0.0,1145.0,1145.0,0.0,0.0,0.0,1.0
9b44be4a-6c16-45be-99b2-a68fe6ac7987,2495.0,2495.0,0.0,2495.0,2495.0,0.0,0.0,0.0,1.0
9b4e1cdd-9718-402c-bb8c-a7cea0687812,3800.0,3800.0,0.0,3800.0,3800.0,0.0,0.0,0.0,1.0
9b4e71f8-820b-482a-bab3-bd7e6d60bcf3,3090.0,3090.0,0.0,3090.0,3090.0,0.0,0.0,0.0,1.0
9b556990-5418-48c2-a9c8-3d0a88b74e92,595.0,595.0,0.0,595.0,595.0,0.0,0.0,0.0,1.0
9b651f81-188e-4216-8ad7-e686d890ea4c,12900.0,12900.0,0.0,12900.0,12900.0,0.0,0.0,0.0,1.0
9b652d7c-edb8-4da1-9add-54de2342fb9a,56900.0,56900.0,0.0,56900.0,56900.0,0.0,0.0,0.0,1.0
9b67bd75-2e47-4630-85c1-85f5bbe40cf6,1095.0,1095.0,0.0,1095.0,1095.0,0.0,0.0,0.0,1.0
9b6b1d25-cef5-4e15-9eeb-3e1216d63417,1595.0,1595.0,0.0,1595.0,1595.0,0.0,0.0,0.0,1.0
9b7c1d68-9b87-4529-9e8b-461c618911ec,3599.0,3599.0,0.0,3599.0,3599.0,0.0,0.0,0.0,1.0
9b80a030-6c73-4f52-a80a-5314a16b36b7,15900.0,15900.0,0.0,15900.0,15900.0,0.0,0.0,0.0,1.0
9b81f329-e60e-4743-8cbd-ad04f21cef5c,9900.0,9900.0,0.0,9900.0,9900.0,0.0,0.0,0.0,1.0
9b853bbc-f2ef-446b-9312-5617c7c6affb,5295.0,5295.0,0.0,5295.0,5295.0,0.0,0.0,0.0,1.0
9b8779c2-2a1a-4ebd-844c-0adf9a49c528,7495.0,7495.0,0.0,7495.0,7495.0,0.0,0.0,0.0,1.0
9b87d684-5deb-4445-a7e7-8269d4fd067d,78.0,78.0,0.0,78.0,78.0,0.0,0.0,0.0,1.0
9b9ac314-94e7-4c44-a93c-7834a1eb46cd,2295.0,2295.0,0.0,2295.0,2295.0,0.0,0.0,0.0,1.0
9b9d17bf-38f3-4829-89bb-129b97477c76,695.0,695.0,0.0,695.0,695.0,0.0,0.0,0.0,1.0
9ba49143-bc02-404f-b98d-921da8cf78c8,1280.0,1280.0,0.0,1280.0,1280.0,0.0,0.0,0.0,1.0
9badbb31-a7c5-49fd-9266-d46f8f24f562,1949.0,1949.0,0.0,1949.0,1949.0,0.0,0.0,0.0,1.0
9bae2794-5b2f-414b-8aed-fc25f99f2a28,17700.0,17700.0,0.0,17700.0,17700.0,0.0,0.0,0.0,1.0
9bb86622-e005-4721-80b7-bcbddb752aa4,8900.0,8900.0,0.0,8900.0,8900.0,0.0,0.0,0.0,1.0
9bbbec76-61d6-4ce7-a69a-e766652498b0,1295.0,1295.0,0.0,1295.0,1295.0,0.0,0.0,0.0,1.0
9bdd8117-ec4c-48be-ad61-b8c6dcb11d6c,5140.0,5140.0,0.0,5140.0,5140.0,0.0,0.0,0.0,1.0
9bf4718f-cc5f-4272-8e7c-2d1fe10a4302,745.0,745.0,0.0,745.0,745.0,0.0,0.0,0.0,1.0
9bf9671a-7241-426c-bbc9-431774b22925,19900.0,19900.0,0.0,19900.0,19900.0,0.0,0.0,0.0,1.0
9bfa23cf-9b3c-4874-ae79-47430eef8da4,10900.0,10900.0,0.0,10900.0,10900.0,0.0,0.0,0.0,1.0
9bfdb6b4-98a7-4289-9665-3bdefd8bcc75,999.0,999.0,0.0,999.0,999.0,0.0,0.0,0.0,1.0
9bff0c3c-8088-4bc8-ac25-6fad8619d224,15900.0,15900.0,0.0,15900.0,15900.0,0.0,0.0,0.0,1.0
9c079f00-311f-4a36-aa37-55dde39aa1c5,949.0,949.0,0.0,949.0,949.0,0.0,0.0,0.0,1.0
9c09fb15-db29-4f89-a7f8-0d6515e4a5f2,1050.0,1050.0,0.0,1050.0,1050.0,0.0,0.0,0.0,1.0
9c0a58c9-cce6-4166-a175-fba16f047b56,6995.0,6995.0,0.0,6995.0,6995.0,0.0,0.0,0.0,1.0
9c0c7066-d8eb-4ce3-8186-94ec14a3e89e,2400.0,2400.0,0.0,2400.0,2400.0,0.0,0.0,0.0,1.0
9c101d9e-7bc8-451a-8f41-31bcc434cb58,3440.0,3440.0,0.0,3440.0,3440.0,0.0,0.0,0.0,1.0
9c1ae9f7-1805-4313-b242-a31baccd37b9,275.0,275.0,0.0,275.0,275.0,0.0,0.0,0.0,1.0
9c1f1ba5-7f51-4bf4-8826-59c1ede228ac,4490.0,4490.0,0.0,4490.0,4490.0,0.0,0.0,0.0,1.0
9c2122d1-e20e-42c3-9f8c-edcb9d58e2b9,8900.0,8900.0,0.0,8900.0,8900.0,0.0,0.0,0.0,1.0
9c26135d-0d3a-4f89-befa-cda701e2d463,1495.0,1495.0,0.0,1495.0,1495.0,0.0,0.0,0.0,1.0
9c27982a-5138-4af8-87e8-b9f0aad8ad39,10900.0,10900.0,0.0,10900.0,10900.0,0.0,0.0,0.0,1.0
9c2d97cc-6c1b-4b9e-bafc-de17b05cc48f,3995.0,3995.0,0.0,3995.0,3995.0,0.0,0.0,0.0,1.0
9c2dc4a6-bbd2-4de2-af23-fbe9d6da4ac8,10900.0,10900.0,0.0,10900.0,10900.0,0.0,0.0,0.0,1.0
9c330a03-43ca-4a12-8fe5-86cdd4955c60,7495.0,7495.0,0.0,7495.0,7495.0,0.0,0.0,0.0,1.0
9c3ec6d6-c256-4b21-865f-eb7ec31c515a,10900.0,10900.0,0.0,10900.0,10900.0,0.0,0.0,0.0,1.0
9c43157a-a872-426c-a236-aae0c65734ba,1595.0,1595.0,0.0,1595.0,1595.0,0.0,0.0,0.0,1.0
9c466ab2-427b-45ef-91b7-088d50750e96,2295.0,2295.0,0.0,2295.0,2295.0,0.0,0.0,0.0,1.0
9c5d1de3-07ac-402e-a6d0-653653643f1b,3250.0,3250.0,0.0,3250.0,3250.0,0.0,0.0,0.0,1.0
9c5e4b4a-99fa-480d-8af1-ba509cce48b8,535.0,535.0,0.0,535.0,535.0,0.0,0.0,0.0,1.0
9c60ee2f-0e3d-4eac-8a04-db138b4941b1,2695.0,2695.0,0.0,2695.0,2695.0,0.0,0.0,0.0,1.0
9c6a0b3c-85a8-4687-8871-660bcb92b7e5,1999.0,1999.0,0.0,1999.0,1999.0,0.0,0.0,0.0,1.0
9c75653e-cf9a-48a0-b796-1cecfff6b0f7,2030.0,2030.0,0.0,2030.0,2030.0,0.0,0.0,0.0,1.0
9c7be8b7-ae81-4216-9a49-4ef155f0214d,3900.0,3900.0,0.0,3900.0,3900.0,0.0,0.0,0.0,1.0
9c87442b-36fa-41a3-9316-8dd23f4e2184,2450.0,2450.0,0.0,2450.0,2450.0,0.0,0.0,0.0,1.0
9c8c739f-606d-4c2c-88e6-4ebac2ce3e71,770.0,770.0,0.0,770.0,770.0,0.0,0.0,0.0,1.0
9c92890a-948e-4d66-b4b0-fb1734146b69,34900.0,34900.0,0.0,34900.0,34900.0,0.0,0.0,0.0,1.0
9c93e816-7097-4a4c-8b3c-5244017155cd,2995.0,2995.0,0.0,2995.0,2995.0,0.0,0.0,0.0,1.0
9c9f5c96-c9c7-4baa-9d14-296c21f1efae,9995.0,9995.0,0.0,9995.0,9995.0,0.0,0.0,0.0,1.0
9cad9bb4-3a2e-4d42-9d88-341473f4e13a,17900.0,17900.0,0.0,17900.0,17900.0,0.0,0.0,0.0,1.0
9cae3a47-2c3f-478f-a0e3-72827753aea9,160.0,160.0,0.0,160.0,160.0,0.0,0.0,0.0,1.0
9cb431ed-143a-4845-a430-fe44b36cec25,3865.0,3865.0,0.0,3865.0,3865.0,0.0,0.0,0.0,1.0
9cb4f6d3-05b4-4180-9469-35e16d6319ff,695.0,695.0,0.0,695.0,695.0,0.0,0.0,0.0,1.0
9cbefd08-f409-4efa-90d4-733034c2a468,1395.0,1395.0,0.0,1395.0,1395.0,0.0,0.0,0.0,1.0
9ccc37b8-9a95-41c2-bf14-61dd15a429ea,8995.0,8995.0,0.0,8995.0,8995.0,0.0,0.0,0.0,1.0
9ce0fe7c-e8a8-494a-a524-daad99447284,1495.0,1495.0,0.0,1495.0,1495.0,0.0,0.0,0.0,1.0
9cf08fa1-2d00-47ae-8ddb-866cf3bd16cf,31900.0,31900.0,0.0,31900.0,31900.0,0.0,0.0,0.0,1.0
9cf3d3cf-b79d-4aae-9acb-3d8219740f4d,595.0,595.0,0.0,595.0,595.0,0.0,0.0,0.0,1.0
9cf80dba-d89a-4cbc-b1a2-0f19453c14df,11900.0,11900.0,0.0,11900.0,11900.0,0.0,0.0,0.0,1.0
9cf86267-a262-4b95-926e-c15850acaad8,1595.0,1595.0,0.0,1595.0,1595.0,0.0,0.0,0.0,1.0
9d06e929-b870-4b17-aff6-72f6d2602ba8,595.0,595.0,0.0,595.0,595.0,0.0,0.0,0.0,1.0
9d1b5fda-0f67-48c4-ac6b-9567cb1ecd8d,1995.0,1995.0,0.0,1995.0,1995.0,0.0,0.0,0.0,1.0
9d27db97-b499-45ce-9c0e-7dfc4a8132bc,495.0,495.0,0.0,495.0,495.0,0.0,0.0,0.0,1.0
9d2fd1d0-33a3-484b-a860-41ff672b2cc6,14900.0,14900.0,0.0,14900.0,14900.0,0.0,0.0,0.0,1.0
9d32a611-de2e-4477-b34b-057b160e7bd4,3695.0,3695.0,0.0,3695.0,3695.0,0.0,0.0,0.0,1.0
9d3c649c-3109-4995-a353-ffbd8f99b862,480.0,480.0,0.0,480.0,480.0,0.0,0.0,0.0,1.0
9d3e579c-7d24-4e85-bd53-4330b3cb75fe,1895.0,1895.0,0.0,1895.0,1895.0,0.0,0.0,0.0,1.0
9d3f342f-a7f6-4c36-ab6f-ec6dbd0af641,2560.0,2560.0,0.0,2560.0,2560.0,0.0,0.0,0.0,1.0
9d4a002d-9bf4-438d-9105-cbff055f7b25,3100.0,3100.0,0.0,3100.0,3100.0,0.0,0.0,0.0,1.0
9d4cc4b1-367f-4601-a16f-368c0e4c7537,395.0,395.0,0.0,395.0,395.0,0.0,0.0,0.0,1.0
9d52455c-3441-40ed-af24-cb7ee164b366,1195.0,1195.0,0.0,1195.0,1195.0,0.0,0.0,0.0,1.0
9d5336cb-4901-4222-999b-f3da1ebfb61c,745.0,745.0,0.0,745.0,745.0,0.0,0.0,0.0,1.0
9d562907-1e42-4308-b239-af1a790374b3,2495.0,2495.0,0.0,2495.0,2495.0,0.0,0.0,0.0,1.0
9d5de231-a62b-45f5-986e-dc2ad42d3598,1095.0,1095.0,0.0,1095.0,1095.0,0.0,0.0,0.0,1.0
9d6c95de-f6fb-4054-bdb0-238c234c170b,2195.0,2195.0,0.0,2195.0,2195.0,0.0,0.0,0.0,1.0
9d6da12b-83a6-4350-9075-07e7fbf66fd2,190.0,190.0,0.0,190.0,190.0,0.0,0.0,0.0,1.0
9d747e5e-8a79-424b-8c62-ac977ccd4759,185.0,185.0,0.0,185.0,185.0,0.0,0.0,0.0,1.0
9d75c9ca-3099-4a6c-add5-e30e8d466ac3,575.0,575.0,0.0,575.0,575.0,0.0,0.0,0.0,1.0
9d81692f-55a2-437e-9c96-91f59c418890,1850.0,1850.0,0.0,1850.0,1850.0,0.0,0.0,0.0,1.0
9d8555a9-afce-4af6-958d-321597f9a56e,2195.0,2195.0,0.0,2195.0,2195.0,0.0,0.0,0.0,1.0
9d873dd2-8998-4166-999c-c300f1c23eb6,645.0,645.0,0.0,645.0,645.0,0.0,0.0,0.0,1.0
9d88f566-fbc6-440b-9212-1524158d2511,335.0,335.0,0.0,335.0,335.0,0.0,0.0,0.0,1.0
9d90b239-bd79-4350-8fe1-fcc0c26a13bc,1995.0,1995.0,0.0,1995.0,1995.0,0.0,0.0,0.0,1.0
9d91af2c-d93c-4548-8ff7-61672abe039a,1295.0,1295.0,0.0,1295.0,1295.0,0.0,0.0,0.0,1.0
9da3c641-f2d0-43ef-b0ca-ea0fc001300e,19900.0,19900.0,0.0,19900.0,19900.0,0.0,0.0,0.0,1.0
9db6c877-b507-4fc4-934e-f9d21d29a5e1,445.0,445.0,0.0,445.0,445.0,0.0,0.0,0.0,1.0
9db846f6-3d12-45c2-a32b-c0c9d9a6130a,2395.0,2395.0,0.0,2395.0,2395.0,0.0,0.0,0.0,1.0
9dc056f8-0c86-4d78-aeed-a730649e0c96,12900.0,12900.0,0.0,12900.0,12900.0,0.0,0.0,0.0,1.0
9dc16747-0edd-445e-bb9c-cd34737b4e87,645.0,645.0,0.0,645.0,645.0,0.0,0.0,0.0,1.0
9dc81d96-029c-4ac0-bf63-88cb735324eb,2350.0,2350.0,0.0,2350.0,2350.0,0.0,0.0,0.0,1.0
9dc8c315-7ab2-4764-ab4c-8ce7f4bd6d17,145.0,145.0,0.0,145.0,145.0,0.0,0.0,0.0,1.0
9dca565a-7822-4478-988f-cca3cd8e25e5,95.0,95.0,0.0,95.0,95.0,0.0,0.0,0.0,1.0
9dcb4c6e-1134-4011-ae43-537ea45904ec,17900.0,17900.0,0.0,17900.0,17900.0,0.0,0.0,0.0,1.0
9dda8f64-8abb-4a6a-82c0-dcc50c22587d,4725.0,4725.0,0.0,4725.0,4725.0,0.0,0.0,0.0,1.0
9de8ed09-68eb-432b-8ca9-bb0e1c1a810c,995.0,995.0,0.0,995.0,995.0,0.0,0.0,0.0,1.0
9dea84cd-0ae8-4e7b-b9b8-70126739a0dc,2095.0,2095.0,0.0,2095.0,2095.0,0.0,0.0,0.0,1.0
9df1a266-e408-4a4c-ae03-c929325ffba7,1300.0,1300.0,0.0,1300.0,1300.0,0.0,0.0,0.0,1.0
9df76a9b-448c-4214-ae3c-3b148165917e,2805.0,2805.0,0.0,2805.0,2805.0,0.0,0.0,0.0,1.0
9df90014-00a5-454b-9453-1035c61da763,36900.0,36900.0,0.0,36900.0,36900.0,0.0,0.0,0.0,1.0
9e07517b-d8f6-4101-8c29-3c96c71095f3,1095.0,1095.0,0.0,1095.0,1095.0,0.0,0.0,0.0,1.0
9e1a78b7-23e0-499d-9f7b-3d66556271c5,2800.0,2800.0,0.0,2800.0,2800.0,0.0,0.0,0.0,1.0
9e1e83cc-72cb-43a8-b466-78be8ecfac5c,3100.0,3100.0,0.0,3100.0,3100.0,0.0,0.0,0.0,1.0
9e201949-0019-40f3-9cd6-0dd98cfe904d,7895.0,7895.0,0.0,7895.0,7895.0,0.0,0.0,0.0,1.0
9e28ddea-316f-43d2-9991-fc5fc5a3b1db,23900.0,23900.0,0.0,23900.0,23900.0,0.0,0.0,0.0,1.0
9e2f5159-341c-445c-8ded-3dc74070c94b,1095.0,1095.0,0.0,1095.0,1095.0,0.0,0.0,0.0,1.0
9e305290-c17a-4c7e-9b2b-b4e87db6d0c8,485.0,485.0,0.0,485.0,485.0,0.0,0.0,0.0,1.0
9e35f380-e26e-4627-b5b7-d1279a2679a4,24900.0,24900.0,0.0,24900.0,24900.0,0.0,0.0,0.0,1.0
9e3f4c00-f6ed-47ab-be4e-ac0d63979312,4795.0,4795.0,0.0,4795.0,4795.0,0.0,0.0,0.0,1.0
9e47c22d-b7dd-4966-9618-fa6cd3d47038,3045.0,3045.0,0.0,3045.0,3045.0,0.0,0.0,0.0,1.0
9e48471c-9582-4641-bb2a-7cc9ffd41425,3250.0,3250.0,0.0,3250.0,3250.0,0.0,0.0,0.0,1.0
9e564c4f-ffed-4857-8525-30b11482ee99,1195.0,1195.0,0.0,1195.0,1195.0,0.0,0.0,0.0,1.0
9e5b5c0a-6952-416e-8381-54b98659a68b,14900.0,14900.0,0.0,14900.0,14900.0,0.0,0.0,0.0,1.0
9e5db002-8abc-4a60-9ff1-90fe0fa44e4d,13900.0,13900.0,0.0,13900.0,13900.0,0.0,0.0,0.0,1.0
9e667c63-15d1-4cf6-8dde-2d8c8bceea5e,3895.0,3895.0,0.0,3895.0,3895.0,0.0,0.0,0.0,1.0
9e7344ab-efee-412c-9b90-02056dd96ccc,3995.0,3995.0,0.0,3995.0,3995.0,0.0,0.0,0.0,1.0
9e7651f7-32de-4a0f-b7b1-06e0a69b6dbe,2600.0,2600.0,0.0,2600.0,2600.0,0.0,0.0,0.0,1.0
9e7bad80-dc7d-481a-8dd0-3b53caa7a788,4380.0,4380.0,0.0,4380.0,4380.0,0.0,0.0,0.0,1.0
9e7e831a-97f4-430d-868b-b6876ba41e1d,1695.0,1695.0,0.0,1695.0,1695.0,0.0,0.0,0.0,1.0
9e881330-21d4-4df9-b284-8564727e8575,1295.0,1295.0,0.0,1295.0,1295.0,0.0,0.0,0.0,1.0
9e9a989b-7597-4503-aec4-c3c7c49e616c,595.0,595.0,0.0,595.0,595.0,0.0,0.0,0.0,1.0
9e9c1c3f-0397-4cae-905a-e601a615d87c,10900.0,10900.0,0.0,10900.0,10900.0,0.0,0.0,0.0,1.0
9e9ca07f-cfb9-4b6a-a297-7f24a9049de3,1980.0,1980.0,0.0,1980.0,1980.0,0.0,0.0,0.0,1.0
9ea99ec4-91ea-41bd-900c-320b7f19aa73,999.0,999.0,0.0,999.0,999.0,0.0,0.0,0.0,1.0
9ead0d7c-f753-4bf7-b7ca-1242d58f7620,2700.0,2700.0,0.0,2700.0,2700.0,0.0,0.0,0.0,1.0
9eaf6110-6594-4e5d-96ba-89584d48c097,3795.0,3795.0,0.0,3795.0,3795.0,0.0,0.0,0.0,1.0
9eccbe42-96f1-4a52-a741-1cd46f337bcf,42900.0,42900.0,0.0,42900.0,42900.0,0.0,0.0,0.0,1.0
9ecd2302-781a-4108-999b-d2934fcb7fa0,1145.0,1145.0,0.0,1145.0,1145.0,0.0,0.0,0.0,1.0
9ed8c942-f19d-4828-90b3-a60e18cf2066,375.0,375.0,0.0,375.0,375.0,0.0,0.0,0.0,1.0
9eda87eb-52c3-409e-86bf-27b91a1e1d88,25900.0,25900.0,0.0,25900.0,25900.0,0.0,0.0,0.0,1.0
9ee54be6-6da1-47b9-9f0b-d07c250b388e,2199.0,2199.0,0.0,2199.0,2199.0,0.0,0.0,0.0,1.0
9ee699ee-f250-4610-a203-37ffd268da08,695.0,695.0,0.0,695.0,695.0,0.0,0.0,0.0,1.0
9ee7794e-0bd5-45c1-9cc8-9483455b7139,17500.0,17500.0,0.0,17500.0,17500.0,0.0,0.0,0.0,1.0
9ef8d2ad-0179-4660-bce5-0d54b9c2b40a,695.0,695.0,0.0,695.0,695.0,0.0,0.0,0.0,1.0
9f066750-583b-48bd-8a5d-2a6ee61ac171,3100.0,3100.0,0.0,3100.0,3100.0,0.0,0.0,0.0,1.0
9f098727-20bd-4da5-b656-c6efe50fb479,275.0,275.0,0.0,275.0,275.0,0.0,0.0,0.0,1.0
9f0a053c-a745-4a47-b8d4-84a32abea91a,2395.0,2395.0,0.0,2395.0,2395.0,0.0,0.0,0.0,1.0
9f0c7191-76c7-49cb-97fa-1d3fe497ffe4,2800.0,2800.0,0.0,2800.0,2800.0,0.0,0.0,0.0,1.0
9f108e67-1c87-4d3d-8750-6d4798360d7b,1995.0,1995.0,0.0,1995.0,1995.0,0.0,0.0,0.0,1.0
9f111f28-c872-4c5c-9e1d-674c089ecfcb,2345.0,2345.0,0.0,2345.0,2345.0,0.0,0.0,0.0,1.0
9f161fef-9f90-4c2e-866b-b48ab37b80eb,1295.0,1295.0,0.0,1295.0,1295.0,0.0,0.0,0.0,1.0
9f20a320-3e82-4fb7-a7fa-b2d8e22b77a4,1195.0,1195.0,0.0,1195.0,1195.0,0.0,0.0,0.0,1.0
9f28ca6e-f463-491b-b3f8-4656a9c657d2,1195.0,1195.0,0.0,1195.0,1195.0,0.0,0.0,0.0,1.0
9f2b9dc1-0012-4b8d-8642-e0c32cd47830,3895.0,3895.0,0.0,3895.0,3895.0,0.0,0.0,0.0,1.0
9f3021f5-c34f-47b8-bdb8-ecfb5a9744c1,645.0,645.0,0.0,645.0,645.0,0.0,0.0,0.0,1.0
9f3a14e5-4e83-458c-a967-68e1a6548417,105.0,105.0,0.0,105.0,105.0,0.0,0.0,0.0,1.0
9f3ab201-5b44-46ad-b12d-ecdc9993e49f,1795.0,1795.0,0.0,1795.0,1795.0,0.0,0.0,0.0,1.0
9f3d68eb-352c-4cac-98f2-e2c13f3812de,18900.0,18900.0,0.0,18900.0,18900.0,0.0,0.0,0.0,1.0
9f44e8fc-e713-45a9-a366-befa05bd8041,4695.0,4695.0,0.0,4695.0,4695.0,0.0,0.0,0.0,1.0
9f49355d-4e59-49fe-9bb1-d7ef6b03d9a2,2395.0,2395.0,0.0,2395.0,2395.0,0.0,0.0,0.0,1.0
9f5a62bf-bc2b-478a-9bd6-9d90fbe79de2,460.0,460.0,0.0,460.0,460.0,0.0,0.0,0.0,1.0
9f5c5781-87c7-4731-aeea-72a23ecfe717,2400.0,2400.0,0.0,2400.0,2400.0,0.0,0.0,0.0,1.0
9f65e3d4-bf3d-4623-9425-3ae3eaea4181,3495.0,3495.0,0.0,3495.0,3495.0,0.0,0.0,0.0,1.0
9f682a3a-5fe2-42fa-a933-bfd23ca74d37,370.0,370.0,0.0,370.0,370.0,0.0,0.0,0.0,1.0
9f683d1c-ccd7-456a-b8b2-12a8434b0493,24900.0,24900.0,0.0,24900.0,24900.0,0.0,0.0,0.0,1.0
9f6c993c-6554-4fe0-82cf-b3ab92212715,1395.0,1395.0,0.0,1395.0,1395.0,0.0,0.0,0.0,1.0
9f85f15c-3a71-4b0b-afdc-2bd248cc61ba,5995.0,5995.0,0.0,5995.0,5995.0,0.0,0.0,0.0,1.0
9f8a1c9a-7432-4e15-9429-d0908cdf7a8d,3800.0,3800.0,0.0,3800.0,3800.0,0.0,0.0,0.0,1.0
9f8beaf1-f77a-4b59-93db-53ce4b9acbc6,3195.0,3195.0,0.0,3195.0,3195.0,0.0,0.0,0.0,1.0
9f920ebc-5c7c-4ce0-987b-77c6ec7dc7a7,3145.0,3145.0,0.0,3145.0,3145.0,0.0,0.0,0.0,1.0
9fa39329-a19c-456f-8a62-39c956a28296,1295.0,1295.0,0.0,1295.0,1295.0,0.0,0.0,0.0,1.0
9fb3249e-130e-456d-9cd7-c819b04bb36e,3895.0,3895.0,0.0,3895.0,3895.0,0.0,0.0,0.0,1.0
9fb701b6-2c8a-4f7b-831c-e25113539cf2,645.0,645.0,0.0,645.0,645.0,0.0,0.0,0.0,1.0
9fbaf399-3c6f-423a-ae5e-134b0c0de433,695.0,695.0,0.0,695.0,695.0,0.0,0.0,0.0,1.0
9fbf2be3-214a-48d7-b7b6-77ccb7b2fe5c,54900.0,54900.0,0.0,54900.0,54900.0,0.0,0.0,0.0,1.0
9fc5708a-cb54-4529-bdb7-353afd3b4763,595.0,595.0,0.0,595.0,595.0,0.0,0.0,0.0,1.0
9fc9a0c9-9ede-4edd-a6b2-8a2f5733608a,195.0,195.0,0.0,195.0,195.0,0.0,0.0,0.0,1.0
9fd1921f-f16b-432e-be24-6d640fd31fbd,1595.0,1595.0,0.0,1595.0,1595.0,0.0,0.0,0.0,1.0
9fd1eef7-98ab-46a9-914a-518b7db81237,4995.0,4995.0,0.0,4995.0,4995.0,0.0,0.0,0.0,1.0
9fd4362a-ef19-4e98-9f9b-6a0dda2fa0b3,13900.0,13900.0,0.0,13900.0,13900.0,0.0,0.0,0.0,1.0
9fd4c901-416a-418c-83fb-632d51647bd2,3630.0,3630.0,0.0,3630.0,3630.0,0.0,0.0,0.0,1.0
9fdf3eed-c111-48aa-87ef-7f5937498147,12900.0,12900.0,0.0,12900.0,12900.0,0.0,0.0,0.0,1.0
9fe78878-2062-41af-924c-29bcc250676a,2195.0,2195.0,0.0,2195.0,2195.0,0.0,0.0,0.0,1.0
9fe7bda1-37f8-46bc-a979-2eb813653abd,3995.0,3995.0,0.0,3995.0,3995.0,0.0,0.0,0.0,1.0
9fe890e0-ff30-4e36-8fd3-0b779cecc6ba,10500.0,10500.0,0.0,10500.0,10500.0,0.0,0.0,0.0,1.0
9ff00cfa-29cc-4861-b815-735676c5c261,8995.0,8995.0,0.0,8995.0,8995.0,0.0,0.0,0.0,1.0
a008e7d3-0323-401e-86b9-480489dd02b4,9900.0,9900.0,0.0,9900.0,9900.0,0.0,0.0,0.0,1.0
a0091ae4-1a04-47c0-925c-03d0feaf52d1,2400.0,2400.0,0.0,2400.0,2400.0,0.0,0.0,0.0,1.0
a00cfb3a-0651-422b-aee7-36b3678b7b57,2245.0,2245.0,0.0,2245.0,2245.0,0.0,0.0,0.0,1.0
a0141c1d-08a5-4ee7-9ee3-c741d1b3aa7d,6995.0,6995.0,0.0,6995.0,6995.0,0.0,0.0,0.0,1.0
a01d4dc2-d6e3-45e7-8c91-b16a8f5b2e9a,895.0,895.0,0.0,895.0,895.0,0.0,0.0,0.0,1.0
a0298974-4810-4c97-9340-6e9de25a92fa,2999.0,2999.0,0.0,2999.0,2999.0,0.0,0.0,0.0,1.0
a034d3b6-e81f-4a08-8b48-50b81d2f261b,4995.0,4995.0,0.0,4995.0,4995.0,0.0,0.0,0.0,1.0
a0369ecd-5eed-454c-ae26-40e5c072c624,9900.0,9900.0,0.0,9900.0,9900.0,0.0,0.0,0.0,1.0
a03835be-94c4-4186-affc-79db07819b2e,47.0,47.0,0.0,47.0,47.0,0.0,0.0,0.0,1.0
a03beb99-9c00-4227-94ad-ff34e6399b5e,440.0,440.0,0.0,440.0,440.0,0.0,0.0,0.0,1.0
a0447efd-c2c2-4f5d-a791-0a78bb0f6411,1400.0,1400.0,0.0,1400.0,1400.0,0.0,0.0,0.0,1.0
a049c5b0-4f00-40ba-9011-1d057086d4a4,2599.0,2599.0,0.0,2599.0,2599.0,0.0,0.0,0.0,1.0
a04c9fd3-3a8b-4808-9fa8-6f4b30175285,1995.0,1995.0,0.0,1995.0,1995.0,0.0,0.0,0.0,1.0
a05f3146-d9bc-4214-9f61-80407903f932,4395.0,4395.0,0.0,4395.0,4395.0,0.0,0.0,0.0,1.0
a0613ee2-58b2-418d-a46d-bccd7815a672,12900.0,12900.0,0.0,12900.0,12900.0,0.0,0.0,0.0,1.0
a06b5824-f89e-401e-b327-d5b8f6e628aa,14900.0,14900.0,0.0,14900.0,14900.0,0.0,0.0,0.0,1.0
a06c9d45-b21e-4417-b362-8edfdb4365a0,44900.0,44900.0,0.0,44900.0,44900.0,0.0,0.0,0.0,1.0
a073ef96-1c6e-4b35-a00f-6954eef7341b,1195.0,1195.0,0.0,1195.0,1195.0,0.0,0.0,0.0,1.0
a0863315-bf6a-40a0-a57f-35bcefd3454c,1295.0,1295.0,0.0,1295.0,1295.0,0.0,0.0,0.0,1.0
a08d4ada-34fe-444e-ab3c-af0249adc30e,5295.0,5295.0,0.0,5295.0,5295.0,0.0,0.0,0.0,1.0
a08fb3c3-280a-40d9-8331-61c50965d83e,310.0,310.0,0.0,310.0,310.0,0.0,0.0,0.0,1.0
a08fcd89-6d92-4c46-bf6b-32c9064887d2,2495.0,2495.0,0.0,2495.0,2495.0,0.0,0.0,0.0,1.0
a09b7db1-d997-4ee6-8ca8-c8b3b353c036,585.0,585.0,0.0,585.0,585.0,0.0,0.0,0.0,1.0
a0a49d76-eb11-4aa3-be60-ce18b95ed77e,9900.0,9900.0,0.0,9900.0,9900.0,0.0,0.0,0.0,1.0
a0b007bc-9251-4c21-a96e-69510638ce4c,14900.0,14900.0,0.0,14900.0,14900.0,0.0,0.0,0.0,1.0
a0b1ecbe-6485-4813-b75a-293b06afc8e2,320.0,320.0,0.0,320.0,320.0,0.0,0.0,0.0,1.0
a0b248af-dcaa-46b2-afd1-3f9e47d26525,120.0,120.0,0.0,120.0,120.0,0.0,0.0,0.0,1.0
a0c55763-4e87-4616-ace3-a4ebceacb21f,3390.0,3390.0,0.0,3390.0,3390.0,0.0,0.0,0.0,1.0
a0cf37bf-49e9-49ca-bc54-65212080eb95,30.0,30.0,0.0,30.0,30.0,0.0,0.0,0.0,1.0
a0dc14a8-f5e9-47d3-a911-5ae47389e24e,565.0,565.0,0.0,565.0,565.0,0.0,0.0,0.0,1.0
a0e0d09e-7f44-4782-8a55-9627468221bd,2900.0,2900.0,0.0,2900.0,2900.0,0.0,0.0,0.0,1.0
a0f47c9a-0674-4af1-8a02-f3ec438900e4,2295.0,2295.0,0.0,2295.0,2295.0,0.0,0.0,0.0,1.0
a0ff5e7a-3415-45cc-86ec-02368b32d764,19900.0,19900.0,0.0,19900.0,19900.0,0.0,0.0,0.0,1.0
a102deef-1c18-49e5-acc5-f1350f16abe9,10900.0,10900.0,0.0,10900.0,10900.0,0.0,0.0,0.0,1.0
a1132a63-d33c-49a1-bee4-bc858b87e61a,1795.0,1795.0,0.0,1795.0,1795.0,0.0,0.0,0.0,1.0
a1143ea9-1517-4e6a-91cf-0dac095336fa,9900.0,9900.0,0.0,9900.0,9900.0,0.0,0.0,0.0,1.0
a11fae03-8978-4425-a134-e4545e4e548a,6500.0,6500.0,0.0,6500.0,6500.0,0.0,0.0,0.0,1.0
a125cff5-a9ae-4e39-8ac6-19f292d051b7,895.0,895.0,0.0,895.0,895.0,0.0,0.0,0.0,1.0
a134607c-8456-416e-a057-ddec70ea3570,3495.0,3495.0,0.0,3495.0,3495.0,0.0,0.0,0.0,1.0
a13987e9-2c5c-4646-83da-f2a6410abee0,2900.0,2900.0,0.0,2900.0,2900.0,0.0,0.0,0.0,1.0
a13acf4f-ac00-4415-84c4-92d2083b16d3,1320.0,1320.0,0.0,1320.0,1320.0,0.0,0.0,0.0,1.0
a13cb152-17e5-4915-a103-cbbd440b305d,2800.0,2800.0,0.0,2800.0,2800.0,0.0,0.0,0.0,1.0
a14471b4-c915-42ad-817d-b35e4f0efe50,645.0,645.0,0.0,645.0,645.0,0.0,0.0,0.0,1.0
a1489535-4927-4462-91bd-4fab5f856e38,2395.0,2395.0,0.0,2395.0,2395.0,0.0,0.0,0.0,1.0
a14a02fd-e320-4ef9-a30c-4da5d772ea15,1095.0,1095.0,0.0,1095.0,1095.0,0.0,0.0,0.0,1.0
a14a037b-dde1-42e1-9789-a27bafd11980,11900.0,11900.0,0.0,11900.0,11900.0,0.0,0.0,0.0,1.0
a14e4353-22ce-4ba6-a047-b1366788a5da,3295.0,3295.0,0.0,3295.0,3295.0,0.0,0.0,0.0,1.0
a1575973-0ae1-461c-a270-828d5d8dd084,1300.0,1300.0,0.0,1300.0,1300.0,0.0,0.0,0.0,1.0
a15b8f51-3077-4b74-a468-00e83a12d71a,3990.0,3990.0,0.0,3990.0,3990.0,0.0,0.0,0.0,1.0
a15fdbe4-5171-4f37-963b-198b6b399356,3395.0,3395.0,0.0,3395.0,3395.0,0.0,0.0,0.0,1.0
a164dbd1-6926-41df-b4e8-63dcf5bc0632,39900.0,39900.0,0.0,39900.0,39900.0,0.0,0.0,0.0,1.0
a1680fd8-79fb-49b8-8037-9c33bad712d8,24900.0,24900.0,0.0,24900.0,24900.0,0.0,0.0,0.0,1.0
a16b88a7-3292-4feb-b451-ccdc219f9c59,995.0,995.0,0.0,995.0,995.0,0.0,0.0,0.0,1.0
a16fa5e6-fdfd-4161-9522-3dd5e2ef0862,3995.0,3995.0,0.0,3995.0,3995.0,0.0,0.0,0.0,1.0
a1749ec2-3e08-4a54-99af-0a144e8a31c2,895.0,895.0,0.0,895.0,895.0,0.0,0.0,0.0,1.0
a1766b69-4883-4067-817f-5b54e2d93d90,1995.0,1995.0,0.0,1995.0,1995.0,0.0,0.0,0.0,1.0
a1834c82-517b-400d-8dd2-4f29f903734a,12500.0,12500.0,0.0,12500.0,12500.0,0.0,0.0,0.0,1.0
a1852c6c-5f75-458c-ae03-9874689d23ea,435.0,435.0,0.0,435.0,435.0,0.0,0.0,0.0,1.0
a18a36a5-33d5-4ad7-89a5-617bd431a6af,1595.0,1595.0,0.0,1595.0,1595.0,0.0,0.0,0.0,1.0
a192f736-bae6-4466-a95f-869b166c9523,55900.0,55900.0,0.0,55900.0,55900.0,0.0,0.0,0.0,1.0
a195203c-a51b-43fb-aa66-5bc4c160f784,995.0,995.0,0.0,995.0,995.0,0.0,0.0,0.0,1.0
a19ac27a-ae55-4361-a4c5-730526a4bfc1,995.0,995.0,0.0,995.0,995.0,0.0,0.0,0.0,1.0
a19e6674-a66e-4304-bdac-c7fc39fd4f18,1545.0,1545.0,0.0,1545.0,1545.0,0.0,0.0,0.0,1.0
a1a9738c-73e6-44e2-ac27-fae4a360887e,1245.0,1245.0,0.0,1245.0,1245.0,0.0,0.0,0.0,1.0
a1b1a68b-ad1e-4049-b122-85a034a4060b,2595.0,2595.0,0.0,2595.0,2595.0,0.0,0.0,0.0,1.0
a1b2af2f-3a1a-4703-8951-877f1e975429,990.0,990.0,0.0,990.0,990.0,0.0,0.0,0.0,1.0
a1b6c9b7-83b0-4f38-aa9a-b5b303148851,3250.0,3250.0,0.0,3250.0,3250.0,0.0,0.0,0.0,1.0
a1b7b892-c785-4f00-b0a0-e6d0740e3a3a,10500.0,10500.0,0.0,10500.0,10500.0,0.0,0.0,0.0,1.0
a1b8a02a-b2ca-4d21-ae9a-eaecee62a6d7,9900.0,9900.0,0.0,9900.0,9900.0,0.0,0.0,0.0,1.0
a1bae56a-f1ef-4790-8378-71cec9849f79,845.0,845.0,0.0,845.0,845.0,0.0,0.0,0.0,1.0
a1c36538-9d0f-4511-baa9-3f9f2af176d9,23900.0,23900.0,0.0,23900.0,23900.0,0.0,0.0,0.0,1.0
a1c7d899-4d3e-44e3-b772-9690ef26574f,7995.0,7995.0,0.0,7995.0,7995.0,0.0,0.0,0.0,1.0
a1caad5f-8084-4f33-81e8-744d15f02ca6,11900.0,11900.0,0.0,11900.0,11900.0,0.0,0.0,0.0,1.0
a1cc319b-020d-420b-96f5-660d8291a3a8,435.0,435.0,0.0,435.0,435.0,0.0,0.0,0.0,1.0
a1e45a5e-09a8-41c8-b8b2-47d345737276,645.0,645.0,0.0,645.0,645.0,0.0,0.0,0.0,1.0
a1e848f0-2615-4203-a1f8-4f9a09615380,14500.0,14500.0,0.0,14500.0,14500.0,0.0,0.0,0.0,1.0
a1f20b5d-bd02-48d2-af00-462f00cfafa0,10500.0,10500.0,0.0,10500.0,10500.0,0.0,0.0,0.0,1.0
a1fc29d2-4a48-4716-a4bd-ebda3eb7d312,695.0,695.0,0.0,695.0,695.0,0.0,0.0,0.0,1.0
a2011508-b19a-4655-8074-bb341bbef1e1,335.0,335.0,0.0,335.0,335.0,0.0,0.0,0.0,1.0
a2041774-5f31-419e-9b88-3dd0e8cda75b,695.0,695.0,0.0,695.0,695.0,0.0,0.0,0.0,1.0
a20475ac-e4b0-4368-92dd-71edf68b1639,695.0,695.0,0.0,695.0,695.0,0.0,0.0,0.0,1.0
a20e8097-a6fe-4e39-ab51-9ca27adbb9be,75.0,75.0,0.0,75.0,75.0,0.0,0.0,0.0,1.0
a23287c7-cb7b-461c-9908-13c9a61db850,5700.0,5700.0,0.0,5700.0,5700.0,0.0,0.0,0.0,1.0
a235d093-c56a-4a4d-883d-fc3a4fb78e2b,1295.0,1295.0,0.0,1295.0,1295.0,0.0,0.0,0.0,1.0
a23eaebf-49b3-4121-9c4b-02765630a1fb,795.0,795.0,0.0,795.0,795.0,0.0,0.0,0.0,1.0
a24400d3-c9f3-48fa-b02d-7af44c053686,2195.0,2195.0,0.0,2195.0,2195.0,0.0,0.0,0.0,1.0
a254e8e5-13fc-4931-865d-d845b09b1e5d,745.0,745.0,0.0,745.0,745.0,0.0,0.0,0.0,1.0
a258876d-ec4b-4d22-b651-6e8fa125e935,2699.0,2699.0,0.0,2699.0,2699.0,0.0,0.0,0.0,1.0
a25a9da2-1644-4b65-a4fd-c693b30d582a,5340.0,5340.0,0.0,5340.0,5340.0,0.0,0.0,0.0,1.0
a25c3ff2-f86b-4975-ae70-bba048336b5d,1295.0,1295.0,0.0,1295.0,1295.0,0.0,0.0,0.0,1.0
a25ce739-6e3d-488a-98b9-ee074aa57d04,2399.0,2399.0,0.0,2399.0,2399.0,0.0,0.0,0.0,1.0
a265ae7d-78bd-4e5d-bac3-6acc92ad21f4,1495.0,1495.0,0.0,1495.0,1495.0,0.0,0.0,0.0,1.0
a265c87e-ba6a-4386-bd15-50c118406eb8,18900.0,18900.0,0.0,18900.0,18900.0,0.0,0.0,0.0,1.0
a266a3d3-035f-46bb-8590-dec20b13ca08,695.0,695.0,0.0,695.0,695.0,0.0,0.0,0.0,1.0
a26873e1-410c-4577-9012-32ffce58bc09,5780.0,5780.0,0.0,5780.0,5780.0,0.0,0.0,0.0,1.0
a2695b7e-3ac7-4eb2-9a41-0c9a3fe412ef,1275.0,1275.0,0.0,1275.0,1275.0,0.0,0.0,0.0,1.0
a2758a7c-2e6a-4618-9593-92ddbf9410ec,12900.0,12900.0,0.0,12900.0,12900.0,0.0,0.0,0.0,1.0
a2792a4e-808e-4ab6-8138-c17251ff0933,2295.0,2295.0,0.0,2295.0,2295.0,0.0,0.0,0.0,1.0
a27bad78-afb5-4586-a718-301b1b6beb09,375.0,375.0,0.0,375.0,375.0,0.0,0.0,0.0,1.0
a27f6a39-438e-488e-972a-fff27291b82e,5295.0,5295.0,0.0,5295.0,5295.0,0.0,0.0,0.0,1.0
a282ac88-58f8-4c46-b2b3-8199eaf8d390,395.0,395.0,0.0,395.0,395.0,0.0,0.0,0.0,1.0
a2a8df0e-12fe-4455-9842-4c54a1baea4e,4445.0,4445.0,0.0,4445.0,4445.0,0.0,0.0,0.0,1.0
a2ba48b5-9440-48c3-a1b2-16cfe02ad717,1795.0,1795.0,0.0,1795.0,1795.0,0.0,0.0,0.0,1.0
a2ba9316-0164-4a7a-bb75-16bd9b93521d,36900.0,36900.0,0.0,36900.0,36900.0,0.0,0.0,0.0,1.0
a2bfe3ed-de71-41c3-8424-afae7edc5071,7495.0,7495.0,0.0,7495.0,7495.0,0.0,0.0,0.0,1.0
a2c2a292-236a-4ecf-b246-93e5dec6a0b2,16900.0,16900.0,0.0,16900.0,16900.0,0.0,0.0,0.0,1.0
a2c7dcf5-21cc-438a-aa02-29ef7218c066,540.0,540.0,0.0,540.0,540.0,0.0,0.0,0.0,1.0
a2ce0d11-5c48-4687-a690-7222fdf4b6ce,1815.0,1815.0,0.0,1815.0,1815.0,0.0,0.0,0.0,1.0
a2d27590-4bc0-4a2f-b6e2-84ff8f89a4a2,595.0,595.0,0.0,595.0,595.0,0.0,0.0,0.0,1.0
a2d6f52f-7deb-4305-8216-42a6894eed4c,4995.0,4995.0,0.0,4995.0,4995.0,0.0,0.0,0.0,1.0
a2def045-5633-4e8a-b007-b4f1a0d735d1,795.0,795.0,0.0,795.0,795.0,0.0,0.0,0.0,1.0
a2e157d7-6ec2-48c7-bf18-bfd0476cfaa8,3500.0,3500.0,0.0,3500.0,3500.0,0.0,0.0,0.0,1.0
a2e2d396-76c1-4bb2-b289-ad3a84cbcd68,1295.0,1295.0,0.0,1295.0,1295.0,0.0,0.0,0.0,1.0
a2e45dae-e11f-4eff-b92e-7777fb8f1c19,165.0,165.0,0.0,165.0,165.0,0.0,0.0,0.0,1.0
a2ef0bd6-e58e-47de-be5a-e3b30bcb5e21,8995.0,8995.0,0.0,8995.0,8995.0,0.0,0.0,0.0,1.0
a2f9fc10-57b0-421c-b9c8-1579269886d6,31900.0,31900.0,0.0,31900.0,31900.0,0.0,0.0,0.0,1.0
a30a596b-f9f1-4c2d-a057-0043397e6b03,4070.0,4070.0,0.0,4070.0,4070.0,0.0,0.0,0.0,1.0
a315e909-301a-4141-a945-826ef613b3c9,2145.0,2145.0,0.0,2145.0,2145.0,0.0,0.0,0.0,1.0
a31728ff-3813-4cc5-8d43-747ebfbafa9c,2995.0,2995.0,0.0,2995.0,2995.0,0.0,0.0,0.0,1.0
a317cc97-273d-4fb5-aff7-fc0ad00c49a9,3995.0,3995.0,0.0,3995.0,3995.0,0.0,0.0,0.0,1.0
a31d7299-e55f-4d69-9232-821d88d8b7ae,2495.0,2495.0,0.0,2495.0,2495.0,0.0,0.0,0.0,1.0
a3210af8-8c5f-4399-8855-aea342fdce1e,1395.0,1395.0,0.0,1395.0,1395.0,0.0,0.0,0.0,1.0
a32be932-cdcb-4de3-b152-e26a759bebe5,795.0,795.0,0.0,795.0,795.0,0.0,0.0,0.0,1.0
a32e6f02-b91e-4d5e-92a2-717c58e31983,2999.0,2999.0,0.0,2999.0,2999.0,0.0,0.0,0.0,1.0
a32faa17-e54d-491f-b30b-3f3b582668bf,7495.0,7495.0,0.0,7495.0,7495.0,0.0,0.0,0.0,1.0
a33eaaee-1d3b-4bd0-b278-3a8a4ebf3f76,375.0,375.0,0.0,375.0,375.0,0.0,0.0,0.0,1.0
a342c269-6ff4-415e-ad9a-7e090f4c63e2,8995.0,8995.0,0.0,8995.0,8995.0,0.0,0.0,0.0,1.0
a34beb33-7fca-4c61-916d-b450f4e9861d,1595.0,1595.0,0.0,1595.0,1595.0,0.0,0.0,0.0,1.0
a35251f9-e84b-4953-89d0-be04732b72c6,1995.0,1995.0,0.0,1995.0,1995.0,0.0,0.0,0.0,1.0
a35f901e-0a36-4eaf-8ce8-352cfabc061b,2795.0,2795.0,0.0,2795.0,2795.0,0.0,0.0,0.0,1.0
a3607aa6-3c5d-44c1-b6e8-6c95ea4c60bf,495.0,495.0,0.0,495.0,495.0,0.0,0.0,0.0,1.0
a364c5b8-768b-47f1-b262-1df0485e6d1a,1595.0,1595.0,0.0,1595.0,1595.0,0.0,0.0,0.0,1.0
a3734739-bd58-40ea-962a-280b28390428,265.0,265.0,0.0,265.0,265.0,0.0,0.0,0.0,1.0
a3793c4f-28b4-4af9-8198-6c7d3361377d,1295.0,1295.0,0.0,1295.0,1295.0,0.0,0.0,0.0,1.0
a37e29a3-11ca-4547-9002-d1cb89d5fed9,29900.0,29900.0,0.0,29900.0,29900.0,0.0,0.0,0.0,1.0
a37e8a44-7a70-4189-8a16-edc591d8f026,1399.0,1399.0,0.0,1399.0,1399.0,0.0,0.0,0.0,1.0
a37fc26b-f8e8-40fd-992a-f535401e0a6d,10500.0,10500.0,0.0,10500.0,10500.0,0.0,0.0,0.0,1.0
a380c73c-d3b4-4c51-af9d-9e788fadd489,1395.0,1395.0,0.0,1395.0,1395.0,0.0,0.0,0.0,1.0
a38aa0d5-4320-4e57-b5aa-0e12482dea53,1995.0,1995.0,0.0,1995.0,1995.0,0.0,0.0,0.0,1.0
a398ca6b-0913-4022-81d2-1a69a004ccc6,4995.0,4995.0,0.0,4995.0,4995.0,0.0,0.0,0.0,1.0
a3a762fe-447f-4fd9-bbc4-2665ce19e90e,2800.0,2800.0,0.0,2800.0,2800.0,0.0,0.0,0.0,1.0
a3a7c6e3-755d-40c6-a696-287fd4368249,17900.0,17900.0,0.0,17900.0,17900.0,0.0,0.0,0.0,1.0
a3bab722-9b8f-46f4-9bec-466ea9310847,13900.0,13900.0,0.0,13900.0,13900.0,0.0,0.0,0.0,1.0
a3be1381-bc47-4db2-aac6-5d2ae48c2e37,990.0,990.0,0.0,990.0,990.0,0.0,0.0,0.0,1.0
a3bfc26c-94a3-4d45-9d06-7144faba5c51,1795.0,1795.0,0.0,1795.0,1795.0,0.0,0.0,0.0,1.0
a3c0b5f7-aadb-46ac-a8a2-65c81e0a3950,895.0,895.0,0.0,895.0,895.0,0.0,0.0,0.0,1.0
a3c69454-7e82-4a95-b2a6-f0cde1c6ff08,13500.0,13500.0,0.0,13500.0,13500.0,0.0,0.0,0.0,1.0
a3cb03cc-d767-41a6-94a7-8affce6614de,425.0,425.0,0.0,425.0,425.0,0.0,0.0,0.0,1.0
a3cd211c-ff13-440c-86bb-fb020f27ad1c,5900.0,5900.0,0.0,5900.0,5900.0,0.0,0.0,0.0,1.0
a3cfcef7-dee1-4eab-9089-21bc6eb96a4f,2299.0,2299.0,0.0,2299.0,2299.0,0.0,0.0,0.0,1.0
a3d58d66-f5dc-4e7d-bc9b-d28aabc140f7,1199.0,1199.0,0.0,1199.0,1199.0,0.0,0.0,0.0,1.0
a3d62bd0-09bf-4d04-87c4-27f432e50f5a,3995.0,3995.0,0.0,3995.0,3995.0,0.0,0.0,0.0,1.0
a3da4b7a-defc-49fd-b413-707a7d8d33e7,2400.0,2400.0,0.0,2400.0,2400.0,0.0,0.0,0.0,1.0
a3db195b-309d-4a8d-9a31-aceb4501ee6e,5795.0,5795.0,0.0,5795.0,5795.0,0.0,0.0,0.0,1.0
a3fa5af8-9805-4109-b975-7d0cfa7b9686,1650.0,1650.0,0.0,1650.0,1650.0,0.0,0.0,0.0,1.0
a3fa9861-712d-4e93-b55b-060971a26c61,105.0,105.0,0.0,105.0,105.0,0.0,0.0,0.0,1.0
a4003e0d-118b-4c1b-8d5a-7d3500203ea4,310.0,310.0,0.0,310.0,310.0,0.0,0.0,0.0,1.0
a410b6e4-914d-41de-a88b-532f65bd0c1e,1945.0,1945.0,0.0,1945.0,1945.0,0.0,0.0,0.0,1.0
a426fa92-1690-47e4-91a9-94d3996316e3,5995.0,5995.0,0.0,5995.0,5995.0,0.0,0.0,0.0,1.0
a42b255e-5ada-4564-834b-3366d3c4a927,620.0,620.0,0.0,620.0,620.0,0.0,0.0,0.0,1.0
a42f4165-1a47-4a17-8446-3cceac4ddfd3,695.0,695.0,0.0,695.0,695.0,0.0,0.0,0.0,1.0
a4331035-6d59-4cb4-8ffb-2501dbfda769,1795.0,1795.0,0.0,1795.0,1795.0,0.0,0.0,0.0,1.0
a436c2bf-5ca3-4417-91ab-61460f09a82c,695.0,695.0,0.0,695.0,695.0,0.0,0.0,0.0,1.0
a43d4ca7-ffd3-42bc-b9d3-eab554430389,1930.0,1930.0,0.0,1930.0,1930.0,0.0,0.0,0.0,1.0
a43f8a8c-762b-462f-91a0-fa32256b4d81,90.0,90.0,0.0,90.0,90.0,0.0,0.0,0.0,1.0
a4461e3d-07d1-44f2-bdd6-cda9cd750ddf,7995.0,7995.0,0.0,7995.0,7995.0,0.0,0.0,0.0,1.0
a447bca4-bd2c-477a-b0c2-fee3303d5d81,6295.0,6295.0,0.0,6295.0,6295.0,0.0,0.0,0.0,1.0
a44c46ee-58a1-4176-824c-5a9510291bb6,9500.0,9500.0,0.0,9500.0,9500.0,0.0,0.0,0.0,1.0
a453f13f-e058-4921-a00a-140b76e9331c,3795.0,3795.0,0.0,3795.0,3795.0,0.0,0.0,0.0,1.0
a45483c2-f974-4a99-91ef-57738bd4f948,13500.0,13500.0,0.0,13500.0,13500.0,0.0,0.0,0.0,1.0
a47b6b17-d150-45e8-a431-9fed457b5e37,2500.0,2500.0,0.0,2500.0,2500.0,0.0,0.0,0.0,1.0
a47fb89b-36bb-49cb-b4a0-06c896cb1269,895.0,895.0,0.0,895.0,895.0,0.0,0.0,0.0,1.0
a481e3a1-ff55-40c8-b268-93094c1f7ed3,395.0,395.0,0.0,395.0,395.0,0.0,0.0,0.0,1.0
a48b9086-4a2f-474d-bfd2-93e9345f2319,1145.0,1145.0,0.0,1145.0,1145.0,0.0,0.0,0.0,1.0
a49e149d-ba61-4145-9697-0fa7b08f82a3,29900.0,29900.0,0.0,29900.0,29900.0,0.0,0.0,0.0,1.0
a4ad9144-3e2e-41c9-bf50-510ed0673c9b,3399.0,3399.0,0.0,3399.0,3399.0,0.0,0.0,0.0,1.0
a4b3403c-4b99-4799-82d6-fcdd72f461b4,390.0,390.0,0.0,390.0,390.0,0.0,0.0,0.0,1.0
a4c269c3-f220-47bd-8445-62e6b24942b2,13900.0,13900.0,0.0,13900.0,13900.0,0.0,0.0,0.0,1.0
a4cbe0ea-21e7-414f-b1a4-90d1ea993ddd,33900.0,33900.0,0.0,33900.0,33900.0,0.0,0.0,0.0,1.0
a4d1ca86-d25d-48c4-939a-e4ef457df22d,12900.0,12900.0,0.0,12900.0,12900.0,0.0,0.0,0.0,1.0
a4d2fe11-63b4-434f-9b79-8bb3f54c600d,3299.0,3299.0,0.0,3299.0,3299.0,0.0,0.0,0.0,1.0
a4d39374-a056-4633-a3c4-6639288ce4f7,13100.0,13100.0,0.0,13100.0,13100.0,0.0,0.0,0.0,1.0
a4d4655c-15fa-4c3e-9e6e-744f81bd8bee,120.0,120.0,0.0,120.0,120.0,0.0,0.0,0.0,1.0
a4e4a6d4-0411-453d-8754-103d8fbe84fe,795.0,795.0,0.0,795.0,795.0,0.0,0.0,0.0,1.0
a4ebe502-ac36-4133-91aa-5ac9f2a21419,4795.0,4795.0,0.0,4795.0,4795.0,0.0,0.0,0.0,1.0
a4f14d9f-a942-40ee-92da-130433cc001b,8495.0,8495.0,0.0,8495.0,8495.0,0.0,0.0,0.0,1.0
a4f1ec69-a3fa-43e6-9eba-cc67af1592d6,2795.0,2795.0,0.0,2795.0,2795.0,0.0,0.0,0.0,1.0
a4fb30db-06a9-49a6-a3d0-0b00a0c60895,2995.0,2995.0,0.0,2995.0,2995.0,0.0,0.0,0.0,1.0
a50a3b42-11e8-40d1-80de-c457d8772c84,4495.0,4495.0,0.0,4495.0,4495.0,0.0,0.0,0.0,1.0
a50ffa2a-87b1-4595-b7d1-22c981b7535d,2295.0,2295.0,0.0,2295.0,2295.0,0.0,0.0,0.0,1.0
a5187dcb-6fa0-4c69-b885-ee628a00a361,2995.0,2995.0,0.0,2995.0,2995.0,0.0,0.0,0.0,1.0
a51a4607-76d4-4928-ba06-0261f40498ba,1045.0,1045.0,0.0,1045.0,1045.0,0.0,0.0,0.0,1.0
a51c55c6-16a1-41ad-b788-2a968202e8e2,2800.0,2800.0,0.0,2800.0,2800.0,0.0,0.0,0.0,1.0
a520c937-d2bd-457d-98bf-ceb729523a2e,465.0,465.0,0.0,465.0,465.0,0.0,0.0,0.0,1.0
a5223d66-9137-40c0-adbb-2b3e8dc147b2,995.0,995.0,0.0,995.0,995.0,0.0,0.0,0.0,1.0
a52838ec-9295-4deb-aba1-235b856e3088,30900.0,30900.0,0.0,30900.0,30900.0,0.0,0.0,0.0,1.0
a530494d-e918-431b-a1d4-d8cd0600732e,5390.0,5390.0,0.0,5390.0,5390.0,0.0,0.0,0.0,1.0
a5332c69-5eda-45d6-a726-f07a0ee11eac,3395.0,3395.0,0.0,3395.0,3395.0,0.0,0.0,0.0,1.0
a533d2e2-000f-49b9-811e-43bfcdacc95b,2399.0,2399.0,0.0,2399.0,2399.0,0.0,0.0,0.0,1.0
a54a352e-28fd-4808-921f-9ce8e91cc703,1145.0,1145.0,0.0,1145.0,1145.0,0.0,0.0,0.0,1.0
a54c41d9-246b-4f8a-9ab3-e369142fc862,15900.0,15900.0,0.0,15900.0,15900.0,0.0,0.0,0.0,1.0
a5503ff9-6731-4616-9f6c-223f6eea412c,22900.0,22900.0,0.0,22900.0,22900.0,0.0,0.0,0.0,1.0
a552021e-622a-46ac-8ef2-95e629faac34,595.0,595.0,0.0,595.0,595.0,0.0,0.0,0.0,1.0
a552c696-a11c-4bea-ab0b-0521c239d262,110.0,110.0,0.0,110.0,110.0,0.0,0.0,0.0,1.0
a55d0ff4-bbc6-4129-8832-80026c140550,2995.0,2995.0,0.0,2995.0,2995.0,0.0,0.0,0.0,1.0
a56c2d95-9de1-4af7-ba8c-6980e2508ed9,2095.0,2095.0,0.0,2095.0,2095.0,0.0,0.0,0.0,1.0
a57b201b-7fca-46d4-8c19-f9172de62bdd,29900.0,29900.0,0.0,29900.0,29900.0,0.0,0.0,0.0,1.0
a57ded2e-4a5b-40cf-9389-bbfe331c9567,860.0,860.0,0.0,860.0,860.0,0.0,0.0,0.0,1.0
a58592bf-84a1-45dd-a838-0832e3273242,200.0,200.0,0.0,200.0,200.0,0.0,0.0,0.0,1.0
a58eb202-75c4-4a67-97a6-9a25318b42e0,2295.0,2295.0,0.0,2295.0,2295.0,0.0,0.0,0.0,1.0
a5909cae-d03b-44f1-84a5-92dfb69a361b,535.0,535.0,0.0,535.0,535.0,0.0,0.0,0.0,1.0
a59cddba-c4ee-45df-a291-892260c57f39,2445.0,2445.0,0.0,2445.0,2445.0,0.0,0.0,0.0,1.0
a5a86e1b-409f-4125-96b2-2e5727447a83,11500.0,11500.0,0.0,11500.0,11500.0,0.0,0.0,0.0,1.0
a5a9245d-1882-4340-9680-778bf3b964d7,1850.0,1850.0,0.0,1850.0,1850.0,0.0,0.0,0.0,1.0
a5aabba9-42e7-42be-999f-74affdd4d78c,2800.0,2800.0,0.0,2800.0,2800.0,0.0,0.0,0.0,1.0
a5ac4910-6132-4b02-83bd-e289557e61c8,3995.0,3995.0,0.0,3995.0,3995.0,0.0,0.0,0.0,1.0
a5b9d261-f80b-459a-8b1f-8b8b5cc12352,5295.0,5295.0,0.0,5295.0,5295.0,0.0,0.0,0.0,1.0
a5c4dfe1-9971-4edf-b96d-845dbe07e084,1395.0,1395.0,0.0,1395.0,1395.0,0.0,0.0,0.0,1.0
a5cab9b0-a9e0-4afd-9378-4ec3d7b8be6d,995.0,995.0,0.0,995.0,995.0,0.0,0.0,0.0,1.0
a5d20a74-d5c2-46b0-a7d8-8678538391e9,65.0,65.0,0.0,65.0,65.0,0.0,0.0,0.0,1.0
a5e19933-0f20-41d2-87c7-df8c6cef10bb,3295.0,3295.0,0.0,3295.0,3295.0,0.0,0.0,0.0,1.0
a5e2f03e-df71-4e1d-9a5f-caded0801d58,90.0,90.0,0.0,90.0,90.0,0.0,0.0,0.0,1.0
a5e3078c-905a-41b8-bd65-ad1137c18baf,10900.0,10900.0,0.0,10900.0,10900.0,0.0,0.0,0.0,1.0
a5e6e636-8a82-4506-9e09-82a9d5f71d9e,4495.0,4495.0,0.0,4495.0,4495.0,0.0,0.0,0.0,1.0
a5eb47c5-674e-4315-b135-8d8e3eb4fb13,52900.0,52900.0,0.0,52900.0,52900.0,0.0,0.0,0.0,1.0
a5f65c57-90a0-4d45-94a4-3d43691d7b0f,1795.0,1795.0,0.0,1795.0,1795.0,0.0,0.0,0.0,1.0
a5f6ec4a-5499-4b4f-b84a-6f15e12f2a0e,4995.0,4995.0,0.0,4995.0,4995.0,0.0,0.0,0.0,1.0
a613ab29-bf30-4ab8-86f4-4bdb0997451f,3995.0,3995.0,0.0,3995.0,3995.0,0.0,0.0,0.0,1.0
a6194999-1aa2-4124-b872-6657871a952e,18900.0,18900.0,0.0,18900.0,18900.0,0.0,0.0,0.0,1.0
a61b4fde-ddd7-4d8a-8962-5dba38101eff,7200.0,7200.0,0.0,7200.0,7200.0,0.0,0.0,0.0,1.0
a625851d-1d39-4e79-a5ad-cd88497d83aa,2395.0,2395.0,0.0,2395.0,2395.0,0.0,0.0,0.0,1.0
a6277033-d448-4c65-b48b-7957694bb587,8900.0,8900.0,0.0,8900.0,8900.0,0.0,0.0,0.0,1.0
a62dc679-47ea-4460-8d4b-471c18ec8888,2195.0,2195.0,0.0,2195.0,2195.0,0.0,0.0,0.0,1.0
a63214aa-22e5-4b6b-b94b-62e4a0ad8c34,595.0,595.0,0.0,595.0,595.0,0.0,0.0,0.0,1.0
a6338308-adb3-4554-986e-cb58492b1c18,15900.0,15900.0,0.0,15900.0,15900.0,0.0,0.0,0.0,1.0
a634b296-f533-4dd3-847d-66479918a5cb,6900.0,6900.0,0.0,6900.0,6900.0,0.0,0.0,0.0,1.0
a6363ac4-e299-471a-b09e-643c74057c9f,9900.0,9900.0,0.0,9900.0,9900.0,0.0,0.0,0.0,1.0
a63d002e-c8bf-4bbd-a254-03d253460e1b,900.0,900.0,0.0,900.0,900.0,0.0,0.0,0.0,1.0
a63da89a-d182-4dce-ab70-1d21c6fbb268,25900.0,25900.0,0.0,25900.0,25900.0,0.0,0.0,0.0,1.0
a63fc21a-9492-42b3-908d-b6625b13f930,2350.0,2350.0,0.0,2350.0,2350.0,0.0,0.0,0.0,1.0
a643d6ee-ca95-4a9c-b2e3-301268f35747,1795.0,1795.0,0.0,1795.0,1795.0,0.0,0.0,0.0,1.0
a6450bdc-28cc-4065-936b-40c82c67c8e7,1795.0,1795.0,0.0,1795.0,1795.0,0.0,0.0,0.0,1.0
a647a6c5-8269-47df-9e4c-a6ecace7aea4,4995.0,4995.0,0.0,4995.0,4995.0,0.0,0.0,0.0,1.0
a64e63ad-b968-4708-a91e-9a69e19bfc84,495.0,495.0,0.0,495.0,495.0,0.0,0.0,0.0,1.0
a654415a-f2d6-48c6-b753-3ed12d5c2876,4000.0,4000.0,0.0,4000.0,4000.0,0.0,0.0,0.0,1.0
a658aa29-191a-4404-89bc-f82d0b2e165a,2195.0,2195.0,0.0,2195.0,2195.0,0.0,0.0,0.0,1.0
a658f880-024f-4f49-a5f4-ea475e2558ac,320.0,320.0,0.0,320.0,320.0,0.0,0.0,0.0,1.0
a65ef261-813e-48ec-aa9c-adc01d70ddf0,6995.0,6995.0,0.0,6995.0,6995.0,0.0,0.0,0.0,1.0
a670091a-5cd9-41c2-a73e-4e221a205391,1945.0,1945.0,0.0,1945.0,1945.0,0.0,0.0,0.0,1.0
a674b2df-9570-4d84-829b-515434cdc5ee,43900.0,43900.0,0.0,43900.0,43900.0,0.0,0.0,0.0,1.0
a674d405-3c97-40ed-975c-a24ff9d99ce2,895.0,895.0,0.0,895.0,895.0,0.0,0.0,0.0,1.0
a677dbd8-33aa-4939-9a6d-7d0c4181c4c2,335.0,335.0,0.0,335.0,335.0,0.0,0.0,0.0,1.0
a67ecf6f-4812-452c-bda4-18ac4c808ad7,17900.0,17900.0,0.0,17900.0,17900.0,0.0,0.0,0.0,1.0
a68c79f6-36bd-48a5-ab5a-cc7ab1d816ba,1595.0,1595.0,0.0,1595.0,1595.0,0.0,0.0,0.0,1.0
a68f3c2e-9609-4c72-b400-fb770b228ff9,695.0,695.0,0.0,695.0,695.0,0.0,0.0,0.0,1.0
a6933057-be34-42b4-9516-0f6e4414cad2,4900.0,4900.0,0.0,4900.0,4900.0,0.0,0.0,0.0,1.0
a694b922-865d-4243-856b-7ba53074e9f5,895.0,895.0,0.0,895.0,895.0,0.0,0.0,0.0,1.0
a6962a6e-432f-4d35-a2b3-07840f68a686,1499.0,1499.0,0.0,1499.0,1499.0,0.0,0.0,0.0,1.0
a6976597-dab3-44d7-87a3-0aea262eb4c9,895.0,895.0,0.0,895.0,895.0,0.0,0.0,0.0,1.0
a69805b4-05ee-4c0c-ab7d-d8fd725e5894,8995.0,8995.0,0.0,8995.0,8995.0,0.0,0.0,0.0,1.0
a6a069df-4027-40ff-8653-b6b67bff09d5,1495.0,1495.0,0.0,1495.0,1495.0,0.0,0.0,0.0,1.0
a6a31f8d-7b52-458a-8d36-c2df9684c34b,5299.0,5299.0,0.0,5299.0,5299.0,0.0,0.0,0.0,1.0
a6a7f5f6-e496-4d2b-bf28-1a0236284b8d,3195.0,3195.0,0.0,3195.0,3195.0,0.0,0.0,0.0,1.0
a6af8659-3ab9-4605-8aa1-00f03bf368b2,120.0,120.0,0.0,120.0,120.0,0.0,0.0,0.0,1.0
a6b84233-ac53-47b6-914c-3c4f6b39152b,2295.0,2295.0,0.0,2295.0,2295.0,0.0,0.0,0.0,1.0
a6c5f8fd-f13c-420b-b228-3062c455eda6,9200.0,9200.0,0.0,9200.0,9200.0,0.0,0.0,0.0,1.0
a6d17c77-76a8-42ea-8192-025417a55382,995.0,995.0,0.0,995.0,995.0,0.0,0.0,0.0,1.0
a6d33207-e7f5-43b8-91dd-3a45ff9be015,645.0,645.0,0.0,645.0,645.0,0.0,0.0,0.0,1.0
a6e8f029-05d4-40b1-89b7-4d68af21f7e1,14900.0,14900.0,0.0,14900.0,14900.0,0.0,0.0,0.0,1.0
a6e90ccd-8d85-4081-a857-60566d4c7b72,1595.0,1595.0,0.0,1595.0,1595.0,0.0,0.0,0.0,1.0
a6e94e1e-2bca-40ca-aea7-e63165f86a93,375.0,375.0,0.0,375.0,375.0,0.0,0.0,0.0,1.0
a6ec6e89-0ea1-4d63-bb0d-9d897d2f197a,1995.0,1995.0,0.0,1995.0,1995.0,0.0,0.0,0.0,1.0
a6f38246-1d55-44e7-97f9-e886718ddfd9,11900.0,11900.0,0.0,11900.0,11900.0,0.0,0.0,0.0,1.0
a6f40746-8a9b-4ca6-859a-0d01031167bb,2595.0,2595.0,0.0,2595.0,2595.0,0.0,0.0,0.0,1.0
a713e89a-dbd4-4030-b622-79576cf06038,33900.0,33900.0,0.0,33900.0,33900.0,0.0,0.0,0.0,1.0
a7154110-a160-4fbc-809c-4ee01b3cb263,16900.0,16900.0,0.0,16900.0,16900.0,0.0,0.0,0.0,1.0
a7182d85-b032-4e76-bac4-d890ed056f18,4295.0,4295.0,0.0,4295.0,4295.0,0.0,0.0,0.0,1.0
a71f4df8-3454-4014-bf58-2f853b2ff664,1595.0,1595.0,0.0,1595.0,1595.0,0.0,0.0,0.0,1.0
a724b075-8066-4fcf-b455-d63e233b749a,195.0,195.0,0.0,195.0,195.0,0.0,0.0,0.0,1.0
a73195e1-6a7f-4fd3-bc71-3095e154e69b,1050.0,1050.0,0.0,1050.0,1050.0,0.0,0.0,0.0,1.0
a7346ac5-9b15-4306-8550-de78220ca9a4,1850.0,1850.0,0.0,1850.0,1850.0,0.0,0.0,0.0,1.0
a73ba71f-2522-4607-b8e6-fc39454058f1,3495.0,3495.0,0.0,3495.0,3495.0,0.0,0.0,0.0,1.0
a73c2de3-b562-45f1-8440-af9cf67f5273,4295.0,4295.0,0.0,4295.0,4295.0,0.0,0.0,0.0,1.0
a743a81b-4db2-40da-bb5b-14b3b1df40dc,1995.0,1995.0,0.0,1995.0,1995.0,0.0,0.0,0.0,1.0
a7489378-f8e1-40fa-8717-2b85a09abafb,1495.0,1495.0,0.0,1495.0,1495.0,0.0,0.0,0.0,1.0
a756192b-9fa4-4189-b549-58914fa66cc5,1795.0,1795.0,0.0,1795.0,1795.0,0.0,0.0,0.0,1.0
a75f933b-d408-4b41-a4b8-7d755bbbeb2c,895.0,895.0,0.0,895.0,895.0,0.0,0.0,0.0,1.0
a75fb8c1-1047-4395-974f-708b2bf1cb2a,799.0,799.0,0.0,799.0,799.0,0.0,0.0,0.0,1.0
a76042e5-0742-4427-9a8f-15c8a6df2656,3850.0,3850.0,0.0,3850.0,3850.0,0.0,0.0,0.0,1.0
a7611a34-e4c3-4c03-9f9d-1c414bf844d4,2900.0,2900.0,0.0,2900.0,2900.0,0.0,0.0,0.0,1.0
a76492cf-06e7-420d-807d-5d7a7713421b,675.0,675.0,0.0,675.0,675.0,0.0,0.0,0.0,1.0
a765be44-f43a-46f4-82e5-15e970d8f6cf,26900.0,26900.0,0.0,26900.0,26900.0,0.0,0.0,0.0,1.0
a76864d7-4deb-43c1-8f63-4165990b844b,14900.0,14900.0,0.0,14900.0,14900.0,0.0,0.0,0.0,1.0
a76a7122-4197-4f26-a7ea-3f5f9fd03082,895.0,895.0,0.0,895.0,895.0,0.0,0.0,0.0,1.0
a781498c-7597-4dd7-9081-6d47af8f2845,1695.0,1695.0,0.0,1695.0,1695.0,0.0,0.0,0.0,1.0
a7869d3f-f2be-4cfb-b801-eb270655716a,11900.0,11900.0,0.0,11900.0,11900.0,0.0,0.0,0.0,1.0
a78bc8f5-cae0-449c-9cbf-7947a616f63f,27900.0,27900.0,0.0,27900.0,27900.0,0.0,0.0,0.0,1.0
a78c9ec6-12ab-4da9-9d6e-c8298027cf6e,1949.0,1949.0,0.0,1949.0,1949.0,0.0,0.0,0.0,1.0
a79cbb13-2e80-4789-89f9-22ed51878407,365.0,365.0,0.0,365.0,365.0,0.0,0.0,0.0,1.0
a7a3ac4f-266a-4eb7-adba-9096b6978637,10500.0,10500.0,0.0,10500.0,10500.0,0.0,0.0,0.0,1.0
a7c4d74b-1f04-460b-b40c-49c815624fc5,18900.0,18900.0,0.0,18900.0,18900.0,0.0,0.0,0.0,1.0
a7c4f245-45f8-4b52-94f6-5d292dc45937,5670.0,5670.0,0.0,5670.0,5670.0,0.0,0.0,0.0,1.0
a7c54408-f2db-4572-921b-3231ee268ca8,12500.0,12500.0,0.0,12500.0,12500.0,0.0,0.0,0.0,1.0
a7c752d6-14ba-4699-b627-ba457d6b9f92,6995.0,6995.0,0.0,6995.0,6995.0,0.0,0.0,0.0,1.0
a7cc3cc8-0a62-4470-86a2-1141630e7ca7,21900.0,21900.0,0.0,21900.0,21900.0,0.0,0.0,0.0,1.0
a7d2f249-596d-4b02-bf2a-5bbc8f8b83d2,11600.0,11600.0,0.0,11600.0,11600.0,0.0,0.0,0.0,1.0
a7d38787-15ff-45d4-a18a-40b2a87c78c5,3800.0,3800.0,0.0,3800.0,3800.0,0.0,0.0,0.0,1.0
a7dd5ec0-8250-4e49-8ca1-d786783de809,5995.0,5995.0,0.0,5995.0,5995.0,0.0,0.0,0.0,1.0
a7e06c5b-bf31-446c-8aa1-f541b8fb6cf2,1995.0,1995.0,141.4213562373095,1895.0,2095.0,100.0,0.07088789786331304,200.0,1.1055408970976253
a7e44c69-4e9b-450a-92d5-f430b53288f0,1695.0,1695.0,0.0,1695.0,1695.0,0.0,0.0,0.0,1.0
a7f806c5-3b92-4e0c-826f-f9cb5d2054c2,2475.0,2475.0,0.0,2475.0,2475.0,0.0,0.0,0.0,1.0
a7fee850-a5f8-41d5-ad3c-162551cbcade,820.0,820.0,0.0,820.0,820.0,0.0,0.0,0.0,1.0
a804e948-2301-4b9e-a166-c5394afdc249,4495.0,4495.0,0.0,4495.0,4495.0,0.0,0.0,0.0,1.0
a81023be-0ce5-42a8-9d5c-44f3656108d3,1495.0,1495.0,0.0,1495.0,1495.0,0.0,0.0,0.0,1.0
a811b616-d6fb-4053-b145-a023bb4ccc05,2999.0,2999.0,0.0,2999.0,2999.0,0.0,0.0,0.0,1.0
a81cdd08-52b3-4cce-a672-c781cccb54a3,2195.0,2195.0,0.0,2195.0,2195.0,0.0,0.0,0.0,1.0
a820e7fe-4d0f-4376-ba70-aaedcd8a53a9,49900.0,49900.0,0.0,49900.0,49900.0,0.0,0.0,0.0,1.0
a821efbf-c0b1-4a6c-b9a2-d2d80cf8b27d,9800.0,9800.0,0.0,9800.0,9800.0,0.0,0.0,0.0,1.0
a825b064-51d3-48c9-abe2-79e61882b15a,2230.0,2230.0,0.0,2230.0,2230.0,0.0,0.0,0.0,1.0
a8272aae-a34e-4668-8b4f-ae36b042e498,1595.0,1595.0,0.0,1595.0,1595.0,0.0,0.0,0.0,1.0
a8278155-c2ab-4af2-b6a6-80b147dec9bb,189.0,189.0,0.0,189.0,189.0,0.0,0.0,0.0,1.0
a828254d-030a-4245-91f6-a44feda7f44b,2495.0,2495.0,0.0,2495.0,2495.0,0.0,0.0,0.0,1.0
a82b27b3-0e4d-45c6-b84a-d47bc9e2a0c4,5140.0,5140.0,0.0,5140.0,5140.0,0.0,0.0,0.0,1.0
a8308fe5-02ac-41a9-bccb-ee25648144f3,9900.0,9900.0,0.0,9900.0,9900.0,0.0,0.0,0.0,1.0
a83505fb-b5f3-4a67-abcd-1e2f73da9afd,7495.0,7495.0,0.0,7495.0,7495.0,0.0,0.0,0.0,1.0
a8382242-fcd1-4962-b7a9-ba2f46779173,695.0,695.0,0.0,695.0,695.0,0.0,0.0,0.0,1.0
a8414cca-a487-41c0-acdf-4d9ced2f84bb,895.0,895.0,0.0,895.0,895.0,0.0,0.0,0.0,1.0
a8418a65-80de-44d8-9041-402eafdfca5d,2900.0,2900.0,0.0,2900.0,2900.0,0.0,0.0,0.0,1.0
a841fd19-11ea-4b43-b26c-a48ccbd06f87,3995.0,3995.0,0.0,3995.0,3995.0,0.0,0.0,0.0,1.0
a842d8fe-bcd2-4e59-9b1c-7c826d717ed6,1895.0,1895.0,0.0,1895.0,1895.0,0.0,0.0,0.0,1.0
a8440693-54ca-4cc7-a00b-9a599deda958,1995.0,1995.0,0.0,1995.0,1995.0,0.0,0.0,0.0,1.0
a8509226-f938-4805-91ce-2dc3019248ee,290.0,290.0,0.0,290.0,290.0,0.0,0.0,0.0,1.0
a853903f-2279-43fb-9bf5-3537fe07f9a5,9900.0,9900.0,0.0,9900.0,9900.0,0.0,0.0,0.0,1.0
a85f9da3-bedd-4e8c-9f5b-98c4a3501241,12900.0,12900.0,0.0,12900.0,12900.0,0.0,0.0,0.0,1.0
a860e170-216e-4534-b882-3fa3418355a5,5340.0,5340.0,0.0,5340.0,5340.0,0.0,0.0,0.0,1.0
a86928ee-4a24-4bdc-9cdb-f8806b869926,995.0,995.0,0.0,995.0,995.0,0.0,0.0,0.0,1.0
a8750299-47fc-4d55-985b-411a512848ef,2570.0,2570.0,0.0,2570.0,2570.0,0.0,0.0,0.0,1.0
a87730fe-95ca-44d8-a98c-dfc8474a7b1a,13900.0,13900.0,0.0,13900.0,13900.0,0.0,0.0,0.0,1.0
a8793df2-9f70-4658-92ec-3a4491930b60,3600.0,3600.0,0.0,3600.0,3600.0,0.0,0.0,0.0,1.0
a8848b26-7bd9-4c67-9a1f-1f39e9fb07e5,10900.0,10900.0,0.0,10900.0,10900.0,0.0,0.0,0.0,1.0
a890e038-9549-4c79-a5b6-3d185120b891,795.0,795.0,0.0,795.0,795.0,0.0,0.0,0.0,1.0
a896fbd4-d994-458f-bad5-1b1b8f7ec7c8,2575.0,2575.0,0.0,2575.0,2575.0,0.0,0.0,0.0,1.0
a89fb043-fee5-4cc0-8e9d-c3b77cdd9d84,2795.0,2795.0,0.0,2795.0,2795.0,0.0,0.0,0.0,1.0
a8a584e7-687f-4efd-af69-173efe94f632,19900.0,19900.0,0.0,19900.0,19900.0,0.0,0.0,0.0,1.0
a8a78012-2f81-48bf-9b3c-5693ec9798e9,1595.0,1595.0,0.0,1595.0,1595.0,0.0,0.0,0.0,1.0
a8c3f0f4-95ad-4256-8754-ea40ea553714,9900.0,9900.0,0.0,9900.0,9900.0,0.0,0.0,0.0,1.0
a8c875f3-3aa1-4c33-9cf8-4ceb0de4199b,14900.0,14900.0,0.0,14900.0,14900.0,0.0,0.0,0.0,1.0
a8d922c9-8ccb-4f80-a5b9-faae5caa15ab,595.0,595.0,0.0,595.0,595.0,0.0,0.0,0.0,1.0
a8e9c1fb-9a22-412f-a9d6-8bf78e41fed3,14000.0,14000.0,0.0,14000.0,14000.0,0.0,0.0,0.0,1.0
a8ed4977-f75e-497e-9481-806114af931b,8200.0,8200.0,0.0,8200.0,8200.0,0.0,0.0,0.0,1.0
a8f64cdb-fded-4fbc-a41e-490d0453f163,6995.0,6995.0,0.0,6995.0,6995.0,0.0,0.0,0.0,1.0
a8f80cb3-b7e7-4075-85b2-bffab97afbbe,34900.0,34900.0,0.0,34900.0,34900.0,0.0,0.0,0.0,1.0
a8fee08a-0b71-45c5-aabb-3cc0b337cbb7,12900.0,12900.0,0.0,12900.0,12900.0,0.0,0.0,0.0,1.0
a8ff4c85-e56a-4f9f-a5ce-d5100f36031a,1095.0,1095.0,0.0,1095.0,1095.0,0.0,0.0,0.0,1.0
a900aad9-e942-4a54-8c95-0b6fda8d7567,1195.0,1195.0,0.0,1195.0,1195.0,0.0,0.0,0.0,1.0
a9055c29-b514-4dec-821a-fcc42902ceb3,2800.0,2800.0,0.0,2800.0,2800.0,0.0,0.0,0.0,1.0
a908d573-c220-4ea1-a541-801afb456597,2295.0,2295.0,0.0,2295.0,2295.0,0.0,0.0,0.0,1.0
a90de09e-62ed-420c-a0ce-d25a794bbb2a,11480.0,11480.0,0.0,11480.0,11480.0,0.0,0.0,0.0,1.0
a9128819-331e-4ecd-acfa-d4d7766f5dc0,195.0,195.0,0.0,195.0,195.0,0.0,0.0,0.0,1.0
a912a164-21b0-444f-8ba0-16306864136c,7900.0,7900.0,0.0,7900.0,7900.0,0.0,0.0,0.0,1.0
a913e374-deaa-419a-b95f-fc35dbc12d6f,14900.0,14900.0,0.0,14900.0,14900.0,0.0,0.0,0.0,1.0
a91ca7a8-9621-4442-be8b-d0363170bafa,2095.0,2095.0,0.0,2095.0,2095.0,0.0,0.0,0.0,1.0
a92116a8-ca2e-494c-b231-05c5b026a6c9,4995.0,4995.0,0.0,4995.0,4995.0,0.0,0.0,0.0,1.0
a9240369-c6f3-41a9-815f-31028c116b3a,1295.0,1295.0,0.0,1295.0,1295.0,0.0,0.0,0.0,1.0
a92b0bbc-f8d6-4c4f-8dbb-09be3370fe40,2700.0,2700.0,0.0,2700.0,2700.0,0.0,0.0,0.0,1.0
a930c172-6cf8-49f5-827f-ad9f7495af01,1295.0,1295.0,0.0,1295.0,1295.0,0.0,0.0,0.0,1.0
a9354efe-9c33-45dd-b307-344a1194ba0b,2350.0,2350.0,0.0,2350.0,2350.0,0.0,0.0,0.0,1.0
a9372b3c-8784-4f63-9faa-3e2ab102917c,11900.0,11900.0,0.0,11900.0,11900.0,0.0,0.0,0.0,1.0
a95ca61e-d084-4d67-851a-e88ca6f9811b,1895.0,1895.0,0.0,1895.0,1895.0,0.0,0.0,0.0,1.0
a96c182d-ac0f-4b33-a844-e2cafc4b5ebc,1270.0,1270.0,0.0,1270.0,1270.0,0.0,0.0,0.0,1.0
a974df60-de33-4937-92b5-f90041b68d45,945.0,945.0,0.0,945.0,945.0,0.0,0.0,0.0,1.0
a97ce1e9-91d6-4dea-a9d3-f6888dc9d78f,14900.0,14900.0,0.0,14900.0,14900.0,0.0,0.0,0.0,1.0
a97e5461-9344-4380-96b5-a03277144cf8,5995.0,5995.0,0.0,5995.0,5995.0,0.0,0.0,0.0,1.0
a981ca15-9e18-4797-bc84-4f1d5c423ec0,8995.0,8995.0,0.0,8995.0,8995.0,0.0,0.0,0.0,1.0
a98399bf-9977-4a15-85f0-524867ba3789,33900.0,33900.0,0.0,33900.0,33900.0,0.0,0.0,0.0,1.0
a9873b56-b871-40a7-af43-a9e9caac2ba0,43900.0,43900.0,0.0,43900.0,43900.0,0.0,0.0,0.0,1.0
a9896291-aabd-4809-ad21-2cb5bb9b7836,145.0,145.0,0.0,145.0,145.0,0.0,0.0,0.0,1.0
a989ad5f-c1d6-4812-a869-084d67b4bc18,915.0,915.0,0.0,915.0,915.0,0.0,0.0,0.0,1.0
a98c2e22-6a48-4856-a369-d56167fba281,15900.0,15900.0,0.0,15900.0,15900.0,0.0,0.0,0.0,1.0
a998d7d1-186e-4914-b10f-67c156c20cad,4690.0,4690.0,0.0,4690.0,4690.0,0.0,0.0,0.0,1.0
a9ac5393-7b42-4d25-96d9-816912287478,395.0,395.0,0.0,395.0,395.0,0.0,0.0,0.0,1.0
a9b2f4d8-a477-4b17-9ff5-d8c05830d11f,795.0,795.0,0.0,795.0,795.0,0.0,0.0,0.0,1.0
a9b33c1c-c076-4d93-a16b-ead42dbe6f2f,30900.0,30900.0,0.0,30900.0,30900.0,0.0,0.0,0.0,1.0
a9b719d9-490a-4fad-b323-fe8e1d0a8fd8,4295.0,4295.0,0.0,4295.0,4295.0,0.0,0.0,0.0,1.0
a9b9ac6b-8b5a-4d98-a18b-806e33b7f1cd,4500.0,4500.0,0.0,4500.0,4500.0,0.0,0.0,0.0,1.0
a9c25eef-2a5c-4b73-969b-ee4410ddc04e,14900.0,14900.0,0.0,14900.0,14900.0,0.0,0.0,0.0,1.0
a9cc0d9f-4478-4033-8a86-b49664f93e88,3995.0,3995.0,0.0,3995.0,3995.0,0.0,0.0,0.0,1.0
a9da3119-8fb3-4b04-a0b9-cc55283bf55d,375.0,375.0,0.0,375.0,375.0,0.0,0.0,0.0,1.0
a9ed6c65-04a3-47fb-9c0c-a7fa17277310,910.0,910.0,0.0,910.0,910.0,0.0,0.0,0.0,1.0
a9ee35b0-b91f-4954-94b2-fc76c023420b,795.0,795.0,0.0,795.0,795.0,0.0,0.0,0.0,1.0
a9f2b3ae-9a2a-4d33-a1f4-91c04fb79d15,2095.0,2095.0,0.0,2095.0,2095.0,0.0,0.0,0.0,1.0
a9f32c41-eccd-4c45-8ce0-9d602ea99ec8,3800.0,3800.0,0.0,3800.0,3800.0,0.0,0.0,0.0,1.0
a9f53c49-d8f2-4af2-b5d3-2e345e356fed,2990.0,2990.0,0.0,2990.0,2990.0,0.0,0.0,0.0,1.0
a9f75123-5a99-4874-9da6-78160e1328fe,29900.0,29900.0,0.0,29900.0,29900.0,0.0,0.0,0.0,1.0
aa02e8ae-e8ef-4792-9ddc-c2e1ad1c4217,3995.0,3995.0,0.0,3995.0,3995.0,0.0,0.0,0.0,1.0
aa049d83-fb05-4176-8ebb-80eee90e5f76,845.0,845.0,0.0,845.0,845.0,0.0,0.0,0.0,1.0
aa0a0e55-c79c-46a0-a4b6-16f8f5a2d17e,1795.0,1795.0,0.0,1795.0,1795.0,0.0,0.0,0.0,1.0
aa0c85ee-38c8-4f25-89d6-fcf3d4a25de2,295.0,295.0,0.0,295.0,295.0,0.0,0.0,0.0,1.0
aa11cf5b-bc91-47e7-ab5e-b8cb05ed8efe,2800.0,2800.0,0.0,2800.0,2800.0,0.0,0.0,0.0,1.0
aa19fa19-45ff-4dcd-9985-07241803946e,1395.0,1395.0,0.0,1395.0,1395.0,0.0,0.0,0.0,1.0
aa1e285e-e8c4-40e7-a114-0e4ce833c566,1995.0,1995.0,0.0,1995.0,1995.0,0.0,0.0,0.0,1.0
aa2368c4-bbbf-4d6f-9148-8c7e3ec28fd9,4995.0,4995.0,0.0,4995.0,4995.0,0.0,0.0,0.0,1.0
aa253f70-a832-48e8-8bca-f7587dd88780,1700.0,1700.0,0.0,1700.0,1700.0,0.0,0.0,0.0,1.0
aa2dc6b8-8115-4962-bedb-96f7eb7c739d,2795.0,2795.0,0.0,2795.0,2795.0,0.0,0.0,0.0,1.0
aa2dfaf8-f28d-4a31-908c-8d89a2454ecf,17900.0,17900.0,0.0,17900.0,17900.0,0.0,0.0,0.0,1.0
aa2e91ad-4970-4444-9f17-ebb7faf0687c,11900.0,11900.0,0.0,11900.0,11900.0,0.0,0.0,0.0,1.0
aa40f5db-f752-4729-af4a-4fced39a01f0,14900.0,14900.0,0.0,14900.0,14900.0,0.0,0.0,0.0,1.0
aa477977-aff0-4aea-aaf6-41d6a4ba5f5c,195.0,195.0,0.0,195.0,195.0,0.0,0.0,0.0,1.0
aa4c861a-63f5-4406-be90-6983d0aad696,1995.0,1995.0,0.0,1995.0,1995.0,0.0,0.0,0.0,1.0
aa5353e0-91f4-4929-8231-373e3b9aac71,395.0,395.0,0.0,395.0,395.0,0.0,0.0,0.0,1.0
aa5755f4-c101-41ef-b0f7-7bc323f7d74c,17900.0,17900.0,0.0,17900.0,17900.0,0.0,0.0,0.0,1.0
aa5cda89-ed48-419c-8a4c-83f07e9f5fc4,330.0,330.0,0.0,330.0,330.0,0.0,0.0,0.0,1.0
aa5efbf2-aa00-4240-b490-41802b247519,4040.0,4040.0,0.0,4040.0,4040.0,0.0,0.0,0.0,1.0
aa60fc00-8d1e-45fd-93f4-1671f190c6f7,2145.0,2145.0,0.0,2145.0,2145.0,0.0,0.0,0.0,1.0
aa6b2997-ae49-4025-bc07-7fc12584d4fb,3495.0,3495.0,0.0,3495.0,3495.0,0.0,0.0,0.0,1.0
aa7fed63-ce95-46cb-bae7-b8f20e10d499,13900.0,13900.0,0.0,13900.0,13900.0,0.0,0.0,0.0,1.0
aa801af9-6d6c-4800-bca7-27d1da922a0a,13900.0,13900.0,0.0,13900.0,13900.0,0.0,0.0,0.0,1.0
aa8d8168-2a9c-4815-9270-860fcfc6414b,5995.0,5995.0,0.0,5995.0,5995.0,0.0,0.0,0.0,1.0
aa93b718-2d69-49b9-9529-2ca22daf9351,295.0,295.0,0.0,295.0,295.0,0.0,0.0,0.0,1.0
aab028ad-a7b0-4a2f-a3a0-2951258b0262,2350.0,2350.0,0.0,2350.0,2350.0,0.0,0.0,0.0,1.0
aabb4ccc-40a1-45e7-9974-7ef317c86ad3,7995.0,7995.0,0.0,7995.0,7995.0,0.0,0.0,0.0,1.0
aabb747e-f3f8-498e-89f5-4d5509145808,7200.0,7200.0,0.0,7200.0,7200.0,0.0,0.0,0.0,1.0
aac07a4e-8ccb-470d-b95a-ab14b71f0951,695.0,695.0,0.0,695.0,695.0,0.0,0.0,0.0,1.0
aac0cf30-c238-406b-80f6-457b415b0e1d,210.0,210.0,0.0,210.0,210.0,0.0,0.0,0.0,1.0
aac4cf85-1ed8-410f-937a-764f0da78cf0,16900.0,16900.0,0.0,16900.0,16900.0,0.0,0.0,0.0,1.0
aac6e138-2506-4a65-a3ac-85687139715d,645.0,645.0,0.0,645.0,645.0,0.0,0.0,0.0,1.0
aad85a7c-fda2-40d6-b3f8-5dfbe06bde91,695.0,695.0,0.0,695.0,695.0,0.0,0.0,0.0,1.0
aada3014-8bf9-4bb8-b093-9b55894a1372,13900.0,13900.0,0.0,13900.0,13900.0,0.0,0.0,0.0,1.0
aade61fb-e4e1-4222-89fa-9707f3d53d4f,500.0,500.0,0.0,500.0,500.0,0.0,0.0,0.0,1.0
aae91c10-29de-474a-ae3c-ed84eb8413f4,3195.0,3195.0,0.0,3195.0,3195.0,0.0,0.0,0.0,1.0
aae94c3d-43f1-4efc-9ba8-b7c4316d7cfe,12900.0,12900.0,0.0,12900.0,12900.0,0.0,0.0,0.0,1.0
aaeaecfd-ea62-4d0c-beaf-6205150b24d2,1245.0,1245.0,0.0,1245.0,1245.0,0.0,0.0,0.0,1.0
aafc8e4b-15be-42a4-a8d8-c0303020a7af,1595.0,1595.0,0.0,1595.0,1595.0,0.0,0.0,0.0,1.0
aafe748b-f69e-496e-a7ff-a1039edbafee,15500.0,15500.0,0.0,15500.0,15500.0,0.0,0.0,0.0,1.0
ab0004b3-3f0d-4029-b1a3-b2df5c1997f0,14900.0,14900.0,0.0,14900.0,14900.0,0.0,0.0,0.0,1.0
ab04f37e-b7d5-48ac-a05c-d0c5d1cb4903,38900.0,38900.0,0.0,38900.0,38900.0,0.0,0.0,0.0,1.0
ab09585f-b004-4412-bb58-25f539232277,1495.0,1495.0,0.0,1495.0,1495.0,0.0,0.0,0.0,1.0
ab09c508-16cd-4da7-a9d3-8c5dd90be8b1,5495.0,5495.0,0.0,5495.0,5495.0,0.0,0.0,0.0,1.0
ab13e11a-66c6-472c-b62b-3f0113bb442c,3995.0,3995.0,0.0,3995.0,3995.0,0.0,0.0,0.0,1.0
ab167b05-29b3-4384-b374-a48671559f25,3995.0,3995.0,0.0,3995.0,3995.0,0.0,0.0,0.0,1.0
ab17f526-6ee2-4877-94b1-10e845cca013,4500.0,4500.0,0.0,4500.0,4500.0,0.0,0.0,0.0,1.0
ab1ea2bb-0572-4d19-ae88-fc667472f8f4,4495.0,4495.0,0.0,4495.0,4495.0,0.0,0.0,0.0,1.0
ab25d42f-cbcb-402e-ba7e-e99a0612dc04,14900.0,14900.0,0.0,14900.0,14900.0,0.0,0.0,0.0,1.0
ab268aa8-6e77-41e4-b8df-87591d8e6828,1195.0,1195.0,0.0,1195.0,1195.0,0.0,0.0,0.0,1.0
ab29df60-5c29-483c-b94d-e98a0d65bf05,795.0,795.0,0.0,795.0,795.0,0.0,0.0,0.0,1.0
ab2aaa5f-82fb-455b-add4-dae3d20a97d0,3200.0,3200.0,0.0,3200.0,3200.0,0.0,0.0,0.0,1.0
ab31784a-05ef-404f-a175-522d7b393e40,990.0,990.0,0.0,990.0,990.0,0.0,0.0,0.0,1.0
ab31f26a-28f1-4d87-b985-dd8c63014299,745.0,745.0,0.0,745.0,745.0,0.0,0.0,0.0,1.0
ab330dd5-a61f-4483-9ba2-bab46fc04330,59900.0,59900.0,0.0,59900.0,59900.0,0.0,0.0,0.0,1.0
ab384af7-f40b-4df1-b039-b46f54f9a9c5,6900.0,6900.0,0.0,6900.0,6900.0,0.0,0.0,0.0,1.0
ab4bb3b5-f526-4949-8bb7-f55ca55204c4,3450.0,3450.0,0.0,3450.0,3450.0,0.0,0.0,0.0,1.0
ab4cfb00-def7-4d97-8c54-68eeeab83b61,1499.0,1499.0,0.0,1499.0,1499.0,0.0,0.0,0.0,1.0
ab4d03c1-0171-4865-ad0b-82d3a3d6e6ea,1695.0,1695.0,0.0,1695.0,1695.0,0.0,0.0,0.0,1.0
ab58de52-d479-4236-b42c-b3a70d81d999,1950.0,1950.0,0.0,1950.0,1950.0,0.0,0.0,0.0,1.0
ab59a96f-bc70-4168-b3c0-7875549f5da2,695.0,695.0,0.0,695.0,695.0,0.0,0.0,0.0,1.0
ab5add38-f786-47da-a889-3e8ec5995b3d,1195.0,1195.0,0.0,1195.0,1195.0,0.0,0.0,0.0,1.0
ab67bc95-8ada-4034-93f1-d1f51eaa4eb8,565.0,565.0,0.0,565.0,565.0,0.0,0.0,0.0,1.0
ab68bbc5-893f-4179-a8b7-48d079bce83f,395.0,395.0,0.0,395.0,395.0,0.0,0.0,0.0,1.0
ab7624f7-1b9b-4a28-aad2-c0f909403ca1,39900.0,39900.0,0.0,39900.0,39900.0,0.0,0.0,0.0,1.0
ab7a35d4-1907-4335-94cd-d3f03065b94a,16900.0,16900.0,0.0,16900.0,16900.0,0.0,0.0,0.0,1.0
ab7dfbc5-e8d3-42a4-a808-56305bdfb275,46900.0,46900.0,0.0,46900.0,46900.0,0.0,0.0,0.0,1.0
ab893309-42d1-4b07-b549-db83b230b798,28900.0,28900.0,0.0,28900.0,28900.0,0.0,0.0,0.0,1.0
ab8ed9bd-7a6c-4a65-9d21-3964e0d0b835,3995.0,3995.0,0.0,3995.0,3995.0,0.0,0.0,0.0,1.0
ab93cb7d-c090-4854-a5b7-1382dc4ee08e,2995.0,2995.0,0.0,2995.0,2995.0,0.0,0.0,0.0,1.0
ab9408b9-1e15-4516-b389-e82ab93177c5,2295.0,2295.0,0.0,2295.0,2295.0,0.0,0.0,0.0,1.0
ab94587c-d7ef-4f13-8b5d-5430b75f8361,1895.0,1895.0,0.0,1895.0,1895.0,0.0,0.0,0.0,1.0
ab993034-6874-4bdb-9ccb-27792ba4faa6,1895.0,1895.0,0.0,1895.0,1895.0,0.0,0.0,0.0,1.0
ab9e8d2b-f9cb-4b4f-a365-3b22e00b5fc6,845.0,845.0,0.0,845.0,845.0,0.0,0.0,0.0,1.0
aba6704a-3c0b-4f3d-a645-c635c0ae883f,3400.0,3400.0,0.0,3400.0,3400.0,0.0,0.0,0.0,1.0
abbc37dc-505e-4839-90bb-6a4b2281a034,2900.0,2900.0,0.0,2900.0,2900.0,0.0,0.0,0.0,1.0
abbc7968-258d-4eee-b2b1-300589ff23d8,3195.0,3195.0,0.0,3195.0,3195.0,0.0,0.0,0.0,1.0
abc51d17-7ed6-475d-8b2f-ae181b12d1ba,24900.0,24900.0,0.0,24900.0,24900.0,0.0,0.0,0.0,1.0
abd08c84-c13c-470e-907d-4b2e24ddd57a,3000.0,3000.0,0.0,3000.0,3000.0,0.0,0.0,0.0,1.0
abd93ac2-e705-4400-bdd3-e5a9d2f52fd5,1500.0,1500.0,0.0,1500.0,1500.0,0.0,0.0,0.0,1.0
abe1be89-2fbe-4ea4-8225-61c0851471fd,1695.0,1695.0,0.0,1695.0,1695.0,0.0,0.0,0.0,1.0
abe8de6f-6f06-48b9-b3d3-e186c0edc4f0,7900.0,7900.0,0.0,7900.0,7900.0,0.0,0.0,0.0,1.0
abed5171-b74c-460d-87ba-c649c5f64ba6,42900.0,42900.0,0.0,42900.0,42900.0,0.0,0.0,0.0,1.0
abee37b1-0c49-42b2-a529-3ea19352a96f,545.0,545.0,0.0,545.0,545.0,0.0,0.0,0.0,1.0
abeee290-e515-4596-89a7-c5618a84e763,10900.0,10900.0,0.0,10900.0,10900.0,0.0,0.0,0.0,1.0
ac0c673e-f730-4e82-a90f-09f88fd11742,1250.0,1250.0,0.0,1250.0,1250.0,0.0,0.0,0.0,1.0
ac1917a8-3ef1-4d67-9ae5-fe53a435c71a,42900.0,42900.0,0.0,42900.0,42900.0,0.0,0.0,0.0,1.0
ac2032a1-9f08-4aed-bfbb-4b712058286c,4195.0,4195.0,0.0,4195.0,4195.0,0.0,0.0,0.0,1.0
ac207bb6-92ac-48c4-ade2-2b7334a11fb7,4400.0,4400.0,0.0,4400.0,4400.0,0.0,0.0,0.0,1.0
ac23bff5-9cd0-495e-bdaa-882d33aa1436,24900.0,24900.0,0.0,24900.0,24900.0,0.0,0.0,0.0,1.0
ac25e9d6-05cb-4d64-9af4-72b91099e3fe,8995.0,8995.0,0.0,8995.0,8995.0,0.0,0.0,0.0,1.0
ac288ff2-f426-40a3-ba74-172456fa7106,2600.0,2600.0,0.0,2600.0,2600.0,0.0,0.0,0.0,1.0
ac29abb8-95bf-4209-8027-575af277b9c1,295.0,295.0,0.0,295.0,295.0,0.0,0.0,0.0,1.0
ac37e1fe-720a-462c-8df7-0c8d63c78448,2895.0,2895.0,0.0,2895.0,2895.0,0.0,0.0,0.0,1.0
ac39b55e-58b7-4996-9e42-1fdefa889125,17500.0,17500.0,0.0,17500.0,17500.0,0.0,0.0,0.0,1.0
ac3dc8ba-0291-42e5-b66c-bdfb8fc6f7a4,15900.0,15900.0,0.0,15900.0,15900.0,0.0,0.0,0.0,1.0
ac3f47f1-1c84-4076-b623-0c0c52ca07ba,3595.0,3595.0,0.0,3595.0,3595.0,0.0,0.0,0.0,1.0
ac488153-29bc-4d5a-a0f4-14e7c9a9ecce,6495.0,6495.0,0.0,6495.0,6495.0,0.0,0.0,0.0,1.0
ac4c189d-a761-4620-84b4-d49ef4513b2a,145.0,145.0,0.0,145.0,145.0,0.0,0.0,0.0,1.0
ac4e9f6a-bc8b-4592-86e6-7f4c005eceef,2990.0,2990.0,0.0,2990.0,2990.0,0.0,0.0,0.0,1.0
ac51f70c-abfb-4c5b-902c-56f71e0c929e,2129.0,2129.0,0.0,2129.0,2129.0,0.0,0.0,0.0,1.0
ac5e0623-aded-437f-a97c-197b7d910b49,11900.0,11900.0,0.0,11900.0,11900.0,0.0,0.0,0.0,1.0
ac6153e3-fa54-49ac-a09a-304f05f1f3a6,10500.0,10500.0,0.0,10500.0,10500.0,0.0,0.0,0.0,1.0
ac6792cb-b318-4faf-8bbe-3ac8ff09c153,1095.0,1095.0,0.0,1095.0,1095.0,0.0,0.0,0.0,1.0
ac6c6ba7-2c42-4d06-9ae8-f483baee811d,17900.0,17900.0,0.0,17900.0,17900.0,0.0,0.0,0.0,1.0
ac86693d-d3da-4f01-8c50-16b1be56e4f8,2295.0,2295.0,0.0,2295.0,2295.0,0.0,0.0,0.0,1.0
ac9125df-19b1-474f-871e-68ba8a3d0ee1,2800.0,2800.0,0.0,2800.0,2800.0,0.0,0.0,0.0,1.0
ac9366ba-d65c-476c-8a2b-f088bec66d1f,11900.0,11900.0,0.0,11900.0,11900.0,0.0,0.0,0.0,1.0
ac9372f2-fde7-4e2b-abff-cef5270c1a2f,13900.0,13900.0,0.0,13900.0,13900.0,0.0,0.0,0.0,1.0
ac9490ed-892c-4cd0-955e-d2bfcea120e2,2449.0,2449.0,0.0,2449.0,2449.0,0.0,0.0,0.0,1.0
ac95fa11-90ce-43ea-bf61-6ef53585e453,1195.0,1195.0,0.0,1195.0,1195.0,0.0,0.0,0.0,1.0
ac9aeaa1-7f1e-41a9-bc05-de1a5cfec865,3900.0,3900.0,0.0,3900.0,3900.0,0.0,0.0,0.0,1.0
aca0e914-5993-4f05-8c26-3f04c5884f61,345.0,345.0,0.0,345.0,345.0,0.0,0.0,0.0,1.0
aca548b1-9adc-4721-8b66-76647743dba8,1395.0,1395.0,0.0,1395.0,1395.0,0.0,0.0,0.0,1.0
aca98ca3-bb08-4ead-b5c1-913d9a5d81f2,595.0,595.0,0.0,595.0,595.0,0.0,0.0,0.0,1.0
acb0e6af-3573-4753-b442-7695f3697721,1295.0,1295.0,0.0,1295.0,1295.0,0.0,0.0,0.0,1.0
acb38d3f-ba21-4331-bb2f-d07ae8d50908,6900.0,6900.0,0.0,6900.0,6900.0,0.0,0.0,0.0,1.0
accb90c8-4aca-45f1-878f-92680eb53b4d,2195.0,2195.0,0.0,2195.0,2195.0,0.0,0.0,0.0,1.0
accfea3e-98ff-4ea6-9344-15f81d1bd8d8,460.0,460.0,0.0,460.0,460.0,0.0,0.0,0.0,1.0
acd0d967-baad-47a6-a73f-b1e09bf74a41,445.0,445.0,0.0,445.0,445.0,0.0,0.0,0.0,1.0
acd783e2-0798-4683-bb2d-d4d9626d8567,8995.0,8995.0,0.0,8995.0,8995.0,0.0,0.0,0.0,1.0
ace08276-7619-4879-b975-5dbf7448df3a,3799.0,3799.0,0.0,3799.0,3799.0,0.0,0.0,0.0,1.0
ace266c6-35f8-42e2-93cd-a86ad11384b3,3995.0,3995.0,0.0,3995.0,3995.0,0.0,0.0,0.0,1.0
acea2df1-c722-4e3b-b160-288603115549,450.0,450.0,0.0,450.0,450.0,0.0,0.0,0.0,1.0
acea386d-b33c-4236-beaf-d8060ed05bb1,1080.0,1080.0,0.0,1080.0,1080.0,0.0,0.0,0.0,1.0
aceb8f37-ebe0-4f32-b4c8-65596046b1c7,445.0,445.0,0.0,445.0,445.0,0.0,0.0,0.0,1.0
acedee6d-c4cb-4bb5-b788-f5284773c70f,12500.0,12500.0,0.0,12500.0,12500.0,0.0,0.0,0.0,1.0
acf259cd-9f12-4c71-84cb-3778a223c0c1,5295.0,5295.0,0.0,5295.0,5295.0,0.0,0.0,0.0,1.0
acf41e9f-56bc-44a3-81e4-ba0abbd47620,7995.0,7995.0,0.0,7995.0,7995.0,0.0,0.0,0.0,1.0
acf9f726-cf41-42c8-910f-5b9ec8924b0d,1300.0,1300.0,0.0,1300.0,1300.0,0.0,0.0,0.0,1.0
acfb3dc4-7f71-4d15-b9eb-d6d1d0837ab0,595.0,595.0,0.0,595.0,595.0,0.0,0.0,0.0,1.0
ad041082-9dc1-4297-8928-7f691ecc6bf1,1095.0,1095.0,0.0,1095.0,1095.0,0.0,0.0,0.0,1.0
ad18b4a9-4473-48e1-8fe5-2188fd62ed39,7695.0,7695.0,0.0,7695.0,7695.0,0.0,0.0,0.0,1.0
ad193117-657b-43d0-8f0a-17de9f75d6a6,995.0,995.0,0.0,995.0,995.0,0.0,0.0,0.0,1.0
ad195e20-1bda-46c2-85a8-3a6c6c7675f9,1495.0,1495.0,0.0,1495.0,1495.0,0.0,0.0,0.0,1.0
ad1b6cb4-e5ec-4038-9cfb-a09a989bb6db,445.0,445.0,0.0,445.0,445.0,0.0,0.0,0.0,1.0
ad237f8d-f2c1-47ff-b54d-4bfa12d88511,2850.0,2850.0,0.0,2850.0,2850.0,0.0,0.0,0.0,1.0
ad24bd1f-875f-4d33-bb0c-e666ad0e1bb9,5495.0,5495.0,0.0,5495.0,5495.0,0.0,0.0,0.0,1.0
ad252a33-4264-409c-814f-96f13acf7738,19900.0,19900.0,0.0,19900.0,19900.0,0.0,0.0,0.0,1.0
ad29ec88-369b-4546-b6ec-6c73562fb446,9900.0,9900.0,0.0,9900.0,9900.0,0.0,0.0,0.0,1.0
ad2a0dab-1d0e-4d4c-a103-6e62e5555955,13900.0,13900.0,0.0,13900.0,13900.0,0.0,0.0,0.0,1.0
ad2e9f0b-bbe8-4d16-a02a-c56bee39559f,100.0,100.0,0.0,100.0,100.0,0.0,0.0,0.0,1.0
ad3cac96-330e-4f73-9d78-379b9fe76910,399.0,399.0,0.0,399.0,399.0,0.0,0.0,0.0,1.0
ad434a8b-fba2-4ab7-bb18-222f9034630b,1195.0,1195.0,0.0,1195.0,1195.0,0.0,0.0,0.0,1.0
ad478e89-19f9-4273-a083-7bd602616582,210.0,210.0,0.0,210.0,210.0,0.0,0.0,0.0,1.0
ad4ff29b-466f-4be7-892b-fa6ed81aa7c2,9900.0,9900.0,0.0,9900.0,9900.0,0.0,0.0,0.0,1.0
ad53de15-d5df-454d-855c-f0ecbde300b3,4490.0,4490.0,0.0,4490.0,4490.0,0.0,0.0,0.0,1.0
ad544e1b-52ca-4a99-9c71-1055a06e341e,4695.0,4695.0,0.0,4695.0,4695.0,0.0,0.0,0.0,1.0
ad55daae-b46a-417c-8d2a-27321d970e1e,645.0,645.0,0.0,645.0,645.0,0.0,0.0,0.0,1.0
ad55ec20-822b-4e4a-b8ec-e3cac482ed9d,4995.0,4995.0,0.0,4995.0,4995.0,0.0,0.0,0.0,1.0
ad58b1bb-254c-4713-b35f-78acadce4034,1265.0,1265.0,0.0,1265.0,1265.0,0.0,0.0,0.0,1.0
ad5fba7e-c635-4e68-a88b-d03f6a3577a8,14900.0,14900.0,0.0,14900.0,14900.0,0.0,0.0,0.0,1.0
ad632d2c-6bff-496b-bdd0-58bf55e0e225,495.0,495.0,0.0,495.0,495.0,0.0,0.0,0.0,1.0
ad651811-3ac5-473c-bf19-8181b7218178,11900.0,11900.0,0.0,11900.0,11900.0,0.0,0.0,0.0,1.0
ad69db03-ca7f-4c4a-ae3a-a432391bec07,51900.0,51900.0,0.0,51900.0,51900.0,0.0,0.0,0.0,1.0
ad6b5727-1d12-40e0-912e-08e715558fb2,1799.0,1799.0,0.0,1799.0,1799.0,0.0,0.0,0.0,1.0
ad73ee2b-b521-44b4-bfe8-d4aaf0d97321,8995.0,8995.0,0.0,8995.0,8995.0,0.0,0.0,0.0,1.0
ad76afc3-e6e8-4467-bd93-bc4937bf9292,3995.0,3995.0,0.0,3995.0,3995.0,0.0,0.0,0.0,1.0
ad7c649f-1feb-4419-b533-a7c679fd66c6,6900.0,6900.0,0.0,6900.0,6900.0,0.0,0.0,0.0,1.0
ad7cd6d3-6787-48ee-8314-aa73301c5cfc,495.0,495.0,0.0,495.0,495.0,0.0,0.0,0.0,1.0
ad828904-278c-4fd4-b78c-667671a7ce2e,6645.0,6645.0,0.0,6645.0,6645.0,0.0,0.0,0.0,1.0
ad897931-2c96-4334-ac2b-1c17ff6d3a65,3600.0,3600.0,0.0,3600.0,3600.0,0.0,0.0,0.0,1.0
adad3489-a363-412a-9668-735ecd1c5650,895.0,895.0,0.0,895.0,895.0,0.0,0.0,0.0,1.0
adb57147-53ee-48b2-8891-a1505ef0886a,49900.0,49900.0,0.0,49900.0,49900.0,0.0,0.0,0.0,1.0
adb5fa71-e2aa-4802-94af-aeff6dbc2690,5495.0,5495.0,0.0,5495.0,5495.0,0.0,0.0,0.0,1.0
adc26d96-afa4-43b2-a6ec-9edcd43f50c9,1395.0,1395.0,0.0,1395.0,1395.0,0.0,0.0,0.0,1.0
adcf4853-f187-4c3c-91d9-564b65ffd609,5300.0,5300.0,0.0,5300.0,5300.0,0.0,0.0,0.0,1.0
add16fb0-d102-45ea-a57d-1a0d1f019c82,910.0,910.0,0.0,910.0,910.0,0.0,0.0,0.0,1.0
add90480-1b88-447a-be36-7d95e461967d,2695.0,2695.0,0.0,2695.0,2695.0,0.0,0.0,0.0,1.0
addfdbe8-8882-4041-82fb-6f105dffc554,1499.0,1499.0,0.0,1499.0,1499.0,0.0,0.0,0.0,1.0
ade50196-1b62-4bf0-9315-1257503347b7,2095.0,2095.0,0.0,2095.0,2095.0,0.0,0.0,0.0,1.0
ade6ddb9-4c70-4aa9-ba28-6c36fd33879b,16900.0,16900.0,0.0,16900.0,16900.0,0.0,0.0,0.0,1.0
ade7e1f5-4643-41d9-8273-0689bbe136d1,2000.0,2000.0,0.0,2000.0,2000.0,0.0,0.0,0.0,1.0
ade82786-3029-4c34-aacd-83b9eab7b0e0,199.0,199.0,0.0,199.0,199.0,0.0,0.0,0.0,1.0
adeeada4-8f24-4673-95f7-d9ee8e4807bb,12900.0,12900.0,0.0,12900.0,12900.0,0.0,0.0,0.0,1.0
adf3c55a-667f-4609-8aec-f646d496631c,27900.0,27900.0,0.0,27900.0,27900.0,0.0,0.0,0.0,1.0
adf9962b-47de-4fc4-9a76-010f13c8c054,11900.0,11900.0,0.0,11900.0,11900.0,0.0,0.0,0.0,1.0
adf9ee74-f5fa-4fc8-a3bd-9d680cc68bd1,3995.0,3995.0,0.0,3995.0,3995.0,0.0,0.0,0.0,1.0
ae052144-82e5-4faa-8bb8-f0db6432b32a,16900.0,16900.0,0.0,16900.0,16900.0,0.0,0.0,0.0,1.0
ae090e48-4260-4e1f-9df4-1acca385d261,7495.0,7495.0,0.0,7495.0,7495.0,0.0,0.0,0.0,1.0
ae098291-7aae-4425-82fc-e407cff4851c,375.0,375.0,0.0,375.0,375.0,0.0,0.0,0.0,1.0
ae0b3c4a-9fd3-4cf9-86bf-0f071d18bb9e,6100.0,6100.0,0.0,6100.0,6100.0,0.0,0.0,0.0,1.0
ae0e6dba-966d-4a6e-bc42-3acbd009730f,3690.0,3690.0,0.0,3690.0,3690.0,0.0,0.0,0.0,1.0
ae127e2a-2f81-4393-83e4-4762d43d4486,1995.0,1995.0,0.0,1995.0,1995.0,0.0,0.0,0.0,1.0
ae1b9ee7-7163-47b6-a280-c8797e46cb45,745.0,745.0,0.0,745.0,745.0,0.0,0.0,0.0,1.0
ae1e4e82-eb7f-4191-ad93-380f36d6ba8e,650.0,650.0,0.0,650.0,650.0,0.0,0.0,0.0,1.0
ae2927a3-9071-4233-b68e-9b1d66d19226,1535.0,1535.0,0.0,1535.0,1535.0,0.0,0.0,0.0,1.0
ae2c58c6-cefe-40d3-a212-7061e79b992a,7995.0,7995.0,0.0,7995.0,7995.0,0.0,0.0,0.0,1.0
ae2ca450-3529-4275-b78e-07b196af0e10,1745.0,1745.0,0.0,1745.0,1745.0,0.0,0.0,0.0,1.0
ae2f0180-8515-494e-9aa9-4f9adbe88717,2200.0,2200.0,0.0,2200.0,2200.0,0.0,0.0,0.0,1.0
ae39f047-bfa1-4a67-99dd-a9a9b4730270,1295.0,1295.0,0.0,1295.0,1295.0,0.0,0.0,0.0,1.0
ae3bd31d-cf9c-4c55-ac3c-5e64fa0542e9,2395.0,2395.0,0.0,2395.0,2395.0,0.0,0.0,0.0,1.0
ae414775-7b8d-4c8e-908b-a4462dd5b859,1045.0,1045.0,0.0,1045.0,1045.0,0.0,0.0,0.0,1.0
ae52858a-bcc4-48ac-af04-e4de8c5fd666,275.0,275.0,0.0,275.0,275.0,0.0,0.0,0.0,1.0
ae5c49a7-b7f4-4097-be1f-d1d0cd2685cb,23900.0,23900.0,0.0,23900.0,23900.0,0.0,0.0,0.0,1.0
ae664a96-d4dc-4c2b-baa4-d23f2de98165,120.0,120.0,0.0,120.0,120.0,0.0,0.0,0.0,1.0
ae75fabf-d102-48d0-b0c2-27b0106ebb37,11900.0,11900.0,0.0,11900.0,11900.0,0.0,0.0,0.0,1.0
ae831952-1295-45d0-b491-cf5222dea0ac,495.0,495.0,0.0,495.0,495.0,0.0,0.0,0.0,1.0
ae852844-06e2-405c-ba9c-cb05c34de6fe,995.0,995.0,0.0,995.0,995.0,0.0,0.0,0.0,1.0
ae97f158-9105-4bfe-9530-7824a1791d58,695.0,695.0,0.0,695.0,695.0,0.0,0.0,0.0,1.0
ae99ccfd-837d-44f0-a3d2-898452305482,545.0,545.0,0.0,545.0,545.0,0.0,0.0,0.0,1.0
aea1a9f7-b8d9-450e-a7fb-6258f2e096d4,4000.0,4000.0,0.0,4000.0,4000.0,0.0,0.0,0.0,1.0
aea5ed75-9a40-4678-8872-ea46358d41f9,2095.0,2095.0,0.0,2095.0,2095.0,0.0,0.0,0.0,1.0
aea64e88-e245-4255-8b70-c26abe5a6664,1695.0,1695.0,0.0,1695.0,1695.0,0.0,0.0,0.0,1.0
aea8ae75-5067-4654-923a-27797f84a762,28900.0,28900.0,0.0,28900.0,28900.0,0.0,0.0,0.0,1.0
aeacb9f5-e980-4feb-b9b8-d917dc8069c3,24900.0,24900.0,0.0,24900.0,24900.0,0.0,0.0,0.0,1.0
aeb149bf-a926-4085-a83c-da0843e60126,28900.0,28900.0,0.0,28900.0,28900.0,0.0,0.0,0.0,1.0
aebfa52f-40c4-4626-94a1-5de16e781d40,1695.0,1695.0,0.0,1695.0,1695.0,0.0,0.0,0.0,1.0
aec29e56-16a5-46d3-a8e8-d4fbfde8391d,1295.0,1295.0,0.0,1295.0,1295.0,0.0,0.0,0.0,1.0
aeca5b36-6b10-44bc-99ef-95675f02c903,1950.0,1950.0,0.0,1950.0,1950.0,0.0,0.0,0.0,1.0
aecce5f7-dc9b-4af7-949e-b90d02bdb525,2795.0,2795.0,0.0,2795.0,2795.0,0.0,0.0,0.0,1.0
aed2b2b7-258b-49cd-b86d-39fb22b7f61b,2295.0,2295.0,0.0,2295.0,2295.0,0.0,0.0,0.0,1.0
aed98c53-19ab-4932-b559-5b8a3c15177a,13900.0,13900.0,0.0,13900.0,13900.0,0.0,0.0,0.0,1.0
aedce78f-53bc-45fa-b582-8d68d45c7497,17900.0,17900.0,0.0,17900.0,17900.0,0.0,0.0,0.0,1.0
aedf236f-c6bd-4450-9e10-360a0f469802,39900.0,39900.0,0.0,39900.0,39900.0,0.0,0.0,0.0,1.0
aee167a0-7697-41c7-aef7-65ce28fa13ff,4495.0,4495.0,0.0,4495.0,4495.0,0.0,0.0,0.0,1.0
aee1e292-8885-4da3-847c-0933d4c44b27,3399.0,3399.0,0.0,3399.0,3399.0,0.0,0.0,0.0,1.0
aee852a3-8fdd-4aed-a8fe-0e5db7032276,29900.0,29900.0,0.0,29900.0,29900.0,0.0,0.0,0.0,1.0
aeed9f42-bd13-44db-bb73-f9149d14600b,19900.0,19900.0,0.0,19900.0,19900.0,0.0,0.0,0.0,1.0
aef7cb8d-5f78-4497-8e20-7ac695f7b796,345.0,345.0,0.0,345.0,345.0,0.0,0.0,0.0,1.0
aefcb10a-a968-4f11-887f-da21d7b852ad,1895.0,1895.0,0.0,1895.0,1895.0,0.0,0.0,0.0,1.0
af0b9285-6154-4bd1-ab18-a49f3b87e526,62900.0,62900.0,0.0,62900.0,62900.0,0.0,0.0,0.0,1.0
af0ec2f2-11db-48c3-8c62-1db8428f873d,9900.0,9900.0,0.0,9900.0,9900.0,0.0,0.0,0.0,1.0
af189953-4fcb-436a-ad1b-890dcc6a6ec2,30.0,30.0,0.0,30.0,30.0,0.0,0.0,0.0,1.0
af1940ad-5634-44b9-b52c-62a895d376b4,14900.0,14900.0,0.0,14900.0,14900.0,0.0,0.0,0.0,1.0
af1b777b-8797-47e9-a2cb-d1b122375f77,10900.0,10900.0,0.0,10900.0,10900.0,0.0,0.0,0.0,1.0
af1d9c29-87b6-4e74-ae6f-1ab4d4ccd146,1999.0,1999.0,0.0,1999.0,1999.0,0.0,0.0,0.0,1.0
af32dd02-2204-49d8-a7dd-567ff4c862de,16900.0,16900.0,0.0,16900.0,16900.0,0.0,0.0,0.0,1.0
af473295-21bf-4e03-9fdb-8f60bad826e2,1195.0,1195.0,0.0,1195.0,1195.0,0.0,0.0,0.0,1.0
af578cf2-7e79-4213-b891-076c1f5b379e,8495.0,8495.0,0.0,8495.0,8495.0,0.0,0.0,0.0,1.0
af5ef6c6-fd3c-4d84-8602-3dd692cba453,56900.0,56900.0,0.0,56900.0,56900.0,0.0,0.0,0.0,1.0
af64a6bf-c14c-4ce8-9277-8b91df8fff5d,2295.0,2295.0,0.0,2295.0,2295.0,0.0,0.0,0.0,1.0
af67cf1d-5781-4ae6-992c-68ee79ab3a0f,3795.0,3795.0,0.0,3795.0,3795.0,0.0,0.0,0.0,1.0
af6c1dd8-6594-42d6-abf6-8315de90c67d,280.0,280.0,0.0,280.0,280.0,0.0,0.0,0.0,1.0
af718e5e-ee7e-4aa0-aaed-e1ea900f0ce8,745.0,745.0,0.0,745.0,745.0,0.0,0.0,0.0,1.0
af71fecf-a06a-4d0c-857f-0879728c22ff,6900.0,6900.0,0.0,6900.0,6900.0,0.0,0.0,0.0,1.0
af79962e-4dfc-4500-9be0-ed12aa68207f,3795.0,3795.0,0.0,3795.0,3795.0,0.0,0.0,0.0,1.0
af7b2fe5-8026-41c8-9dab-1f07d6cc2ed3,795.0,795.0,0.0,795.0,795.0,0.0,0.0,0.0,1.0
af846dde-470a-4bab-94dd-89b00618c1fc,26900.0,26900.0,0.0,26900.0,26900.0,0.0,0.0,0.0,1.0
af8824fd-0cce-4a9b-9069-2756cc6a79e9,4695.0,4695.0,0.0,4695.0,4695.0,0.0,0.0,0.0,1.0
af8e093f-3cc3-4459-ac80-3353ee04648a,10200.0,10200.0,0.0,10200.0,10200.0,0.0,0.0,0.0,1.0
af941069-8bf5-454c-ba27-4f16d1650e90,6150.0,6150.0,0.0,6150.0,6150.0,0.0,0.0,0.0,1.0
af952a60-6d75-4dd1-a5dc-a3047ae8cc14,1295.0,1295.0,0.0,1295.0,1295.0,0.0,0.0,0.0,1.0
af9701e3-27be-41a8-994d-39d4671b68c8,995.0,995.0,0.0,995.0,995.0,0.0,0.0,0.0,1.0
af97d8b1-598e-4528-89e3-26d5e73de589,1395.0,1395.0,0.0,1395.0,1395.0,0.0,0.0,0.0,1.0
afa92c9a-08fe-4210-b7dd-bb1d00b64d60,8500.0,8500.0,0.0,8500.0,8500.0,0.0,0.0,0.0,1.0
afa97597-e2f1-4f56-8049-0cef20fa9135,7400.0,7400.0,0.0,7400.0,7400.0,0.0,0.0,0.0,1.0
afaa086c-5499-40a2-a63c-9bb5b548e0df,274.0,274.0,0.0,274.0,274.0,0.0,0.0,0.0,1.0
afb355f3-e830-4ddd-afdf-b99f8caa9635,780.0,780.0,0.0,780.0,780.0,0.0,0.0,0.0,1.0
afc421a1-6919-4d72-81c3-46bda4a237a7,2700.0,2700.0,0.0,2700.0,2700.0,0.0,0.0,0.0,1.0
afcdab1a-6065-46b2-89e3-ab6f855e8c23,20.0,20.0,0.0,20.0,20.0,0.0,0.0,0.0,1.0
afcfe8d7-59d6-4340-a1c6-d33192acab42,1495.0,1495.0,0.0,1495.0,1495.0,0.0,0.0,0.0,1.0
afd01d47-915d-4039-9f1b-5be36aa2e0a2,2895.0,2895.0,0.0,2895.0,2895.0,0.0,0.0,0.0,1.0
afd01d7b-0926-4788-bd6c-3c571e044dcf,690.0,690.0,0.0,690.0,690.0,0.0,0.0,0.0,1.0
afea1c61-0e1f-4bd9-b0d6-91a60dec51fe,595.0,595.0,0.0,595.0,595.0,0.0,0.0,0.0,1.0
aff430e0-596d-4160-9d43-4b6b93607f41,310.0,310.0,0.0,310.0,310.0,0.0,0.0,0.0,1.0
aff679a7-9101-48cb-91ec-125cbca32465,30900.0,30900.0,0.0,30900.0,30900.0,0.0,0.0,0.0,1.0
b0019a76-8ec3-44f9-82d8-79ae75dbf6b3,24900.0,24900.0,0.0,24900.0,24900.0,0.0,0.0,0.0,1.0
b008933a-d2f6-4159-bf3e-6a6241cc05eb,2995.0,2995.0,0.0,2995.0,2995.0,0.0,0.0,0.0,1.0
b00a368d-62a1-4f2f-affa-02f2bbb4306a,695.0,695.0,0.0,695.0,695.0,0.0,0.0,0.0,1.0
b011f368-fa0a-42e2-8ddf-586e8f9fb9b3,27900.0,27900.0,0.0,27900.0,27900.0,0.0,0.0,0.0,1.0
b01639b4-65ac-46aa-aecf-5a0e63e37010,900.0,900.0,0.0,900.0,900.0,0.0,0.0,0.0,1.0
b022b467-6b21-4896-b5a3-439a312922a9,4995.0,4995.0,0.0,4995.0,4995.0,0.0,0.0,0.0,1.0
b0273ff5-b257-4415-a4dd-5cc80841fe80,10980.0,10980.0,0.0,10980.0,10980.0,0.0,0.0,0.0,1.0
b03938f5-8643-4ee9-aae9-cf8dfc93117d,595.0,595.0,0.0,595.0,595.0,0.0,0.0,0.0,1.0
b03f26e1-34a5-4b0e-9f67-336ee0941b32,15900.0,15900.0,0.0,15900.0,15900.0,0.0,0.0,0.0,1.0
b04e0221-3c9c-4b34-8cc2-68e64df45598,1345.0,1345.0,0.0,1345.0,1345.0,0.0,0.0,0.0,1.0
b060e929-bdb6-43af-895e-ef808f427596,445.0,445.0,0.0,445.0,445.0,0.0,0.0,0.0,1.0
b0615309-e08a-4342-8a7c-0958e068e228,805.0,805.0,0.0,805.0,805.0,0.0,0.0,0.0,1.0
b062b99d-2545-4726-8456-c3bb5046baf1,3295.0,3295.0,0.0,3295.0,3295.0,0.0,0.0,0.0,1.0
b06940e7-573c-40c4-aa28-5ed0d1a4d285,675.0,675.0,0.0,675.0,675.0,0.0,0.0,0.0,1.0
b06e7b70-a73b-4017-b119-cda7e5d1c5fd,295.0,295.0,0.0,295.0,295.0,0.0,0.0,0.0,1.0
b0707ddb-dec7-4707-a2ac-719ab858544f,1995.0,1995.0,0.0,1995.0,1995.0,0.0,0.0,0.0,1.0
b07310d0-34fd-404e-b4e4-46a90c083876,1695.0,1695.0,0.0,1695.0,1695.0,0.0,0.0,0.0,1.0
b07548c3-5d13-4c93-9ad1-dd99b3579743,2995.0,2995.0,0.0,2995.0,2995.0,0.0,0.0,0.0,1.0
b0757fb2-1f5a-4979-a292-404db874413c,540.0,540.0,0.0,540.0,540.0,0.0,0.0,0.0,1.0
b07aa6be-b00e-4dca-9534-85db4788a581,2395.0,2395.0,0.0,2395.0,2395.0,0.0,0.0,0.0,1.0
b07ed3b9-8d21-4122-892a-cc0c09d7fdbd,295.0,295.0,0.0,295.0,295.0,0.0,0.0,0.0,1.0
b07fec77-464c-4801-a1ad-f1fd1452cd0b,32900.0,32900.0,0.0,32900.0,32900.0,0.0,0.0,0.0,1.0
b0839625-8fbb-4347-952d-4c195a060c63,845.0,845.0,0.0,845.0,845.0,0.0,0.0,0.0,1.0
b08e7f78-eb19-479a-b992-4b5d994f8120,6695.0,6695.0,0.0,6695.0,6695.0,0.0,0.0,0.0,1.0
b08fa477-b208-450d-82cc-dc39d85dce09,1350.0,1350.0,0.0,1350.0,1350.0,0.0,0.0,0.0,1.0
b090c269-65c2-4ad9-ab0d-2de79c8cd0c7,995.0,995.0,0.0,995.0,995.0,0.0,0.0,0.0,1.0
b0932377-5552-4d77-a0e2-292c076de6aa,13900.0,13900.0,0.0,13900.0,13900.0,0.0,0.0,0.0,1.0
b0949b38-ac83-46fe-8830-11f8963fad97,275.0,275.0,0.0,275.0,275.0,0.0,0.0,0.0,1.0
b09a8f96-9ace-4db5-a859-c54c7e4339a5,3900.0,3900.0,0.0,3900.0,3900.0,0.0,0.0,0.0,1.0
b0a1fc0e-8190-4c8f-8a7f-04b8898447eb,1995.0,1995.0,0.0,1995.0,1995.0,0.0,0.0,0.0,1.0
b0a5809f-09f2-4d48-bb71-bf4d250b29b3,845.0,845.0,0.0,845.0,845.0,0.0,0.0,0.0,1.0
b0ac3ed8-9b12-4e33-9e1c-efac6566be23,2995.0,2995.0,0.0,2995.0,2995.0,0.0,0.0,0.0,1.0
b0bdc5e2-40f0-4f10-b2ff-db429f7d44a7,390.0,390.0,0.0,390.0,390.0,0.0,0.0,0.0,1.0
b0be9ad4-7d21-462f-a997-2c459e69c0d6,2495.0,2495.0,0.0,2495.0,2495.0,0.0,0.0,0.0,1.0
b0cac393-f1b4-48a5-8a7f-5868aa601522,1345.0,1345.0,0.0,1345.0,1345.0,0.0,0.0,0.0,1.0
b0cb0b82-21c4-4f3e-9b4f-a7c001be1ea7,895.0,895.0,0.0,895.0,895.0,0.0,0.0,0.0,1.0
b0cebab8-2954-4d4b-b59f-d5b22d3ddc05,8900.0,8900.0,0.0,8900.0,8900.0,0.0,0.0,0.0,1.0
b0e1f800-7ce2-4a19-a88a-111e9f74ceb4,10900.0,10900.0,0.0,10900.0,10900.0,0.0,0.0,0.0,1.0
b0e5d38c-3472-4ed5-8fed-62faaf3bdf4e,2850.0,2850.0,0.0,2850.0,2850.0,0.0,0.0,0.0,1.0
b0e64749-5f83-4e60-9ea8-1b69e2b1910b,615.0,615.0,0.0,615.0,615.0,0.0,0.0,0.0,1.0
b1002068-fa6f-4e28-8c6d-599f36927d14,3795.0,3795.0,0.0,3795.0,3795.0,0.0,0.0,0.0,1.0
b10e7fb9-5239-4fe7-ab62-162756f4bf70,52900.0,52900.0,0.0,52900.0,52900.0,0.0,0.0,0.0,1.0
b1122975-5bde-4627-b5d6-358ff76efb38,1695.0,1695.0,0.0,1695.0,1695.0,0.0,0.0,0.0,1.0
b11425a6-1554-42b6-9a7c-cc8762234140,250.0,250.0,0.0,250.0,250.0,0.0,0.0,0.0,1.0
b115c13c-0e23-402e-948d-6d30a72924f3,599.0,599.0,0.0,599.0,599.0,0.0,0.0,0.0,1.0
b1174c72-ab19-451b-a2db-4a5cbcebbfd9,1595.0,1595.0,0.0,1595.0,1595.0,0.0,0.0,0.0,1.0
b11c967d-f852-41aa-b301-2ec955329761,895.0,895.0,0.0,895.0,895.0,0.0,0.0,0.0,1.0
b124249f-be42-48c7-802c-abee09a13dd8,2800.0,2800.0,0.0,2800.0,2800.0,0.0,0.0,0.0,1.0
b1319afc-768f-437f-a909-0bd22c5222b7,18900.0,18900.0,0.0,18900.0,18900.0,0.0,0.0,0.0,1.0
b1372fc4-aab8-4dbb-ac62-8782bd04cbd8,205.0,205.0,0.0,205.0,205.0,0.0,0.0,0.0,1.0
b14780e3-f0ae-4551-93b0-7c1765e7270d,3530.0,3530.0,0.0,3530.0,3530.0,0.0,0.0,0.0,1.0
b1535d8e-bdc4-4e9f-baaa-0da8dbf52316,4445.0,4445.0,0.0,4445.0,4445.0,0.0,0.0,0.0,1.0
b15a532e-356c-4498-8fa5-95a0cc482343,910.0,910.0,0.0,910.0,910.0,0.0,0.0,0.0,1.0
b15d01a6-b342-4fa5-89b5-36c68f95ace0,30900.0,30900.0,0.0,30900.0,30900.0,0.0,0.0,0.0,1.0
b160ec64-2ceb-471a-b478-fed55f686f39,34900.0,34900.0,0.0,34900.0,34900.0,0.0,0.0,0.0,1.0
b16115f4-2532-4b96-ace8-9d3f320b7d2a,4995.0,4995.0,0.0,4995.0,4995.0,0.0,0.0,0.0,1.0
b1648be9-096a-4f4d-978f-3009fdb7b25d,915.0,915.0,0.0,915.0,915.0,0.0,0.0,0.0,1.0
b18d1f75-a5c7-4004-a6ba-ff063df8fcef,24900.0,24900.0,0.0,24900.0,24900.0,0.0,0.0,0.0,1.0
b197ec9f-b077-45e7-a05e-fe9bc3ccfca6,6000.0,6000.0,0.0,6000.0,6000.0,0.0,0.0,0.0,1.0
b1981ab8-816a-4560-8c7e-aa41026379a9,695.0,695.0,0.0,695.0,695.0,0.0,0.0,0.0,1.0
b1a443f5-0bc2-4e47-a5b9-a49cd4575c3f,15900.0,15900.0,0.0,15900.0,15900.0,0.0,0.0,0.0,1.0
b1a51013-bd67-49ab-a086-ee840325ab8a,11500.0,11500.0,0.0,11500.0,11500.0,0.0,0.0,0.0,1.0
b1a5c1f6-6875-4652-b6c6-4276152613a3,2800.0,2800.0,0.0,2800.0,2800.0,0.0,0.0,0.0,1.0
b1aee590-cc5f-4e77-90cc-b0ef3398b02e,1595.0,1595.0,0.0,1595.0,1595.0,0.0,0.0,0.0,1.0
b1bf6311-72b9-4e24-a9b0-1a9a9e34b107,2595.0,2595.0,0.0,2595.0,2595.0,0.0,0.0,0.0,1.0
b1c67040-44b3-4054-b4a9-9e9315876f39,945.0,945.0,0.0,945.0,945.0,0.0,0.0,0.0,1.0
b1c72202-e375-4ebf-af05-0c49ec62262b,6995.0,6995.0,0.0,6995.0,6995.0,0.0,0.0,0.0,1.0
b1cd1c36-ef37-41fe-97d0-f3c8bb4a1728,17900.0,17900.0,0.0,17900.0,17900.0,0.0,0.0,0.0,1.0
b1d0aaab-9da8-4bda-9ae4-fd10b93cca27,8995.0,8995.0,0.0,8995.0,8995.0,0.0,0.0,0.0,1.0
b1daeb6d-b47b-4e8b-80e6-cb0f6875d24f,3195.0,3195.0,0.0,3195.0,3195.0,0.0,0.0,0.0,1.0
b1ed63cd-a7d9-4c11-86b0-88b40cebf947,1495.0,1495.0,0.0,1495.0,1495.0,0.0,0.0,0.0,1.0
b1ef73a1-ef20-4abf-916b-9f26445d8336,8900.0,8900.0,0.0,8900.0,8900.0,0.0,0.0,0.0,1.0
b1f64732-0d98-4293-9477-e029001e55cf,16900.0,16900.0,0.0,16900.0,16900.0,0.0,0.0,0.0,1.0
b2017864-71a1-4e64-8885-f39b6fcbacf0,1995.0,1995.0,0.0,1995.0,1995.0,0.0,0.0,0.0,1.0
b207517b-fdde-40a1-b18f-b2d098280923,15900.0,15900.0,0.0,15900.0,15900.0,0.0,0.0,0.0,1.0
b207ddfc-b485-41a6-a64a-1c01007317f1,11900.0,11900.0,0.0,11900.0,11900.0,0.0,0.0,0.0,1.0
b212fdf7-9f69-4959-872a-838969c86b46,9480.0,9480.0,0.0,9480.0,9480.0,0.0,0.0,0.0,1.0
b21ca53f-f191-49c1-bcdb-ec32959f4333,3995.0,3995.0,0.0,3995.0,3995.0,0.0,0.0,0.0,1.0
b227cfcd-6420-45e2-a6f1-c183d4e087dc,595.0,595.0,0.0,595.0,595.0,0.0,0.0,0.0,1.0
b2285cab-d803-4def-bdef-d08cf90d6299,1650.0,1650.0,0.0,1650.0,1650.0,0.0,0.0,0.0,1.0
b2290d92-4942-4521-bf7f-ebbb454d1488,2195.0,2195.0,0.0,2195.0,2195.0,0.0,0.0,0.0,1.0
b22ce22e-1447-4336-836b-4d10b82c7a6d,16900.0,16900.0,0.0,16900.0,16900.0,0.0,0.0,0.0,1.0
b231de19-a461-48df-a2b2-0e829d6639b4,39900.0,39900.0,0.0,39900.0,39900.0,0.0,0.0,0.0,1.0
b2385a0a-74d7-475e-a8bf-26d494dc8478,7495.0,7495.0,0.0,7495.0,7495.0,0.0,0.0,0.0,1.0
b241e426-eda1-4d32-bba3-ed231de16bc3,57900.0,57900.0,0.0,57900.0,57900.0,0.0,0.0,0.0,1.0
b2513304-d767-4e49-b588-ec07573bb45b,4495.0,4495.0,0.0,4495.0,4495.0,0.0,0.0,0.0,1.0
b2528d0a-0579-4247-a352-e5f1ebe92f0c,4500.0,4500.0,0.0,4500.0,4500.0,0.0,0.0,0.0,1.0
b254478a-10de-473a-aebb-4778e0fc09ba,2550.0,2550.0,0.0,2550.0,2550.0,0.0,0.0,0.0,1.0
b25638cf-c382-4474-b4dc-c1660e1d705b,3080.0,3080.0,0.0,3080.0,3080.0,0.0,0.0,0.0,1.0
b279629c-ddac-4d41-b882-0325bcb57b25,895.0,895.0,0.0,895.0,895.0,0.0,0.0,0.0,1.0
b27a80e1-aace-4d51-93de-c421bd685a82,155.0,155.0,0.0,155.0,155.0,0.0,0.0,0.0,1.0
b27c7f12-419b-4842-8b19-8f8720312a67,5295.0,5295.0,0.0,5295.0,5295.0,0.0,0.0,0.0,1.0
b28174d3-8c45-4518-a889-364aa6cbfda7,1995.0,1995.0,0.0,1995.0,1995.0,0.0,0.0,0.0,1.0
b298fe37-320b-474c-a5a6-a2994b102e37,615.0,615.0,0.0,615.0,615.0,0.0,0.0,0.0,1.0
b2a24855-e193-457e-8b8f-d9e3b1a601a4,3995.0,3995.0,0.0,3995.0,3995.0,0.0,0.0,0.0,1.0
b2a858da-37df-4794-8f37-030f0697c49f,695.0,695.0,0.0,695.0,695.0,0.0,0.0,0.0,1.0
b2b133da-825a-498b-9051-52e9da9987c5,1495.0,1495.0,0.0,1495.0,1495.0,0.0,0.0,0.0,1.0
b2bc3f13-6bd6-4de1-a248-436b9aced8c3,345.0,345.0,0.0,345.0,345.0,0.0,0.0,0.0,1.0
b2be070f-2ea1-4bb8-b988-ddad2d283482,4995.0,4995.0,0.0,4995.0,4995.0,0.0,0.0,0.0,1.0
b2c34fa6-c073-451e-bd49-6c0838939336,545.0,545.0,0.0,545.0,545.0,0.0,0.0,0.0,1.0
b2c92ef9-4892-4117-89be-e0194bb101e5,15900.0,15900.0,0.0,15900.0,15900.0,0.0,0.0,0.0,1.0
b2d9570e-345f-4758-92ea-0ad0d704a65d,5390.0,5390.0,0.0,5390.0,5390.0,0.0,0.0,0.0,1.0
b2e6ca08-305a-4f48-ba3b-7be67764d793,2995.0,2995.0,0.0,2995.0,2995.0,0.0,0.0,0.0,1.0
b2ebcbb4-0a43-4b2c-8b9c-2d3d359f6764,2795.0,2795.0,0.0,2795.0,2795.0,0.0,0.0,0.0,1.0
b2ed878d-088a-4fa7-9c79-dafccf86492c,265.0,265.0,0.0,265.0,265.0,0.0,0.0,0.0,1.0
b2ee6b5c-c727-4cb7-b97b-75a65fd6cc22,7995.0,7995.0,0.0,7995.0,7995.0,0.0,0.0,0.0,1.0
b2f3b2cb-7a0d-4c92-86b3-079c8c56a655,1695.0,1695.0,0.0,1695.0,1695.0,0.0,0.0,0.0,1.0
b2f7ca71-28e1-4dca-9a85-69ac666680a3,7495.0,7495.0,0.0,7495.0,7495.0,0.0,0.0,0.0,1.0
b2fd4b32-6b35-45b7-b37c-fb64162eb73e,1995.0,1995.0,0.0,1995.0,1995.0,0.0,0.0,0.0,1.0
b30b3bfe-6f0a-4953-a508-7457b039d668,199.0,199.0,0.0,199.0,199.0,0.0,0.0,0.0,1.0
b315c628-90d9-4d24-a964-5ddd3a7801b7,895.0,895.0,0.0,895.0,895.0,0.0,0.0,0.0,1.0
b31b86a7-bb7b-43bd-8ae7-47d032d3e09d,7495.0,7495.0,0.0,7495.0,7495.0,0.0,0.0,0.0,1.0
b31cb5fd-6352-4f20-9ba6-2c430d629010,875.0,875.0,0.0,875.0,875.0,0.0,0.0,0.0,1.0
b31fe9cf-f49e-4707-b697-52109ee3938c,5295.0,5295.0,0.0,5295.0,5295.0,0.0,0.0,0.0,1.0
b3212d93-fff5-4092-b85b-785d71edd75a,2495.0,2495.0,0.0,2495.0,2495.0,0.0,0.0,0.0,1.0
b3299ac7-eff4-4ddd-a28d-867654e8c6e2,495.0,495.0,0.0,495.0,495.0,0.0,0.0,0.0,1.0
b333fa1a-d013-40fc-b4da-e96c6c768bed,895.0,895.0,0.0,895.0,895.0,0.0,0.0,0.0,1.0
b33c4016-1dc3-47be-bcab-916742ac296b,3495.0,3495.0,0.0,3495.0,3495.0,0.0,0.0,0.0,1.0
b3450e1a-5f33-4052-9eaa-c971faf13239,2595.0,2595.0,0.0,2595.0,2595.0,0.0,0.0,0.0,1.0
b34703c3-73ec-4a06-aca4-09b5e64cbfc4,10900.0,10900.0,0.0,10900.0,10900.0,0.0,0.0,0.0,1.0
b348d382-bdf4-4777-afab-4987cbb1091f,395.0,395.0,0.0,395.0,395.0,0.0,0.0,0.0,1.0
b358c793-77aa-4a4c-9c8d-f04122f10c26,5900.0,5900.0,0.0,5900.0,5900.0,0.0,0.0,0.0,1.0
b35922f2-7074-4894-8268-f46901153726,3295.0,3295.0,0.0,3295.0,3295.0,0.0,0.0,0.0,1.0
b3606664-c311-4892-aca3-106ba73b0257,4295.0,4295.0,0.0,4295.0,4295.0,0.0,0.0,0.0,1.0
b36333ec-bef9-494f-a7c8-036442da3329,55.0,55.0,0.0,55.0,55.0,0.0,0.0,0.0,1.0
b3635411-5348-4cf6-a103-bd48075942e2,495.0,495.0,0.0,495.0,495.0,0.0,0.0,0.0,1.0
b365179e-89a2-4063-80d8-029ca904dfd4,1295.0,1295.0,0.0,1295.0,1295.0,0.0,0.0,0.0,1.0
b373ed9c-53bd-4be0-8b1d-4418108257a9,5495.0,5495.0,0.0,5495.0,5495.0,0.0,0.0,0.0,1.0
b3849548-c41d-435d-817a-c03d1e413e17,3995.0,3995.0,0.0,3995.0,3995.0,0.0,0.0,0.0,1.0
b390fd9c-5caf-413f-9a94-15fd4bdd6d81,395.0,395.0,0.0,395.0,395.0,0.0,0.0,0.0,1.0
b3a779e7-5817-4989-a0d1-f63b667c15b5,1650.0,1650.0,0.0,1650.0,1650.0,0.0,0.0,0.0,1.0
b3af71d2-63af-4163-b3fd-ebdd87955ad8,445.0,445.0,0.0,445.0,445.0,0.0,0.0,0.0,1.0
b3b586b4-190b-4ece-86e0-bc54102d833c,29900.0,29900.0,0.0,29900.0,29900.0,0.0,0.0,0.0,1.0
b3bad8a5-22c0-4450-8a42-7f3f888e21b6,2295.0,2295.0,0.0,2295.0,2295.0,0.0,0.0,0.0,1.0
b3c13e59-7662-4231-86c4-f578abefca39,7995.0,7995.0,0.0,7995.0,7995.0,0.0,0.0,0.0,1.0
b3cb10ee-1635-4c4c-91f1-aaaf4416b7f5,11900.0,11900.0,0.0,11900.0,11900.0,0.0,0.0,0.0,1.0
b3cfd792-207c-473c-b603-3457f2bbd102,95.0,95.0,0.0,95.0,95.0,0.0,0.0,0.0,1.0
b3d781e3-af6e-46b9-86df-9932acab0bc1,2895.0,2895.0,0.0,2895.0,2895.0,0.0,0.0,0.0,1.0
b3d8544c-5252-418b-a8b4-8d1139b1655e,495.0,495.0,0.0,495.0,495.0,0.0,0.0,0.0,1.0
b3dd9252-5c12-4d89-89bc-a11284730571,15900.0,15900.0,0.0,15900.0,15900.0,0.0,0.0,0.0,1.0
b3e33f93-44a4-4577-a05c-4f21cf2f4263,1840.0,1840.0,0.0,1840.0,1840.0,0.0,0.0,0.0,1.0
b3e436db-c06a-4b99-81c8-4e50cec9a389,13900.0,13900.0,0.0,13900.0,13900.0,0.0,0.0,0.0,1.0
b3eb5eb3-f01b-4b5a-8a4e-be39cf96538c,1995.0,1995.0,0.0,1995.0,1995.0,0.0,0.0,0.0,1.0
b3ec67c4-088a-48bc-9819-6d2e437ed6e3,695.0,695.0,0.0,695.0,695.0,0.0,0.0,0.0,1.0
b3f0ec82-f0f9-41d5-9764-2482a6143c1c,1595.0,1595.0,0.0,1595.0,1595.0,0.0,0.0,0.0,1.0
b3f90d85-d937-4cb0-86d4-99edac7de85a,1795.0,1795.0,0.0,1795.0,1795.0,0.0,0.0,0.0,1.0
b3f91ae2-d8e0-454f-b749-d509552c9be3,1295.0,1295.0,0.0,1295.0,1295.0,0.0,0.0,0.0,1.0
b3f9895d-57de-4d16-b6d4-03014f22db84,15900.0,15900.0,0.0,15900.0,15900.0,0.0,0.0,0.0,1.0
b3fb30f1-9241-4e3d-92ec-bcfce3cb0f38,8800.0,8800.0,0.0,8800.0,8800.0,0.0,0.0,0.0,1.0
b3ff8311-dc93-436e-87f3-e3192aa8cb00,545.0,545.0,0.0,545.0,545.0,0.0,0.0,0.0,1.0
b4008cf7-7986-4070-be38-438f635d1c24,3595.0,3595.0,0.0,3595.0,3595.0,0.0,0.0,0.0,1.0
b402676e-4196-4948-b2d9-2c860ddbe686,2575.0,2575.0,0.0,2575.0,2575.0,0.0,0.0,0.0,1.0
b403b04d-4678-4c48-85d7-a0ed18d802e7,49900.0,49900.0,0.0,49900.0,49900.0,0.0,0.0,0.0,1.0
b409215e-a23b-4510-8f81-17b7ea9624df,845.0,845.0,0.0,845.0,845.0,0.0,0.0,0.0,1.0
b40c84dc-0c15-4d13-af4f-09a5321ec98b,13900.0,13900.0,0.0,13900.0,13900.0,0.0,0.0,0.0,1.0
b40ccf25-0f50-4b98-8f56-8615e01cf99f,895.0,895.0,0.0,895.0,895.0,0.0,0.0,0.0,1.0
b4124d07-5274-4f91-8e7d-c82c903a9056,495.0,495.0,0.0,495.0,495.0,0.0,0.0,0.0,1.0
b41a4c01-7470-4009-b917-35b39ae95f74,65.0,65.0,0.0,65.0,65.0,0.0,0.0,0.0,1.0
b41d906c-91b1-4121-ba23-7a22ab1eea66,10500.0,10500.0,0.0,10500.0,10500.0,0.0,0.0,0.0,1.0
b42531f0-f2bc-4cae-a551-800fd76114d5,5495.0,5495.0,0.0,5495.0,5495.0,0.0,0.0,0.0,1.0
b42d1e32-2945-4441-af7b-1c71157f93a9,1295.0,1295.0,0.0,1295.0,1295.0,0.0,0.0,0.0,1.0
b43266b2-20fb-4230-919d-4f4367deccd8,39900.0,39900.0,0.0,39900.0,39900.0,0.0,0.0,0.0,1.0
b443b8b3-0a6f-49ea-aaca-8f4e63ef133f,3595.0,3595.0,0.0,3595.0,3595.0,0.0,0.0,0.0,1.0
b445e53c-030f-44b4-b665-b7db2d171a9e,1395.0,1395.0,0.0,1395.0,1395.0,0.0,0.0,0.0,1.0
b44b2e70-9138-476b-bbc8-7317a879984f,1999.0,1999.0,0.0,1999.0,1999.0,0.0,0.0,0.0,1.0
b44f009a-2f87-4775-a705-ce70792cde7e,4440.0,4440.0,0.0,4440.0,4440.0,0.0,0.0,0.0,1.0
b44f218f-b688-4ce3-9851-a67e78da737d,4395.0,4395.0,0.0,4395.0,4395.0,0.0,0.0,0.0,1.0
b4559d96-4181-4638-8f82-920645c23312,2495.0,2495.0,0.0,2495.0,2495.0,0.0,0.0,0.0,1.0
b458902c-66ea-4541-9e28-7a1349e3741c,1650.0,1650.0,0.0,1650.0,1650.0,0.0,0.0,0.0,1.0
b45ae5f6-2736-4f27-9414-6c0babcc7327,2150.0,2150.0,0.0,2150.0,2150.0,0.0,0.0,0.0,1.0
b45cddf4-276c-4410-868a-c33a8d2a464e,5190.0,5190.0,0.0,5190.0,5190.0,0.0,0.0,0.0,1.0
b4624624-41f2-4f30-8215-bca88a9c3466,49900.0,49900.0,0.0,49900.0,49900.0,0.0,0.0,0.0,1.0
b4662ac5-6dc2-4bb6-9908-326101104729,42900.0,42900.0,0.0,42900.0,42900.0,0.0,0.0,0.0,1.0
b4711178-ed05-4542-bc30-838b41ab730a,2500.0,2500.0,0.0,2500.0,2500.0,0.0,0.0,0.0,1.0
b474a079-a378-49b4-bc7d-8111ca35fd84,12900.0,12900.0,0.0,12900.0,12900.0,0.0,0.0,0.0,1.0
b4750858-4120-4d8a-b846-a89395ae9e0e,44900.0,44900.0,0.0,44900.0,44900.0,0.0,0.0,0.0,1.0
b4770b36-43e1-4f48-ba25-d0bb9069005e,5295.0,5295.0,0.0,5295.0,5295.0,0.0,0.0,0.0,1.0
b47e24f8-97d5-4520-a545-e7bef61133cf,1695.0,1695.0,0.0,1695.0,1695.0,0.0,0.0,0.0,1.0
b486c08d-3e55-49cc-9a2a-c10c4aed38a2,1095.0,1095.0,0.0,1095.0,1095.0,0.0,0.0,0.0,1.0
b488b26d-b08d-49d5-af3c-3917a891f1e2,5495.0,5495.0,0.0,5495.0,5495.0,0.0,0.0,0.0,1.0
b48a5945-b8f9-4bd5-b34e-5ef0f9b71ce7,1095.0,1095.0,0.0,1095.0,1095.0,0.0,0.0,0.0,1.0
b48ceae4-6244-4825-ae53-2da5652fb786,9900.0,9900.0,0.0,9900.0,9900.0,0.0,0.0,0.0,1.0
b48d57c9-524d-4145-83b0-835d0d87e6e0,16900.0,16900.0,0.0,16900.0,16900.0,0.0,0.0,0.0,1.0
b48dcb24-e08e-4101-80b9-e96d1a711eac,949.0,949.0,0.0,949.0,949.0,0.0,0.0,0.0,1.0
b494a97e-ad11-49d5-a378-d713b1712034,35900.0,35900.0,0.0,35900.0,35900.0,0.0,0.0,0.0,1.0
b4ac7222-c79c-40b1-9178-cdd34bc9ecc8,5500.0,5500.0,0.0,5500.0,5500.0,0.0,0.0,0.0,1.0
b4b7a38d-cd36-49ef-a990-e1198629b95e,4440.0,4440.0,0.0,4440.0,4440.0,0.0,0.0,0.0,1.0
b4bee471-b156-4e57-b14b-0b9e3ffc8d45,12900.0,12900.0,0.0,12900.0,12900.0,0.0,0.0,0.0,1.0
b4e4f331-2a8a-4b99-8c5e-25fe0c3bdbe3,5995.0,5995.0,0.0,5995.0,5995.0,0.0,0.0,0.0,1.0
b4e5f7fb-fc07-46f5-a044-4d93c65f0961,960.0,960.0,0.0,960.0,960.0,0.0,0.0,0.0,1.0
b4f0c5d8-3707-4c33-8c9c-b9e42a0fa3a3,13900.0,13900.0,0.0,13900.0,13900.0,0.0,0.0,0.0,1.0
b4fb21b8-cc27-425d-8a74-3b8c7571ebf0,195.0,195.0,0.0,195.0,195.0,0.0,0.0,0.0,1.0
b5015add-3e13-4454-a9a5-ef5b604bbb2b,445.0,445.0,0.0,445.0,445.0,0.0,0.0,0.0,1.0
b503fc2e-e946-4015-a064-157d89120545,14900.0,14900.0,0.0,14900.0,14900.0,0.0,0.0,0.0,1.0
b5159fd4-dce6-4361-b6f9-78d5c31d1ad7,10500.0,10500.0,0.0,10500.0,10500.0,0.0,0.0,0.0,1.0
b5173b7a-5482-46a2-9f8c-23dcf14288c2,12900.0,12900.0,0.0,12900.0,12900.0,0.0,0.0,0.0,1.0
b520daa6-a062-4aba-8fc9-eb00f711eeb1,695.0,695.0,0.0,695.0,695.0,0.0,0.0,0.0,1.0
b5219b96-10c7-4c5c-9d4b-b5957767b83d,215.0,215.0,0.0,215.0,215.0,0.0,0.0,0.0,1.0
b524d93b-3dee-436c-9691-83b8fc07859f,3650.0,3650.0,0.0,3650.0,3650.0,0.0,0.0,0.0,1.0
b52875ad-84a1-4036-89e5-83a32b62ecaa,9900.0,9900.0,0.0,9900.0,9900.0,0.0,0.0,0.0,1.0
b53e389e-36e4-464c-9952-9d66e4341f3e,9900.0,9900.0,0.0,9900.0,9900.0,0.0,0.0,0.0,1.0
b53e4a38-0bb7-4f2e-8cf5-f8e09d126498,2015.0,2015.0,0.0,2015.0,2015.0,0.0,0.0,0.0,1.0
b54449ce-f882-4d83-ac27-615b2d5b2f8f,23900.0,23900.0,0.0,23900.0,23900.0,0.0,0.0,0.0,1.0
b547169b-3bf0-41bc-b858-d17776603431,675.0,675.0,0.0,675.0,675.0,0.0,0.0,0.0,1.0
b54dcd09-cccc-4a4d-b1b2-f2d8abf71a90,375.0,375.0,0.0,375.0,375.0,0.0,0.0,0.0,1.0
b55528a7-65a2-4eef-987f-283f344c1e3f,13900.0,13900.0,0.0,13900.0,13900.0,0.0,0.0,0.0,1.0
b5563321-8f75-4c6d-90a7-09a8c32a080d,32900.0,32900.0,0.0,32900.0,32900.0,0.0,0.0,0.0,1.0
b55c90aa-9277-4cf5-92f4-69862852011f,6495.0,6495.0,0.0,6495.0,6495.0,0.0,0.0,0.0,1.0
b55d1d6b-815a-4c57-a9c0-e7008cce70fe,89.0,89.0,0.0,89.0,89.0,0.0,0.0,0.0,1.0
b56923c3-ea94-42ba-bd30-1616f3ad3391,2495.0,2495.0,0.0,2495.0,2495.0,0.0,0.0,0.0,1.0
b56cbca9-f953-4f50-bc32-d0ddcfe6bdc5,575.0,575.0,0.0,575.0,575.0,0.0,0.0,0.0,1.0
b5721d9f-e674-4e61-9872-738b5c534ab3,5750.0,5750.0,0.0,5750.0,5750.0,0.0,0.0,0.0,1.0
b5746469-9391-4466-b4f9-fbacfdc9bb23,5995.0,5995.0,0.0,5995.0,5995.0,0.0,0.0,0.0,1.0
b57685cb-af07-4834-81c3-2c77d4c9e41c,1650.0,1650.0,0.0,1650.0,1650.0,0.0,0.0,0.0,1.0
b57e6f8a-6bda-4d74-839f-e2d77157ba44,3110.0,3110.0,0.0,3110.0,3110.0,0.0,0.0,0.0,1.0
b58b1cd9-bf48-46b3-ac3e-5f884e7abff0,3395.0,3395.0,0.0,3395.0,3395.0,0.0,0.0,0.0,1.0
b58ee8d7-b429-42fa-99ce-3992a812a342,895.0,895.0,0.0,895.0,895.0,0.0,0.0,0.0,1.0
b591484c-7593-423e-8f6d-d5c629ae2a89,880.0,880.0,0.0,880.0,880.0,0.0,0.0,0.0,1.0
b595a67c-0373-4bec-a5eb-ed0e42fe239b,195.0,195.0,0.0,195.0,195.0,0.0,0.0,0.0,1.0
b5a0865f-3a61-481b-9ae9-f2f3389d2f12,3100.0,3100.0,0.0,3100.0,3100.0,0.0,0.0,0.0,1.0
b5b140f3-8bfb-4925-8a39-c7676835bec4,495.0,495.0,0.0,495.0,495.0,0.0,0.0,0.0,1.0
b5d13e35-9109-4d93-b396-28ad86461f02,1995.0,1995.0,0.0,1995.0,1995.0,0.0,0.0,0.0,1.0
b5d34632-d27c-4d21-a2ef-40316a82f44a,5130.0,5130.0,0.0,5130.0,5130.0,0.0,0.0,0.0,1.0
b5d4478a-6d3d-4f10-80d0-555738f94788,695.0,695.0,0.0,695.0,695.0,0.0,0.0,0.0,1.0
b5e584d3-fb5e-4bbe-aed8-0668c7cafc11,1499.0,1499.0,0.0,1499.0,1499.0,0.0,0.0,0.0,1.0
b5e63ec2-7def-4a01-b490-c86b09a710cc,9900.0,9900.0,0.0,9900.0,9900.0,0.0,0.0,0.0,1.0
b5e98afe-c97c-4b3c-8ecb-eb8f9300b2a1,16900.0,16900.0,0.0,16900.0,16900.0,0.0,0.0,0.0,1.0
b5f22bdf-6aeb-45d8-aa19-a45b108eb359,4340.0,4340.0,0.0,4340.0,4340.0,0.0,0.0,0.0,1.0
b600a518-a6b5-4f26-9f7e-24f498b1065a,395.0,395.0,0.0,395.0,395.0,0.0,0.0,0.0,1.0
b603b776-acab-4968-a7e2-cef3581cbb22,37900.0,37900.0,0.0,37900.0,37900.0,0.0,0.0,0.0,1.0
b6080978-9b6e-4ae6-b549-cd97f8ae2ef3,2295.0,2295.0,0.0,2295.0,2295.0,0.0,0.0,0.0,1.0
b6095653-314a-4b50-a177-84452381c03f,2995.0,2995.0,0.0,2995.0,2995.0,0.0,0.0,0.0,1.0
b611b53c-da39-4ea2-b0b5-05d497a79c4a,1095.0,1095.0,0.0,1095.0,1095.0,0.0,0.0,0.0,1.0
b612feab-a961-416c-bd96-fd5bce1e2ab3,105.0,105.0,0.0,105.0,105.0,0.0,0.0,0.0,1.0
b61dfd28-0d57-44e3-80e4-224dde9c291d,545.0,545.0,0.0,545.0,545.0,0.0,0.0,0.0,1.0
b61f5aeb-adb0-4a81-b04e-8126f73578a6,460.0,460.0,0.0,460.0,460.0,0.0,0.0,0.0,1.0
b627f96f-eed0-4a58-90fa-e5ae5a5d7cb2,695.0,695.0,0.0,695.0,695.0,0.0,0.0,0.0,1.0
b6309964-1066-4981-a177-547f3360047d,19900.0,19900.0,0.0,19900.0,19900.0,0.0,0.0,0.0,1.0
b635f693-bfb9-4596-9f64-0572eba99aae,7495.0,7495.0,0.0,7495.0,7495.0,0.0,0.0,0.0,1.0
b636f921-9101-4108-9bd2-e6043a0fda3a,1650.0,1650.0,0.0,1650.0,1650.0,0.0,0.0,0.0,1.0
b63c15ca-f497-4296-bc33-2f0d8d96c21d,5495.0,5495.0,0.0,5495.0,5495.0,0.0,0.0,0.0,1.0
b63c1958-ec92-4a50-8e86-85afa38f89ba,1950.0,1950.0,0.0,1950.0,1950.0,0.0,0.0,0.0,1.0
b63e0211-f9af-47a5-ad3f-88856a62fba5,7495.0,7495.0,0.0,7495.0,7495.0,0.0,0.0,0.0,1.0
b64632ca-6bb8-4bc2-b971-021a75ae3374,3300.0,3300.0,0.0,3300.0,3300.0,0.0,0.0,0.0,1.0
b648c006-793b-4637-a79f-72e661634a8e,1895.0,1895.0,0.0,1895.0,1895.0,0.0,0.0,0.0,1.0
b64a635e-3d0d-434e-b5b3-dd43a9cc1d78,7495.0,7495.0,0.0,7495.0,7495.0,0.0,0.0,0.0,1.0
b66cd456-083e-45c7-b5cd-fbf983de6fd5,29900.0,29900.0,0.0,29900.0,29900.0,0.0,0.0,0.0,1.0
b6726ae8-8fe1-4b6f-a397-d444b97cc56c,745.0,745.0,0.0,745.0,745.0,0.0,0.0,0.0,1.0
b68a9b2d-ad62-49cb-8106-8ca0109cac8b,49900.0,49900.0,0.0,49900.0,49900.0,0.0,0.0,0.0,1.0
b68db8ed-2225-489f-849d-af2e885b57cb,13900.0,13900.0,0.0,13900.0,13900.0,0.0,0.0,0.0,1.0
b6956f59-342e-4239-afe7-518fb8d8189a,3260.0,3260.0,0.0,3260.0,3260.0,0.0,0.0,0.0,1.0
b6a764ca-72b4-47d5-947a-6daa1beae1f9,1195.0,1195.0,0.0,1195.0,1195.0,0.0,0.0,0.0,1.0
b6b2f903-11b3-4134-b5ed-be9b30580279,7995.0,7995.0,0.0,7995.0,7995.0,0.0,0.0,0.0,1.0
b6b4b4c1-0744-4bdf-b279-e1f042931d8d,2700.0,2700.0,0.0,2700.0,2700.0,0.0,0.0,0.0,1.0
b6cd8069-a90a-4085-932a-72e6866389e5,14900.0,14900.0,0.0,14900.0,14900.0,0.0,0.0,0.0,1.0
b6d54779-c6cb-45d3-86a0-df54d505b6ed,10900.0,10900.0,0.0,10900.0,10900.0,0.0,0.0,0.0,1.0
b6da0be4-1d88-4b50-874c-165b6b252dd0,3995.0,3995.0,0.0,3995.0,3995.0,0.0,0.0,0.0,1.0
b6da5b64-1bbd-42c4-940d-a93ecf60ae1f,1895.0,1895.0,0.0,1895.0,1895.0,0.0,0.0,0.0,1.0
b6dbd2a8-e0fb-4274-b626-1ac6f1e2e558,695.0,695.0,0.0,695.0,695.0,0.0,0.0,0.0,1.0
b6e0ec83-4fe2-4a97-a0ff-5914deaebf97,15900.0,15900.0,0.0,15900.0,15900.0,0.0,0.0,0.0,1.0
b6e3accb-3807-4c3b-ae2c-1d51afe32bbc,23900.0,23900.0,0.0,23900.0,23900.0,0.0,0.0,0.0,1.0
b6e51b5f-7f72-4dd9-b41e-6177e74bf01c,6995.0,6995.0,0.0,6995.0,6995.0,0.0,0.0,0.0,1.0
b6e53c5e-2d53-46de-b3e4-9285adc72e4a,25900.0,25900.0,0.0,25900.0,25900.0,0.0,0.0,0.0,1.0
b6ea3fc8-de02-42fa-97eb-f42da89ef44f,7900.0,7900.0,0.0,7900.0,7900.0,0.0,0.0,0.0,1.0
b6edf924-4d49-4c6e-9d3d-4dc04813037e,45.0,45.0,0.0,45.0,45.0,0.0,0.0,0.0,1.0
b6fea139-af99-41fd-9933-612e3778ea95,595.0,595.0,0.0,595.0,595.0,0.0,0.0,0.0,1.0
b714a41c-946f-43be-bc32-29f9677589be,1595.0,1595.0,0.0,1595.0,1595.0,0.0,0.0,0.0,1.0
b721c459-3643-46ee-bb09-49d411b23064,1900.0,1900.0,0.0,1900.0,1900.0,0.0,0.0,0.0,1.0
b7227165-fd0e-42f9-a0b7-cadfb10d67e0,2200.0,2200.0,0.0,2200.0,2200.0,0.0,0.0,0.0,1.0
b72d994b-ce6d-4e74-8655-a2cd8274b30e,16900.0,16900.0,0.0,16900.0,16900.0,0.0,0.0,0.0,1.0
b732a389-c12d-4449-8c3f-8bed57d8e92f,6900.0,6900.0,0.0,6900.0,6900.0,0.0,0.0,0.0,1.0
b73bd52b-02d5-4e43-9deb-3efbd2a509ca,8495.0,8495.0,0.0,8495.0,8495.0,0.0,0.0,0.0,1.0
b73cb774-7206-43e1-b7f5-64c26a47c61b,1650.0,1650.0,0.0,1650.0,1650.0,0.0,0.0,0.0,1.0
b73d3265-3f31-4d3e-9264-fb8c633b5b25,490.0,490.0,0.0,490.0,490.0,0.0,0.0,0.0,1.0
b741bd7e-b4d2-4e13-936e-abfa6b7f5149,1795.0,1795.0,0.0,1795.0,1795.0,0.0,0.0,0.0,1.0
b7428c96-b80f-4fb5-bbaf-7c792361af36,15900.0,15900.0,0.0,15900.0,15900.0,0.0,0.0,0.0,1.0
b743c7e3-f454-435b-8910-ce6a5f026815,15500.0,15500.0,0.0,15500.0,15500.0,0.0,0.0,0.0,1.0
b74494dd-e788-426d-ba5a-925091cd59d0,7995.0,7995.0,0.0,7995.0,7995.0,0.0,0.0,0.0,1.0
b748a3f7-aab9-4a58-8b11-221f8be045a8,395.0,395.0,0.0,395.0,395.0,0.0,0.0,0.0,1.0
b74c3053-e8dc-474f-a0d3-e0d08cc319c5,2695.0,2695.0,0.0,2695.0,2695.0,0.0,0.0,0.0,1.0
b75593e5-8782-4ddd-b212-208a762f01f7,37900.0,37900.0,0.0,37900.0,37900.0,0.0,0.0,0.0,1.0
b756fb3a-84ff-4d5d-bd16-99bb5304896a,9900.0,9900.0,0.0,9900.0,9900.0,0.0,0.0,0.0,1.0
b759b05b-11bd-44e5-b188-fadd6e77d4ce,1195.0,1195.0,0.0,1195.0,1195.0,0.0,0.0,0.0,1.0
b75ab4b3-4cc4-4eaa-90d4-4fcd2c106ed0,1045.0,1045.0,0.0,1045.0,1045.0,0.0,0.0,0.0,1.0
b75c65e3-89a1-4ea2-bfb1-533b8f371962,4995.0,4995.0,0.0,4995.0,4995.0,0.0,0.0,0.0,1.0
b75ec766-94a2-421b-89ab-77e914b7750c,9900.0,9900.0,0.0,9900.0,9900.0,0.0,0.0,0.0,1.0
b760d45b-ae42-4ea9-91c9-6d4b18756b4e,295.0,295.0,0.0,295.0,295.0,0.0,0.0,0.0,1.0
b772c5d9-d0a4-4a6b-97b1-a652f2f70fb9,10900.0,10900.0,0.0,10900.0,10900.0,0.0,0.0,0.0,1.0
b772de73-bb78-4192-b3bd-9f1eee65ad65,595.0,595.0,0.0,595.0,595.0,0.0,0.0,0.0,1.0
b7735366-f097-4ab2-a239-a5c4ecd057b9,895.0,895.0,0.0,895.0,895.0,0.0,0.0,0.0,1.0
b77c2d46-ac12-4093-a3bd-9ce31c7eb0c5,14900.0,14900.0,0.0,14900.0,14900.0,0.0,0.0,0.0,1.0
b781d5bc-e55b-44ea-8806-5a33f046cb04,4050.0,4050.0,0.0,4050.0,4050.0,0.0,0.0,0.0,1.0
b785e26a-071b-4ba2-ac1f-65c139b3f10b,795.0,795.0,0.0,795.0,795.0,0.0,0.0,0.0,1.0
b78b22d1-7282-43da-8fa9-d0f10663b26d,1195.0,1195.0,0.0,1195.0,1195.0,0.0,0.0,0.0,1.0
b790a514-d635-4454-aae1-60a4fe9c1caa,1050.0,1050.0,0.0,1050.0,1050.0,0.0,0.0,0.0,1.0
b7ad1e5b-fc61-4719-bd93-b8813e5ab1c3,1495.0,1495.0,0.0,1495.0,1495.0,0.0,0.0,0.0,1.0
b7b3944e-78c5-4c66-a718-6dbeac9a4a11,1095.0,1095.0,0.0,1095.0,1095.0,0.0,0.0,0.0,1.0
b7b6fa3c-4f4e-482f-96e8-3d788d3b6ca3,1245.0,1245.0,0.0,1245.0,1245.0,0.0,0.0,0.0,1.0
b7b838e9-0181-4b6a-8627-59210144ba3c,3595.0,3595.0,0.0,3595.0,3595.0,0.0,0.0,0.0,1.0
b7bd267c-08da-4b8f-a558-d59d8fd71f82,545.0,545.0,0.0,545.0,545.0,0.0,0.0,0.0,1.0
b7d7526a-92ad-4719-8585-2e04fdfaa68b,54900.0,54900.0,0.0,54900.0,54900.0,0.0,0.0,0.0,1.0
b7d7c845-5223-405d-9518-383eb9a9537a,1050.0,1050.0,0.0,1050.0,1050.0,0.0,0.0,0.0,1.0
b7f7d0d5-e822-4742-a235-c3349e7e5654,3150.0,3150.0,0.0,3150.0,3150.0,0.0,0.0,0.0,1.0
b7f84003-1e35-4e87-be09-3afe141b7ec1,1499.0,1499.0,0.0,1499.0,1499.0,0.0,0.0,0.0,1.0
b7fd8571-2e35-44ed-a846-cc59e26c637b,2350.0,2350.0,0.0,2350.0,2350.0,0.0,0.0,0.0,1.0
b7fee640-5d2e-4707-932e-b3eb27d96ea5,450.0,450.0,0.0,450.0,450.0,0.0,0.0,0.0,1.0
b812c1c1-7363-4bb2-af1c-3660860de741,645.0,645.0,0.0,645.0,645.0,0.0,0.0,0.0,1.0
b8144485-0d42-49d5-ae20-6c9f0ee3e24d,3695.0,3695.0,0.0,3695.0,3695.0,0.0,0.0,0.0,1.0
b815b004-988b-416d-8282-492ef2ff2b0c,2390.0,2390.0,0.0,2390.0,2390.0,0.0,0.0,0.0,1.0
b817557f-03c2-45b3-99eb-75d139c8cb94,1530.0,1530.0,0.0,1530.0,1530.0,0.0,0.0,0.0,1.0
b8189338-3618-49a1-9cc6-e37074cf8e5c,7500.0,7500.0,0.0,7500.0,7500.0,0.0,0.0,0.0,1.0
b818e4bb-1d95-49b7-acc0-50eef1c644ae,1520.0,1520.0,0.0,1520.0,1520.0,0.0,0.0,0.0,1.0
b83426ef-d779-4fc7-af5b-33f2b70f519e,13900.0,13900.0,0.0,13900.0,13900.0,0.0,0.0,0.0,1.0
b848a057-ab08-4021-acad-32488114d720,845.0,845.0,0.0,845.0,845.0,0.0,0.0,0.0,1.0
b84a5b1c-41bf-4f59-8823-adc3834ec921,45.0,45.0,0.0,45.0,45.0,0.0,0.0,0.0,1.0
b8514610-d217-4df4-8724-c34ae4ece7b1,6750.0,6750.0,0.0,6750.0,6750.0,0.0,0.0,0.0,1.0
b85e6b07-e997-4531-928f-d8d4f58ccbd2,12900.0,12900.0,0.0,12900.0,12900.0,0.0,0.0,0.0,1.0
b868fa73-788c-4537-8b27-06a059988f50,695.0,695.0,0.0,695.0,695.0,0.0,0.0,0.0,1.0
b86990c4-0c9f-4370-b2b1-a263fc632243,5495.0,5495.0,0.0,5495.0,5495.0,0.0,0.0,0.0,1.0
b873c565-2aaf-40b2-8337-753340c76e03,1499.0,1499.0,0.0,1499.0,1499.0,0.0,0.0,0.0,1.0
b8777be2-9fe7-4a3c-990e-797a5c502bda,335.0,335.0,0.0,335.0,335.0,0.0,0.0,0.0,1.0
b888d24a-5aba-4433-b0cd-fc3cd9ef3361,4995.0,4995.0,0.0,4995.0,4995.0,0.0,0.0,0.0,1.0
b89123ee-6ee4-4c52-8480-80880c2610d5,3210.0,3210.0,0.0,3210.0,3210.0,0.0,0.0,0.0,1.0
b89ca47a-984f-4399-b5d0-c7c338fb22b4,6995.0,6995.0,0.0,6995.0,6995.0,0.0,0.0,0.0,1.0
b89ee39a-8641-489f-b571-520bb93977b5,2850.0,2850.0,0.0,2850.0,2850.0,0.0,0.0,0.0,1.0
b8ab063d-d7d9-47f3-975d-16fbf0c3b2e4,17900.0,17900.0,0.0,17900.0,17900.0,0.0,0.0,0.0,1.0
b8ab4c33-1e91-46d4-b7ce-75b49c1d10d8,34900.0,34900.0,0.0,34900.0,34900.0,0.0,0.0,0.0,1.0
b8b082c2-1a98-4219-adee-921bbf9cd04e,995.0,995.0,0.0,995.0,995.0,0.0,0.0,0.0,1.0
b8b1b05f-b372-42ea-84a7-805c9632474e,175.0,175.0,0.0,175.0,175.0,0.0,0.0,0.0,1.0
b8b35cbe-2801-458b-89e6-351b9b17b3ba,4595.0,4595.0,0.0,4595.0,4595.0,0.0,0.0,0.0,1.0
b8c04657-5178-4655-9cc0-ad96bee3fa9e,640.0,640.0,0.0,640.0,640.0,0.0,0.0,0.0,1.0
b8c24d57-4321-4465-9e50-c974e36a2e4b,635.0,635.0,0.0,635.0,635.0,0.0,0.0,0.0,1.0
b8c5a147-5dac-4884-a0c0-84c0a53c537c,2480.0,2480.0,0.0,2480.0,2480.0,0.0,0.0,0.0,1.0
b8c642f3-c521-4d92-b20a-d490283fcd49,1795.0,1795.0,0.0,1795.0,1795.0,0.0,0.0,0.0,1.0
b8c7ca64-b08e-43ac-b852-91ade10a7217,23900.0,23900.0,0.0,23900.0,23900.0,0.0,0.0,0.0,1.0
b8c9f25e-ac38-4f08-9aed-f009280aaa74,2195.0,2195.0,0.0,2195.0,2195.0,0.0,0.0,0.0,1.0
b8ccc2d6-d364-4865-8a4d-af92a65e39b1,460.0,460.0,0.0,460.0,460.0,0.0,0.0,0.0,1.0
b8d1869a-ce25-4a7d-89ea-278453e92123,2295.0,2295.0,0.0,2295.0,2295.0,0.0,0.0,0.0,1.0
b8daae83-dac1-4b00-a4b8-9c10b1aa3ef6,7900.0,7900.0,0.0,7900.0,7900.0,0.0,0.0,0.0,1.0
b8e0bf65-d740-4436-a69b-715a77298e84,20900.0,20900.0,0.0,20900.0,20900.0,0.0,0.0,0.0,1.0
b8e274bd-88b5-431d-9e13-1ce7dcc0fd06,4295.0,4295.0,0.0,4295.0,4295.0,0.0,0.0,0.0,1.0
b8e85b60-e13f-4490-8917-8545639c07a9,17500.0,17500.0,0.0,17500.0,17500.0,0.0,0.0,0.0,1.0
b8f02c5a-8540-4d4f-b103-1886d687cdd0,2800.0,2800.0,0.0,2800.0,2800.0,0.0,0.0,0.0,1.0
b8f5d274-2304-498f-b621-eb7ee950a528,2895.0,2895.0,0.0,2895.0,2895.0,0.0,0.0,0.0,1.0
b9070ae0-f0de-4408-b854-2d3df3509df2,120.0,120.0,0.0,120.0,120.0,0.0,0.0,0.0,1.0
b90dc61a-074e-44d5-a0e6-8ecd165e6eb7,12500.0,12500.0,0.0,12500.0,12500.0,0.0,0.0,0.0,1.0
b9161eae-1977-4014-932e-bd364248fd80,895.0,895.0,0.0,895.0,895.0,0.0,0.0,0.0,1.0
b91ef56f-945a-4fc6-b140-ba225bdd2f82,17900.0,17900.0,0.0,17900.0,17900.0,0.0,0.0,0.0,1.0
b923c2f4-1dad-4ac9-b64d-dd5e91bb3734,3795.0,3795.0,0.0,3795.0,3795.0,0.0,0.0,0.0,1.0
b924faf6-d97f-4256-a109-5f86c3ca9c05,3799.0,3799.0,0.0,3799.0,3799.0,0.0,0.0,0.0,1.0
b9255b7f-8ae1-41ac-ad26-f3800afee33d,2695.0,2695.0,0.0,2695.0,2695.0,0.0,0.0,0.0,1.0
b9265905-aee7-4c26-92ce-09a868bc8698,5500.0,5500.0,0.0,5500.0,5500.0,0.0,0.0,0.0,1.0
b93186ac-dd18-453f-8c42-7ebf3b3a65a0,34900.0,34900.0,0.0,34900.0,34900.0,0.0,0.0,0.0,1.0
b932ffe5-4ff1-48c5-be03-58116e7411d4,3799.0,3799.0,0.0,3799.0,3799.0,0.0,0.0,0.0,1.0
b942b7b7-ef77-4480-a6da-e58a87a95353,3100.0,3100.0,0.0,3100.0,3100.0,0.0,0.0,0.0,1.0
b94dd236-e197-4b1a-a9f9-987c0a7f473b,1995.0,1995.0,0.0,1995.0,1995.0,0.0,0.0,0.0,1.0
b9570fc6-bfd2-4ba8-8d7c-02e1d0f211ca,2000.0,2000.0,0.0,2000.0,2000.0,0.0,0.0,0.0,1.0
b9598354-ee7e-43aa-9147-d74494c86acc,995.0,995.0,0.0,995.0,995.0,0.0,0.0,0.0,1.0
b959e66e-0c08-49fd-b3cc-0c64058474b5,2850.0,2850.0,0.0,2850.0,2850.0,0.0,0.0,0.0,1.0
b961cfa2-7ea1-4c60-9a93-af1e7862c601,7500.0,7500.0,0.0,7500.0,7500.0,0.0,0.0,0.0,1.0
b963d4fa-c8df-48ed-b75b-61eb4c9e717a,225.0,225.0,0.0,225.0,225.0,0.0,0.0,0.0,1.0
b9717076-92a0-4175-a39b-dadb5246edcf,115.0,115.0,0.0,115.0,115.0,0.0,0.0,0.0,1.0
b973244b-e9db-4bf3-ae73-abb588ff6e94,16900.0,16900.0,0.0,16900.0,16900.0,0.0,0.0,0.0,1.0
b97be8c5-21f2-4f05-a688-5f608e31d047,745.0,745.0,0.0,745.0,745.0,0.0,0.0,0.0,1.0
b9808714-cd1b-4083-8113-2720c68391f2,415.0,415.0,0.0,415.0,415.0,0.0,0.0,0.0,1.0
b98ec277-8ad4-453f-a8ef-60c050aacdb6,2815.0,2815.0,0.0,2815.0,2815.0,0.0,0.0,0.0,1.0
b98f4463-b23f-4a41-a165-76249a9c2181,20900.0,20900.0,0.0,20900.0,20900.0,0.0,0.0,0.0,1.0
b9904cff-fddc-45d2-b686-a963430ea966,4280.0,4280.0,0.0,4280.0,4280.0,0.0,0.0,0.0,1.0
b99d17af-94bd-482d-9be0-f0116d2e258d,57900.0,57900.0,0.0,57900.0,57900.0,0.0,0.0,0.0,1.0
b9a28875-a250-422d-8b41-de4202b15cbf,5900.0,5900.0,0.0,5900.0,5900.0,0.0,0.0,0.0,1.0
b9a73a39-dc8d-4604-934c-cf0e02763e5b,5900.0,5900.0,0.0,5900.0,5900.0,0.0,0.0,0.0,1.0
b9a7f275-c447-4b9c-b77e-bc5211460966,1465.0,1465.0,0.0,1465.0,1465.0,0.0,0.0,0.0,1.0
b9a9da79-9505-4bd3-8542-b5758481d34a,1000.0,1000.0,0.0,1000.0,1000.0,0.0,0.0,0.0,1.0
b9ad6207-8588-4e2f-b7a3-4f376def0e1d,11500.0,11500.0,0.0,11500.0,11500.0,0.0,0.0,0.0,1.0
b9af1ada-4e0c-422e-ac95-56bdfd35c177,3995.0,3995.0,0.0,3995.0,3995.0,0.0,0.0,0.0,1.0
b9afccad-63e1-4661-a4aa-bc416c11b3e1,3295.0,3295.0,0.0,3295.0,3295.0,0.0,0.0,0.0,1.0
b9b41c02-83b5-4a4b-b9e8-28eb1fe0a927,575.0,575.0,0.0,575.0,575.0,0.0,0.0,0.0,1.0
b9bcf83d-a9f7-4e08-b96e-d1ed245855e6,18900.0,18900.0,0.0,18900.0,18900.0,0.0,0.0,0.0,1.0
b9c2ad77-d3f7-44f5-89af-0160e2a0ccb4,9900.0,9900.0,0.0,9900.0,9900.0,0.0,0.0,0.0,1.0
b9c3317d-b46c-4643-8dfe-fb3314e8872b,12900.0,12900.0,0.0,12900.0,12900.0,0.0,0.0,0.0,1.0
b9c8070e-cd3e-473b-99ac-dee18e9f0534,41900.0,41900.0,0.0,41900.0,41900.0,0.0,0.0,0.0,1.0
b9c8b41f-8fdf-40cf-8a92-4f80e78b538a,2995.0,2995.0,0.0,2995.0,2995.0,0.0,0.0,0.0,1.0
b9cde238-8556-4a2e-aeeb-59d60e73a98a,25900.0,25900.0,0.0,25900.0,25900.0,0.0,0.0,0.0,1.0
b9dce4c3-87fd-413c-8349-23e77581ac6c,31900.0,31900.0,0.0,31900.0,31900.0,0.0,0.0,0.0,1.0
b9df95d4-e8af-41ef-b785-5426b781b559,13900.0,13900.0,0.0,13900.0,13900.0,0.0,0.0,0.0,1.0
b9e29fe3-3f4f-49f0-888b-74bea8d1726e,1695.0,1695.0,0.0,1695.0,1695.0,0.0,0.0,0.0,1.0
b9eb0d6d-1c23-49f3-9e81-b87ab3bcfb9f,845.0,845.0,0.0,845.0,845.0,0.0,0.0,0.0,1.0
b9ed55b6-9865-4232-8532-032ee84dc22a,3795.0,3795.0,0.0,3795.0,3795.0,0.0,0.0,0.0,1.0
b9f0ae9a-a4b1-4850-866b-86b4dad1ab7d,3395.0,3395.0,0.0,3395.0,3395.0,0.0,0.0,0.0,1.0
b9f719cf-2f1c-4174-99e9-4859437af858,80.0,80.0,0.0,80.0,80.0,0.0,0.0,0.0,1.0
b9fbb291-f95c-47ea-ad33-f3d3efd61c9a,15900.0,15900.0,0.0,15900.0,15900.0,0.0,0.0,0.0,1.0
ba019fff-1a5f-42f8-8b43-454470da9e8d,4795.0,4795.0,0.0,4795.0,4795.0,0.0,0.0,0.0,1.0
ba076cbf-eba3-4bb5-8c85-820717350a7d,1245.0,1245.0,0.0,1245.0,1245.0,0.0,0.0,0.0,1.0
ba1387b4-98d6-47d1-89d4-e0bfa5776529,895.0,895.0,0.0,895.0,895.0,0.0,0.0,0.0,1.0
ba180b65-7085-4591-93fb-8e41ca3e64f8,15900.0,15900.0,0.0,15900.0,15900.0,0.0,0.0,0.0,1.0
ba1a7f26-8f34-403b-ba7a-f355b0894f2c,2750.0,2750.0,0.0,2750.0,2750.0,0.0,0.0,0.0,1.0
ba1fa1ee-31b2-4d1a-ab45-d642720ac00e,2230.0,2230.0,0.0,2230.0,2230.0,0.0,0.0,0.0,1.0
ba211d27-006e-4b9d-98e8-c65df2d856e5,25900.0,25900.0,0.0,25900.0,25900.0,0.0,0.0,0.0,1.0
ba29b005-5b28-477d-bfe3-3441c4ad1737,29900.0,29900.0,0.0,29900.0,29900.0,0.0,0.0,0.0,1.0
ba2dd756-63a2-44f7-bcf1-731194f6485d,1195.0,1195.0,0.0,1195.0,1195.0,0.0,0.0,0.0,1.0
ba2f779d-2ed9-4c4e-a0ca-8b1a2cf6e06c,650.0,650.0,0.0,650.0,650.0,0.0,0.0,0.0,1.0
ba30c888-9ed1-418b-aa8e-c605a38192f9,4495.0,4495.0,0.0,4495.0,4495.0,0.0,0.0,0.0,1.0
ba33851a-411f-4ea4-846a-61abdeba1b10,3799.0,3799.0,0.0,3799.0,3799.0,0.0,0.0,0.0,1.0
ba3a9a56-c0a1-4f18-8ec3-58a40f557297,3000.0,3000.0,0.0,3000.0,3000.0,0.0,0.0,0.0,1.0
ba3e35c9-aa69-4810-b176-8fb403b4f006,245.0,245.0,0.0,245.0,245.0,0.0,0.0,0.0,1.0
ba469892-d0d7-4d37-a16c-809a5d578cb6,27900.0,27900.0,0.0,27900.0,27900.0,0.0,0.0,0.0,1.0
ba51ee0d-7c9a-4f42-b22f-bb9c15397ac6,2345.0,2345.0,0.0,2345.0,2345.0,0.0,0.0,0.0,1.0
ba5251e2-8509-4e00-85b4-6df058b0559d,1850.0,1850.0,0.0,1850.0,1850.0,0.0,0.0,0.0,1.0
ba53f839-36d4-4eed-ae7d-8f939eb3d69a,3195.0,3195.0,0.0,3195.0,3195.0,0.0,0.0,0.0,1.0
ba5617d4-b2f2-4869-a749-14d14bbcb0f3,140.0,140.0,0.0,140.0,140.0,0.0,0.0,0.0,1.0
ba599b23-9ddf-4988-8f03-487d9bfe8b37,2100.0,2100.0,0.0,2100.0,2100.0,0.0,0.0,0.0,1.0
ba5af631-fc89-4c45-8359-ebbf9e66d7d6,645.0,645.0,0.0,645.0,645.0,0.0,0.0,0.0,1.0
ba6748ae-44b3-4425-8b6f-d2267283fafe,6995.0,6995.0,0.0,6995.0,6995.0,0.0,0.0,0.0,1.0
ba6b15ac-69d6-4668-b478-c2c3925fffb6,1799.0,1799.0,0.0,1799.0,1799.0,0.0,0.0,0.0,1.0
ba708d3c-3132-40b4-b740-296c03a991be,32900.0,32900.0,0.0,32900.0,32900.0,0.0,0.0,0.0,1.0
ba7a1cb1-dea3-46b5-9744-beb46358d8d3,2695.0,2695.0,0.0,2695.0,2695.0,0.0,0.0,0.0,1.0
ba83c06a-07ce-4c32-9b1a-03d974801b48,895.0,895.0,0.0,895.0,895.0,0.0,0.0,0.0,1.0
ba9492a3-53d3-4446-977d-e08a53751148,4695.0,4695.0,0.0,4695.0,4695.0,0.0,0.0,0.0,1.0
ba9728df-ba5e-47ca-906c-ca43e71755a2,2040.0,2040.0,0.0,2040.0,2040.0,0.0,0.0,0.0,1.0
baa38c01-2441-4841-ae35-1934012e100d,495.0,495.0,0.0,495.0,495.0,0.0,0.0,0.0,1.0
baa7342e-ecb0-4c3f-93a4-ff425ef7d4ab,6495.0,6495.0,0.0,6495.0,6495.0,0.0,0.0,0.0,1.0
bab40c2b-1f49-44ed-99e7-00462fcc851d,21900.0,21900.0,0.0,21900.0,21900.0,0.0,0.0,0.0,1.0
bab44814-8cd0-43a3-a616-bf51b2f7193e,4295.0,4295.0,0.0,4295.0,4295.0,0.0,0.0,0.0,1.0
bab75f5d-5ca0-437f-86d8-0ef3f339db87,1595.0,1595.0,0.0,1595.0,1595.0,0.0,0.0,0.0,1.0
bac94195-130e-4682-8f03-5bff2e483ed5,65.0,65.0,0.0,65.0,65.0,0.0,0.0,0.0,1.0
bad11c03-4706-43cf-a232-beb57d6a68d3,995.0,995.0,0.0,995.0,995.0,0.0,0.0,0.0,1.0
badbc78b-b122-44fb-ac02-24469ff58f11,610.0,610.0,0.0,610.0,610.0,0.0,0.0,0.0,1.0
baef0f23-20b3-4d92-a5ff-972fad558149,16900.0,16900.0,0.0,16900.0,16900.0,0.0,0.0,0.0,1.0
baf49a04-6b0c-43d5-802d-d7939aeb94b7,28900.0,28900.0,0.0,28900.0,28900.0,0.0,0.0,0.0,1.0
baf50819-98e4-4ec9-a30d-2e3e1f8d1185,16900.0,16900.0,0.0,16900.0,16900.0,0.0,0.0,0.0,1.0
baffeb05-20f1-4a03-80b8-8852f30b797c,470.0,470.0,0.0,470.0,470.0,0.0,0.0,0.0,1.0
bb086740-f704-4be2-ac36-433bf85e5c9d,4795.0,4795.0,0.0,4795.0,4795.0,0.0,0.0,0.0,1.0
bb0917ee-a107-4027-b87c-9039e8b312f9,22900.0,22900.0,0.0,22900.0,22900.0,0.0,0.0,0.0,1.0
bb1391c3-309f-4a84-ac0d-e48172d92fb0,44900.0,44900.0,0.0,44900.0,44900.0,0.0,0.0,0.0,1.0
bb1724c7-a099-4511-8620-d1f53627b176,16500.0,16500.0,0.0,16500.0,16500.0,0.0,0.0,0.0,1.0
bb20cec3-e2ff-40e9-925f-84e94bf86ce2,28900.0,28900.0,0.0,28900.0,28900.0,0.0,0.0,0.0,1.0
bb353f5c-306f-4e70-af9e-aaa4ad4bc295,2345.0,2345.0,0.0,2345.0,2345.0,0.0,0.0,0.0,1.0
bb3d476d-107f-404a-acf8-825154356150,4495.0,4495.0,0.0,4495.0,4495.0,0.0,0.0,0.0,1.0
bb404495-4a16-4b6e-9dc8-e57e318926fe,695.0,695.0,0.0,695.0,695.0,0.0,0.0,0.0,1.0
bb453c72-aa0b-4e5b-b2e4-b1ae14cff7ca,1500.0,1500.0,0.0,1500.0,1500.0,0.0,0.0,0.0,1.0
bb4a08ca-4599-411e-a1c2-5fcc54526da2,895.0,895.0,0.0,895.0,895.0,0.0,0.0,0.0,1.0
bb556ca4-38db-4461-a6fd-2953080d2f54,1800.0,1800.0,0.0,1800.0,1800.0,0.0,0.0,0.0,1.0
bb575b49-e2c5-4bdf-babe-b02e4b994531,1295.0,1295.0,0.0,1295.0,1295.0,0.0,0.0,0.0,1.0
bb5b179f-b209-4643-b91c-c7c60fc5e86d,9900.0,9900.0,0.0,9900.0,9900.0,0.0,0.0,0.0,1.0
bb64b185-a2f9-47cb-a6f4-8f9e5a13f26d,495.0,495.0,0.0,495.0,495.0,0.0,0.0,0.0,1.0
bb654f95-b752-4a4b-9071-8940aa9fa3fc,1195.0,1195.0,0.0,1195.0,1195.0,0.0,0.0,0.0,1.0
bb663287-34d7-491c-89d9-ab642bd40da0,745.0,745.0,0.0,745.0,745.0,0.0,0.0,0.0,1.0
bb67989d-d024-4c7f-96d3-317515e76a72,2820.0,2820.0,0.0,2820.0,2820.0,0.0,0.0,0.0,1.0
bb6a35b5-4740-42a8-99b8-bee0ed030739,20900.0,20900.0,0.0,20900.0,20900.0,0.0,0.0,0.0,1.0
bb6d1946-5358-4a49-8070-7cc28c9d8b8c,14500.0,14500.0,0.0,14500.0,14500.0,0.0,0.0,0.0,1.0
bb7454ed-3dac-48c5-9d99-87576e536e12,320.0,320.0,0.0,320.0,320.0,0.0,0.0,0.0,1.0
bb7c1f9c-dd16-4b9d-80b3-828e724218cd,1295.0,1295.0,0.0,1295.0,1295.0,0.0,0.0,0.0,1.0
bb81a469-2610-461d-8dd8-640a545c5f1c,3795.0,3795.0,0.0,3795.0,3795.0,0.0,0.0,0.0,1.0
bb860ad8-1496-4670-b31b-9a4a09739c85,4295.0,4295.0,0.0,4295.0,4295.0,0.0,0.0,0.0,1.0
bb8a3eeb-eab1-4394-b222-061897fce191,1020.0,1020.0,0.0,1020.0,1020.0,0.0,0.0,0.0,1.0
bb8ec9e4-e474-4a3a-a851-df42e4bd94cd,2195.0,2195.0,0.0,2195.0,2195.0,0.0,0.0,0.0,1.0
bb8f5ad8-fcf2-48b6-8ee1-a7b9c2cccf24,2395.0,2395.0,0.0,2395.0,2395.0,0.0,0.0,0.0,1.0
bb9537a0-876c-43bb-8462-15660ed69e83,2995.0,2995.0,0.0,2995.0,2995.0,0.0,0.0,0.0,1.0
bb9650c2-7ad9-4b20-a229-c24e5e06ddc1,3995.0,3995.0,0.0,3995.0,3995.0,0.0,0.0,0.0,1.0
bb9be7f5-99c3-4df5-8710-317a4a35c115,3170.0,3170.0,0.0,3170.0,3170.0,0.0,0.0,0.0,1.0
bb9c28a6-df86-4032-94a1-1fdddfed69a5,1895.0,1895.0,0.0,1895.0,1895.0,0.0,0.0,0.0,1.0
bb9f2490-d1f9-4a11-9ff0-89ca968f65a6,29900.0,29900.0,0.0,29900.0,29900.0,0.0,0.0,0.0,1.0
bb9fa317-cb7a-4cb7-bf2f-4e0d92032abd,3060.0,3060.0,0.0,3060.0,3060.0,0.0,0.0,0.0,1.0
bba00ecd-6df9-4162-834c-f613f9a26e8d,8900.0,8900.0,0.0,8900.0,8900.0,0.0,0.0,0.0,1.0
bbaadc7c-c5e9-41c8-b5f8-2c616914d44a,565.0,565.0,0.0,565.0,565.0,0.0,0.0,0.0,1.0
bbabee00-82a5-44da-9ecc-0e90fe59f036,3995.0,3995.0,0.0,3995.0,3995.0,0.0,0.0,0.0,1.0
bbb0b1eb-5a42-4fc3-9378-ab238c77e237,120.0,120.0,0.0,120.0,120.0,0.0,0.0,0.0,1.0
bbbd3d69-073a-4f37-8c4b-ae21fa43485d,5495.0,5495.0,0.0,5495.0,5495.0,0.0,0.0,0.0,1.0
bbd00c12-f97e-4411-9e64-4b4890ba497d,2900.0,2900.0,0.0,2900.0,2900.0,0.0,0.0,0.0,1.0
bbe11c39-8b39-4870-a972-666c0a8dfa56,17900.0,17900.0,0.0,17900.0,17900.0,0.0,0.0,0.0,1.0
bbe17197-e18d-4797-a018-5e61efad229b,2550.0,2550.0,0.0,2550.0,2550.0,0.0,0.0,0.0,1.0
bbef3724-6115-428f-91fc-74a4f12d568e,14900.0,14900.0,0.0,14900.0,14900.0,0.0,0.0,0.0,1.0
bbfafac6-a783-40a7-a239-55c8b82d9de5,1195.0,1195.0,0.0,1195.0,1195.0,0.0,0.0,0.0,1.0
bc01a829-94ea-4e11-8998-6c03098aadbd,3080.0,3080.0,0.0,3080.0,3080.0,0.0,0.0,0.0,1.0
bc1a9575-7b85-4526-9700-782dcdc77b4d,2195.0,2195.0,0.0,2195.0,2195.0,0.0,0.0,0.0,1.0
bc1aca97-6a80-4234-b9a3-e37c78d4de1a,17900.0,17900.0,0.0,17900.0,17900.0,0.0,0.0,0.0,1.0
bc1b88ae-7c77-4352-a736-005517e6ba07,57900.0,57900.0,0.0,57900.0,57900.0,0.0,0.0,0.0,1.0
bc1fc7d5-cb1c-4059-8082-a67727c8a812,1795.0,1795.0,0.0,1795.0,1795.0,0.0,0.0,0.0,1.0
bc20bb72-7ce3-4925-8f7f-79611fa5b997,2395.0,2395.0,0.0,2395.0,2395.0,0.0,0.0,0.0,1.0
bc2236e1-d393-4532-abfc-5d47018e088d,45900.0,45900.0,0.0,45900.0,45900.0,0.0,0.0,0.0,1.0
bc2854e7-9eab-4469-b611-3bb97e8bbb1f,11900.0,11900.0,0.0,11900.0,11900.0,0.0,0.0,0.0,1.0
bc29d24e-cabb-4d5d-80a0-b5e71abe9e11,695.0,695.0,0.0,695.0,695.0,0.0,0.0,0.0,1.0
bc2fa2b4-b8bc-49c0-8566-ec0306e50c20,7995.0,7995.0,0.0,7995.0,7995.0,0.0,0.0,0.0,1.0
bc32805e-1c34-4bf5-9747-e06118fb4585,540.0,540.0,0.0,540.0,540.0,0.0,0.0,0.0,1.0
bc345f8d-81e6-4b8e-869f-22c9c2ae62d1,1650.0,1650.0,0.0,1650.0,1650.0,0.0,0.0,0.0,1.0
bc3921bd-f9b9-4899-b617-184cf3b80ad4,7900.0,7900.0,0.0,7900.0,7900.0,0.0,0.0,0.0,1.0
bc42bef1-e287-426d-b6b9-d333e82dac2d,695.0,695.0,0.0,695.0,695.0,0.0,0.0,0.0,1.0
bc4a5e29-9aa4-4f92-aa73-dfb3899041a1,170.0,170.0,0.0,170.0,170.0,0.0,0.0,0.0,1.0
bc543fcc-d990-425f-8189-c0f671d5f09a,12500.0,12500.0,0.0,12500.0,12500.0,0.0,0.0,0.0,1.0
bc59ac35-00a5-492c-96fc-3f86eb3a5e84,4000.0,4000.0,0.0,4000.0,4000.0,0.0,0.0,0.0,1.0
bc604e69-6294-4eb3-9350-f1943a56df01,6995.0,6995.0,0.0,6995.0,6995.0,0.0,0.0,0.0,1.0
bc6bd7c2-820d-454c-9ef5-c2c1796336b3,16900.0,16900.0,0.0,16900.0,16900.0,0.0,0.0,0.0,1.0
bc6f869e-c3dd-4eed-aaaa-b728bb90bd07,19.0,19.0,0.0,19.0,19.0,0.0,0.0,0.0,1.0
bc74c7fb-20da-4a49-a427-16f83f904137,4295.0,4295.0,0.0,4295.0,4295.0,0.0,0.0,0.0,1.0
bc757476-5821-480e-b291-e320b4e8a926,1395.0,1395.0,0.0,1395.0,1395.0,0.0,0.0,0.0,1.0
bc7e4804-bc7f-46e6-a101-60913eb69bd8,895.0,895.0,0.0,895.0,895.0,0.0,0.0,0.0,1.0
bc869898-1c7d-4620-81b1-b75070e0c6a2,45900.0,45900.0,0.0,45900.0,45900.0,0.0,0.0,0.0,1.0
bc884e1b-f1f2-4c16-97ee-e2368be1486d,16900.0,16900.0,0.0,16900.0,16900.0,0.0,0.0,0.0,1.0
bc8cb4af-0e11-49e1-8782-5f85d0270cf4,2195.0,2195.0,0.0,2195.0,2195.0,0.0,0.0,0.0,1.0
bc8fe522-ece9-4666-8633-f3a0bca9e95b,26900.0,26900.0,0.0,26900.0,26900.0,0.0,0.0,0.0,1.0
bc919388-fd13-41f6-9553-68f3147bd826,990.0,990.0,0.0,990.0,990.0,0.0,0.0,0.0,1.0
bc95f48f-afbf-42ca-b0d9-ff320547dd4b,335.0,335.0,0.0,335.0,335.0,0.0,0.0,0.0,1.0
bc97e4b6-85fe-4b11-baf1-fbfbf048473a,6400.0,6400.0,0.0,6400.0,6400.0,0.0,0.0,0.0,1.0
bc98a524-abf3-4cee-b820-94927e4e45ef,895.0,895.0,0.0,895.0,895.0,0.0,0.0,0.0,1.0
bc9a8d1f-33ca-431a-bfe8-a56011dd12df,2850.0,2850.0,0.0,2850.0,2850.0,0.0,0.0,0.0,1.0
bc9beb7d-66c2-47bb-b0fa-0ed31977aca3,2500.0,2500.0,0.0,2500.0,2500.0,0.0,0.0,0.0,1.0
bca4aa78-4d1a-404d-9252-5434b853c71d,7495.0,7495.0,0.0,7495.0,7495.0,0.0,0.0,0.0,1.0
bca707ca-32ce-4773-9085-d9b8d0dff199,17900.0,17900.0,0.0,17900.0,17900.0,0.0,0.0,0.0,1.0
bca76453-8520-4cbe-8036-7cb068190e75,5900.0,5900.0,0.0,5900.0,5900.0,0.0,0.0,0.0,1.0
bcaf700d-fa05-44c0-ba1f-21ec81e380cc,3595.0,3595.0,0.0,3595.0,3595.0,0.0,0.0,0.0,1.0
bcbb4611-83f5-4314-8c8e-c4dc0daeb8c7,9900.0,9900.0,0.0,9900.0,9900.0,0.0,0.0,0.0,1.0
bcbc7ebf-f229-4bdc-b76f-955a19f669fd,1495.0,1495.0,0.0,1495.0,1495.0,0.0,0.0,0.0,1.0
bcbf100a-347b-44ca-9b57-0e3ba92b93b5,2100.0,2100.0,0.0,2100.0,2100.0,0.0,0.0,0.0,1.0
bcca9276-479f-417a-bc30-365ca820aaf9,5495.0,5495.0,0.0,5495.0,5495.0,0.0,0.0,0.0,1.0
bcd28990-d09c-4a3e-82aa-4dc763e4ab65,2090.0,2090.0,0.0,2090.0,2090.0,0.0,0.0,0.0,1.0
bcd42521-3d82-48c7-ab80-83a219acb68d,8995.0,8995.0,0.0,8995.0,8995.0,0.0,0.0,0.0,1.0
bcda8160-03f6-4ecf-8c9b-9a88b00234fe,1595.0,1595.0,0.0,1595.0,1595.0,0.0,0.0,0.0,1.0
bce2cdd2-3958-46e6-a8bd-e4688801c672,1600.0,1600.0,0.0,1600.0,1600.0,0.0,0.0,0.0,1.0
bcf56552-e84f-4246-809c-ef069a62ca1e,10900.0,10900.0,0.0,10900.0,10900.0,0.0,0.0,0.0,1.0
bcf6d1ff-290d-4396-b4b9-f53bd212089e,21900.0,21900.0,0.0,21900.0,21900.0,0.0,0.0,0.0,1.0
bcf9085f-5b05-4aaa-89e7-f8db5cef2ed8,11900.0,11900.0,0.0,11900.0,11900.0,0.0,0.0,0.0,1.0
bcfc997a-31c3-41d6-94e2-f627458b21a7,645.0,645.0,0.0,645.0,645.0,0.0,0.0,0.0,1.0
bcfe74c1-fddb-4a81-93e2-49396f5853d4,4995.0,4995.0,0.0,4995.0,4995.0,0.0,0.0,0.0,1.0
bd0624d2-3373-4dc7-b8ca-f16c3bf1326e,795.0,795.0,0.0,795.0,795.0,0.0,0.0,0.0,1.0
bd0a61b6-4352-49a6-bc52-982c5b12dd2b,895.0,895.0,0.0,895.0,895.0,0.0,0.0,0.0,1.0
bd109278-e2f5-4c62-b8e9-971c33f17948,22900.0,22900.0,0.0,22900.0,22900.0,0.0,0.0,0.0,1.0
bd12d804-ea66-44e3-bc19-82e8315be5db,2995.0,2995.0,0.0,2995.0,2995.0,0.0,0.0,0.0,1.0
bd1aac0a-9993-46d2-9e38-74315485b01d,7495.0,7495.0,0.0,7495.0,7495.0,0.0,0.0,0.0,1.0
bd26840a-9a9d-4c07-a17b-043bb3c71432,3695.0,3695.0,0.0,3695.0,3695.0,0.0,0.0,0.0,1.0
bd2d555b-8b84-4db9-83ac-9143f49c232e,18900.0,18900.0,0.0,18900.0,18900.0,0.0,0.0,0.0,1.0
bd318e7d-4aa9-4b61-9bfd-ff9b94b9b6fb,5495.0,5495.0,0.0,5495.0,5495.0,0.0,0.0,0.0,1.0
bd31ae5b-458a-45e2-be49-132ade8e34fc,19900.0,19900.0,0.0,19900.0,19900.0,0.0,0.0,0.0,1.0
bd348d15-94cc-4db0-b66b-f4f06adadc3a,2200.0,2200.0,0.0,2200.0,2200.0,0.0,0.0,0.0,1.0
bd38fc22-7dd5-4447-9e20-4d8346110370,1100.0,1100.0,0.0,1100.0,1100.0,0.0,0.0,0.0,1.0
bd39e7e3-6f06-4304-9eea-8bbc32a82389,17695.0,17695.0,0.0,17695.0,17695.0,0.0,0.0,0.0,1.0
bd3d41fc-7816-433d-9d47-7a0303c06c0a,1795.0,1795.0,0.0,1795.0,1795.0,0.0,0.0,0.0,1.0
bd3e8de0-9eab-4d5f-94e3-e7d9cb49ed7d,2499.0,2499.0,0.0,2499.0,2499.0,0.0,0.0,0.0,1.0
bd466f2b-a98e-4500-aede-5571431135fd,4440.0,4440.0,0.0,4440.0,4440.0,0.0,0.0,0.0,1.0
bd4cc373-551e-4baa-ac55-563428c68c34,4790.0,4790.0,0.0,4790.0,4790.0,0.0,0.0,0.0,1.0
bd55e552-153f-420c-903a-0c4e16e83176,1360.0,1360.0,0.0,1360.0,1360.0,0.0,0.0,0.0,1.0
bd57b6e1-9ac6-4886-8562-627246abf315,2700.0,2700.0,0.0,2700.0,2700.0,0.0,0.0,0.0,1.0
bd5c7b8c-f172-4929-89c3-4b6e7cab0e53,1100.0,1100.0,0.0,1100.0,1100.0,0.0,0.0,0.0,1.0
bd5e83e3-8bd8-4b6e-8759-32d2e6eddf2e,1195.0,1195.0,0.0,1195.0,1195.0,0.0,0.0,0.0,1.0
bd6a3842-afe6-4b7b-89ca-b9322eb8517c,4810.0,4810.0,0.0,4810.0,4810.0,0.0,0.0,0.0,1.0
bd6bf7cb-57b8-4123-97e3-a6f22b607e5f,1995.0,1995.0,0.0,1995.0,1995.0,0.0,0.0,0.0,1.0
bd6eec0e-26a7-49da-b84a-cd72d1e4ff50,2645.0,2645.0,0.0,2645.0,2645.0,0.0,0.0,0.0,1.0
bd7178df-2d4f-4695-996b-3f0239a1829f,1995.0,1995.0,0.0,1995.0,1995.0,0.0,0.0,0.0,1.0
bd746cfd-98b1-496d-b960-012aae688346,58900.0,58900.0,0.0,58900.0,58900.0,0.0,0.0,0.0,1.0
bd782d2d-5c9e-4439-aef0-c286d7738fbe,31900.0,31900.0,0.0,31900.0,31900.0,0.0,0.0,0.0,1.0
bd7a34af-b05a-4029-b51e-dfa5c6db9570,220.0,220.0,0.0,220.0,220.0,0.0,0.0,0.0,1.0
bd7b7e10-e53a-4909-9863-0f876f906ba9,19900.0,19900.0,0.0,19900.0,19900.0,0.0,0.0,0.0,1.0
bd7fea79-9b9e-4938-87c6-c0e5e380d234,645.0,645.0,0.0,645.0,645.0,0.0,0.0,0.0,1.0
bd804a67-ead9-4e45-bc27-54adb09569ac,9900.0,9900.0,0.0,9900.0,9900.0,0.0,0.0,0.0,1.0
bd827f29-23d3-4589-8b73-5e70001bcf94,234.0,234.0,0.0,234.0,234.0,0.0,0.0,0.0,1.0
bd8aac43-e0cc-44ac-b5a6-cc7786c16711,3499.0,3499.0,0.0,3499.0,3499.0,0.0,0.0,0.0,1.0
bd963853-86fa-4c91-b285-fc35187f0a0d,435.0,435.0,0.0,435.0,435.0,0.0,0.0,0.0,1.0
bd986b76-d571-4a19-9d24-e6c9c26adf91,47900.0,47900.0,0.0,47900.0,47900.0,0.0,0.0,0.0,1.0
bdac4328-3520-4fd0-b648-7f2d373ecdb6,6295.0,6295.0,0.0,6295.0,6295.0,0.0,0.0,0.0,1.0
bdb4d7cb-782f-4c67-a9eb-dd250eb6aa21,10900.0,10900.0,0.0,10900.0,10900.0,0.0,0.0,0.0,1.0
bdb6e219-dba8-40a3-be51-2595dbea2ab4,1950.0,1950.0,0.0,1950.0,1950.0,0.0,0.0,0.0,1.0
bdb7bdd0-12db-4a07-b504-4a4f80a61189,1995.0,1995.0,0.0,1995.0,1995.0,0.0,0.0,0.0,1.0
bdbfd88c-fb42-4f05-82db-8f51b9bb7573,8900.0,8900.0,0.0,8900.0,8900.0,0.0,0.0,0.0,1.0
bdc21be2-f6dc-4666-b1c7-4fbabd2a52a5,645.0,645.0,0.0,645.0,645.0,0.0,0.0,0.0,1.0
bdc6af52-613a-4f36-82e5-0153cd43b51c,5495.0,5495.0,0.0,5495.0,5495.0,0.0,0.0,0.0,1.0
bdd0a05e-37c0-41a4-8784-3bb13ce45ebd,10900.0,10900.0,0.0,10900.0,10900.0,0.0,0.0,0.0,1.0
bdd624bb-c5aa-4609-b729-5ea2b0542d64,1090.0,1090.0,0.0,1090.0,1090.0,0.0,0.0,0.0,1.0
bddbe6a5-b343-45ca-a081-a5e6361df89f,995.0,995.0,0.0,995.0,995.0,0.0,0.0,0.0,1.0
bddf6168-db7b-4f8a-84f5-9aa0e9b7fb40,10900.0,10900.0,0.0,10900.0,10900.0,0.0,0.0,0.0,1.0
bdeab306-303d-4dcc-b624-a26bb0db5568,4495.0,4495.0,0.0,4495.0,4495.0,0.0,0.0,0.0,1.0
bdee5332-0c16-470a-b4b5-a95e7ccad02c,795.0,795.0,0.0,795.0,795.0,0.0,0.0,0.0,1.0
bdefd480-b85f-4cb8-85da-1c836c3119bb,2095.0,2095.0,0.0,2095.0,2095.0,0.0,0.0,0.0,1.0
be05a045-c856-4ffa-ac18-5e91787a8bd3,1395.0,1395.0,0.0,1395.0,1395.0,0.0,0.0,0.0,1.0
be0dcaaa-1de7-4272-8f96-94fa2cb2b763,5995.0,5995.0,0.0,5995.0,5995.0,0.0,0.0,0.0,1.0
be120366-a732-429e-8822-a7b73cb60873,12500.0,12500.0,0.0,12500.0,12500.0,0.0,0.0,0.0,1.0
be1cea26-f2d2-4aff-a890-b8ce05793979,1615.0,1615.0,0.0,1615.0,1615.0,0.0,0.0,0.0,1.0
be25a0fb-c463-4967-bdce-2accc8982e75,645.0,645.0,0.0,645.0,645.0,0.0,0.0,0.0,1.0
be2605a3-53c6-4cfe-baea-80efe1bef040,1295.0,1295.0,0.0,1295.0,1295.0,0.0,0.0,0.0,1.0
be309e6a-797a-4460-960c-0e25a962b79e,595.0,595.0,0.0,595.0,595.0,0.0,0.0,0.0,1.0
be31f9b6-af0f-4756-b2e2-ea7c61c9b952,15900.0,15900.0,0.0,15900.0,15900.0,0.0,0.0,0.0,1.0
be334719-5238-491b-b144-4e2e810b9036,545.0,545.0,0.0,545.0,545.0,0.0,0.0,0.0,1.0
be3531b7-5473-4b07-83e6-6aad7282b524,545.0,545.0,0.0,545.0,545.0,0.0,0.0,0.0,1.0
be3cbfcc-ef85-46a1-8679-61f08291d7a7,6495.0,6495.0,0.0,6495.0,6495.0,0.0,0.0,0.0,1.0
be46c6f6-4c15-4a83-9a4c-e3680e6b6c66,6995.0,6995.0,0.0,6995.0,6995.0,0.0,0.0,0.0,1.0
be4ecc6a-dc8b-434c-a12a-fd5c886d964f,13900.0,13900.0,0.0,13900.0,13900.0,0.0,0.0,0.0,1.0
be569d6a-5902-450b-abbf-8f0744e547c1,16900.0,16900.0,0.0,16900.0,16900.0,0.0,0.0,0.0,1.0
be56cf2d-c97a-450a-b09d-6439211d2dc5,335.0,335.0,0.0,335.0,335.0,0.0,0.0,0.0,1.0
be5a17d5-a982-428a-9e0f-0e33531f726a,13900.0,13900.0,0.0,13900.0,13900.0,0.0,0.0,0.0,1.0
be5ac1a2-d104-45cb-a147-487a451ba5ad,6900.0,6900.0,0.0,6900.0,6900.0,0.0,0.0,0.0,1.0
be674fb2-cd20-471f-83a8-8ce5fccd1722,745.0,745.0,0.0,745.0,745.0,0.0,0.0,0.0,1.0
be75c9a4-2302-4865-b25c-05e66c7114ba,4995.0,4995.0,0.0,4995.0,4995.0,0.0,0.0,0.0,1.0
be7e3432-b99d-4ad9-a4c3-d05635a6ab0c,395.0,395.0,0.0,395.0,395.0,0.0,0.0,0.0,1.0
be858b2a-d339-437b-b775-6b5de4798b44,495.0,495.0,0.0,495.0,495.0,0.0,0.0,0.0,1.0
be891ae5-9991-4743-b9e4-a3cab5e41a04,2995.0,2995.0,0.0,2995.0,2995.0,0.0,0.0,0.0,1.0
be9a08ec-2d1c-4b5a-bead-5146d685cac8,49900.0,49900.0,0.0,49900.0,49900.0,0.0,0.0,0.0,1.0
be9d89db-451e-4bb0-ad03-bb2728fd0acc,2795.0,2795.0,0.0,2795.0,2795.0,0.0,0.0,0.0,1.0
bea3b01d-8ced-4fbf-9e8f-3ba4d265616a,265.0,265.0,0.0,265.0,265.0,0.0,0.0,0.0,1.0
bea49480-8323-4e23-b572-1664ea3c093e,2995.0,2995.0,0.0,2995.0,2995.0,0.0,0.0,0.0,1.0
bea8f06d-2cb3-4ff0-bf84-8bc5f2139f38,745.0,745.0,0.0,745.0,745.0,0.0,0.0,0.0,1.0
beada793-5578-4103-976a-e7dfa1ade882,4699.0,4699.0,0.0,4699.0,4699.0,0.0,0.0,0.0,1.0
beb75a74-6c8e-419a-b755-22f1d2d10422,52900.0,52900.0,0.0,52900.0,52900.0,0.0,0.0,0.0,1.0
bebb4c17-fc17-4c00-9ebc-2f205dca5f6d,3995.0,3995.0,0.0,3995.0,3995.0,0.0,0.0,0.0,1.0
bebdf6a3-325e-4f86-a3a6-0d97ffcf5cc2,1945.0,1945.0,0.0,1945.0,1945.0,0.0,0.0,0.0,1.0
bebe9d21-e8d9-41a5-9502-b2dac136370b,2199.0,2199.0,0.0,2199.0,2199.0,0.0,0.0,0.0,1.0
bec943fb-77ed-47cf-bbc3-3153090ca730,4795.0,4795.0,0.0,4795.0,4795.0,0.0,0.0,0.0,1.0
becd95c3-b3b4-4c8b-a26d-04ac0bd32ec6,1995.0,1995.0,0.0,1995.0,1995.0,0.0,0.0,0.0,1.0
bed0d850-435f-4ed7-83a5-745c7471c4fb,80.0,80.0,0.0,80.0,80.0,0.0,0.0,0.0,1.0
bee06133-af44-4c90-9839-0bf0fb815ac7,650.0,650.0,0.0,650.0,650.0,0.0,0.0,0.0,1.0
bee21784-d22c-415b-81c4-b13d79b3a3b2,20900.0,20900.0,0.0,20900.0,20900.0,0.0,0.0,0.0,1.0
bef210bc-ec08-45ed-bb50-c7faf6ac0628,6495.0,6495.0,0.0,6495.0,6495.0,0.0,0.0,0.0,1.0
befa7744-ab5e-4857-952a-4cae0df1202f,1395.0,1395.0,0.0,1395.0,1395.0,0.0,0.0,0.0,1.0
bf00c220-ec82-4ce1-9ffe-90ab3b5a5582,4000.0,4000.0,0.0,4000.0,4000.0,0.0,0.0,0.0,1.0
bf036c4f-37c1-4f22-a8f9-c886c7199d57,2995.0,2995.0,0.0,2995.0,2995.0,0.0,0.0,0.0,1.0
bf03e21a-0796-4593-835d-1a05f004bfd5,10900.0,10900.0,0.0,10900.0,10900.0,0.0,0.0,0.0,1.0
bf13ba3a-1143-4560-a682-3a819cd61ed5,8495.0,8495.0,0.0,8495.0,8495.0,0.0,0.0,0.0,1.0
bf1c510a-ae62-4c0c-b2f4-58ee1b24e85f,1095.0,1095.0,0.0,1095.0,1095.0,0.0,0.0,0.0,1.0
bf303eb5-c9d6-41ca-990f-1a4cb7eddf91,195.0,195.0,0.0,195.0,195.0,0.0,0.0,0.0,1.0
bf33f71f-1bf8-44fe-be58-f69a1e12d954,27900.0,27900.0,0.0,27900.0,27900.0,0.0,0.0,0.0,1.0
bf403b2d-98a0-44bb-bb38-efb0cf18c315,5195.0,5195.0,0.0,5195.0,5195.0,0.0,0.0,0.0,1.0
bf41146a-aa38-4092-ad9b-f2612d11cc60,1045.0,1045.0,0.0,1045.0,1045.0,0.0,0.0,0.0,1.0
bf45e69d-4403-4a81-94a2-3f235ba2da15,28900.0,28900.0,0.0,28900.0,28900.0,0.0,0.0,0.0,1.0
bf4cf8a9-7bb9-45fc-97dc-e195395feb33,105.0,105.0,0.0,105.0,105.0,0.0,0.0,0.0,1.0
bf4f054d-439d-4d95-9962-138629e6f277,2195.0,2195.0,0.0,2195.0,2195.0,0.0,0.0,0.0,1.0
bf507716-4de0-4d98-8096-8f7d9c7c4c80,1595.0,1595.0,0.0,1595.0,1595.0,0.0,0.0,0.0,1.0
bf62d293-5e31-4c88-82d6-ddb93695c5d3,595.0,595.0,0.0,595.0,595.0,0.0,0.0,0.0,1.0
bf6706f8-5691-4110-b530-845d1f479aca,795.0,795.0,0.0,795.0,795.0,0.0,0.0,0.0,1.0
bf674806-e74a-4fb2-a0e8-81a707d4cf2e,1100.0,1100.0,0.0,1100.0,1100.0,0.0,0.0,0.0,1.0
bf6bb649-29ef-48cb-96b5-976601c2a0eb,2740.0,2740.0,0.0,2740.0,2740.0,0.0,0.0,0.0,1.0
bf71cc86-1150-4a46-9715-1178844f5188,550.0,550.0,0.0,550.0,550.0,0.0,0.0,0.0,1.0
bf782b9f-b94f-4edf-9bba-7f05fb725a9d,1995.0,1995.0,0.0,1995.0,1995.0,0.0,0.0,0.0,1.0
bf79c852-73b4-4c45-889f-2db777b5fd06,10900.0,10900.0,0.0,10900.0,10900.0,0.0,0.0,0.0,1.0
bf8972e3-24ba-4ca7-87df-3091009d17cd,13500.0,13500.0,0.0,13500.0,13500.0,0.0,0.0,0.0,1.0
bf917db8-2c21-41cd-8b76-289db7f4c5e4,8500.0,8500.0,0.0,8500.0,8500.0,0.0,0.0,0.0,1.0
bf91d36f-5297-4632-a318-91f625405e5f,1145.0,1145.0,0.0,1145.0,1145.0,0.0,0.0,0.0,1.0
bfa55a91-3107-4c49-b085-6a1416fd02cb,2150.0,2150.0,0.0,2150.0,2150.0,0.0,0.0,0.0,1.0
bfa6a711-5a13-41b0-bb68-22484fbb366e,2030.0,2030.0,0.0,2030.0,2030.0,0.0,0.0,0.0,1.0
bfac3ca4-b403-405c-9692-9aabcfc8a139,795.0,795.0,0.0,795.0,795.0,0.0,0.0,0.0,1.0
bfc06cc4-cc89-44cd-8145-c0729fd5490e,35900.0,35900.0,0.0,35900.0,35900.0,0.0,0.0,0.0,1.0
bfc1fd17-49dc-4cf6-ae89-7f879c32807b,105.0,105.0,0.0,105.0,105.0,0.0,0.0,0.0,1.0
bfc32a7f-f5a5-4e64-9ff1-2371f305fef6,845.0,845.0,0.0,845.0,845.0,0.0,0.0,0.0,1.0
bfc6fc6e-84e5-4a4b-9628-52b88b31f8c6,4490.0,4490.0,0.0,4490.0,4490.0,0.0,0.0,0.0,1.0
bfcb3b70-1446-47fb-b3ab-727c129400ca,6700.0,6700.0,0.0,6700.0,6700.0,0.0,0.0,0.0,1.0
bfd8eb5f-94a6-458e-acf7-1104ca4ca30f,645.0,645.0,0.0,645.0,645.0,0.0,0.0,0.0,1.0
bfda14ce-9824-4c3a-915b-d67daf0f2dc6,2495.0,2495.0,0.0,2495.0,2495.0,0.0,0.0,0.0,1.0
bfdc6e3b-0351-424d-8da7-a6823f9658aa,4295.0,4295.0,0.0,4295.0,4295.0,0.0,0.0,0.0,1.0
bfe4cc61-9aae-4c37-b8a8-22b6a2daf7e3,2300.0,2300.0,0.0,2300.0,2300.0,0.0,0.0,0.0,1.0
bfe5b1de-dbc8-425c-bbe7-58fb2c3bc477,745.0,745.0,0.0,745.0,745.0,0.0,0.0,0.0,1.0
bfe85bcd-1264-4e98-b82e-927578a109bb,2449.0,2449.0,0.0,2449.0,2449.0,0.0,0.0,0.0,1.0
bfee3a28-6b8c-44bc-9e9c-7582c4f2cf95,33900.0,33900.0,0.0,33900.0,33900.0,0.0,0.0,0.0,1.0
bfef420a-01ff-47d7-80bf-6bcfcc321907,120.0,120.0,0.0,120.0,120.0,0.0,0.0,0.0,1.0
c0054afc-e422-4bad-b3d1-e6666137b340,14500.0,14500.0,0.0,14500.0,14500.0,0.0,0.0,0.0,1.0
c00933da-e72e-4119-8cd2-784d1baebad7,3800.0,3800.0,0.0,3800.0,3800.0,0.0,0.0,0.0,1.0
c00c817d-f5ae-4ecb-9d9d-94af37cc165b,2995.0,2995.0,0.0,2995.0,2995.0,0.0,0.0,0.0,1.0
c00cc2a3-4e20-4597-b19c-9987daff0be6,2495.0,2495.0,0.0,2495.0,2495.0,0.0,0.0,0.0,1.0
c00eecfd-98da-4def-a1ba-d6ed567bbf92,2850.0,2850.0,0.0,2850.0,2850.0,0.0,0.0,0.0,1.0
c017de59-b234-4224-9688-c391d1f5932c,1195.0,1195.0,0.0,1195.0,1195.0,0.0,0.0,0.0,1.0
c0222f47-98e0-4a13-988d-c7071d9f87be,10900.0,10900.0,0.0,10900.0,10900.0,0.0,0.0,0.0,1.0
c0303f3e-b7b1-45b7-a5a5-54dc09fa1b87,3995.0,3995.0,0.0,3995.0,3995.0,0.0,0.0,0.0,1.0
c0397e64-7ddf-44dd-935f-12a60d111fb8,11900.0,11900.0,0.0,11900.0,11900.0,0.0,0.0,0.0,1.0
c03b82bc-790b-42f2-ac09-a634ff488f1d,3000.0,3000.0,0.0,3000.0,3000.0,0.0,0.0,0.0,1.0
c03d0d8e-e666-49e3-8e02-d3d8186b7a65,2850.0,2850.0,0.0,2850.0,2850.0,0.0,0.0,0.0,1.0
c055bfbb-8784-4021-afa4-dfa7078bb259,1730.0,1730.0,0.0,1730.0,1730.0,0.0,0.0,0.0,1.0
c05ec877-5e76-46fc-ab72-bb9abffcca9b,1595.0,1595.0,0.0,1595.0,1595.0,0.0,0.0,0.0,1.0
c069bca1-5a56-4a55-8a01-d377bb8f9bb9,125.0,125.0,0.0,125.0,125.0,0.0,0.0,0.0,1.0
c06fc551-49eb-4c34-99b2-6216674b7822,2445.0,2445.0,0.0,2445.0,2445.0,0.0,0.0,0.0,1.0
c071d5ce-4b72-4169-b326-b2237cfe0b5e,22900.0,22900.0,0.0,22900.0,22900.0,0.0,0.0,0.0,1.0
c077a179-2be4-4e5e-9f7f-b88f5b9c6799,2595.0,2595.0,0.0,2595.0,2595.0,0.0,0.0,0.0,1.0
c07ec9e6-7c94-45f5-b249-b6125b29d2e9,1195.0,1195.0,0.0,1195.0,1195.0,0.0,0.0,0.0,1.0
c0830c7a-5cd1-4270-98f1-e07de2781045,235.0,235.0,0.0,235.0,235.0,0.0,0.0,0.0,1.0
c08493b7-0532-477f-8277-ba1c656a18ba,460.0,460.0,0.0,460.0,460.0,0.0,0.0,0.0,1.0
c08cc565-f05f-4dac-b0c5-c8d94e5744a2,3595.0,3595.0,0.0,3595.0,3595.0,0.0,0.0,0.0,1.0
c091e037-014d-4791-8d18-5f6322586f27,2900.0,2900.0,0.0,2900.0,2900.0,0.0,0.0,0.0,1.0
c0955289-71dc-402f-93e6-0e3e861f918d,5995.0,5995.0,0.0,5995.0,5995.0,0.0,0.0,0.0,1.0
c098f777-5fbf-4f1c-92b2-7d99083d5a42,645.0,645.0,0.0,645.0,645.0,0.0,0.0,0.0,1.0
c09afa59-cf86-4973-b82a-8976219f7635,995.0,995.0,0.0,995.0,995.0,0.0,0.0,0.0,1.0
c09c73d3-d8a3-48db-b54b-e0985f0c498a,1695.0,1695.0,0.0,1695.0,1695.0,0.0,0.0,0.0,1.0
c09f4a1a-6fb1-457f-8053-07bdd442e0dc,1295.0,1295.0,0.0,1295.0,1295.0,0.0,0.0,0.0,1.0
c0a0df7e-4a69-496f-a013-ff65b4282353,610.0,610.0,0.0,610.0,610.0,0.0,0.0,0.0,1.0
c0a1aec9-baa2-4861-812b-378c1b2ba1d3,2900.0,2900.0,0.0,2900.0,2900.0,0.0,0.0,0.0,1.0
c0aad339-dc45-413c-a82b-dbea0254ac26,2900.0,2900.0,0.0,2900.0,2900.0,0.0,0.0,0.0,1.0
c0ad779b-4411-4cad-ab32-b2328aa40ae2,1695.0,1695.0,0.0,1695.0,1695.0,0.0,0.0,0.0,1.0
c0b68307-ee23-4d04-a5c2-af1657fa6fbf,445.0,445.0,0.0,445.0,445.0,0.0,0.0,0.0,1.0
c0b88901-63b9-4165-8687-b43ffa6b9598,29900.0,29900.0,0.0,29900.0,29900.0,0.0,0.0,0.0,1.0
c0b9bf8d-343f-447c-b428-bfe464cd6f02,27900.0,27900.0,0.0,27900.0,27900.0,0.0,0.0,0.0,1.0
c0c7c588-d72b-4dec-93f9-2b2eddfd1f2c,3799.0,3799.0,0.0,3799.0,3799.0,0.0,0.0,0.0,1.0
c0d8b88b-77f7-46e6-aa47-b13cadd62ed9,4900.0,4900.0,0.0,4900.0,4900.0,0.0,0.0,0.0,1.0
c0db4147-de13-4112-bace-1b73fb9e2842,1945.0,1945.0,0.0,1945.0,1945.0,0.0,0.0,0.0,1.0
c0dd58e4-c194-4587-adc5-192ebf41133b,1160.0,1160.0,0.0,1160.0,1160.0,0.0,0.0,0.0,1.0
c0e300e9-9c68-4db4-9d99-879c4d20ab6b,3995.0,3995.0,0.0,3995.0,3995.0,0.0,0.0,0.0,1.0
c0e7905e-b7a7-4d83-b558-4f075287bc38,2995.0,2995.0,0.0,2995.0,2995.0,0.0,0.0,0.0,1.0
c0f63b7b-e6b0-4ca3-a82a-305b564037d0,4395.0,4395.0,0.0,4395.0,4395.0,0.0,0.0,0.0,1.0
c0f7e360-7b4e-423a-a09f-198ccc9ca1c7,5750.0,5750.0,0.0,5750.0,5750.0,0.0,0.0,0.0,1.0
c10156ce-3281-4069-9414-700576373ed9,715.0,715.0,0.0,715.0,715.0,0.0,0.0,0.0,1.0
c103f3e1-b631-4d97-8266-18b1693035a1,1495.0,1495.0,0.0,1495.0,1495.0,0.0,0.0,0.0,1.0
c1090f9f-f119-47cb-8704-7d526c311439,6295.0,6295.0,0.0,6295.0,6295.0,0.0,0.0,0.0,1.0
c10e02fc-3074-461c-aa32-298a79d547b6,9900.0,9900.0,0.0,9900.0,9900.0,0.0,0.0,0.0,1.0
c10e4cb7-2cc0-47fb-a574-1705c4a8a265,2299.0,2299.0,0.0,2299.0,2299.0,0.0,0.0,0.0,1.0
c113be5f-2dfa-47b2-9cf8-ddac6a01cf8e,3995.0,3995.0,0.0,3995.0,3995.0,0.0,0.0,0.0,1.0
c1205f49-4a83-4af2-b756-4221b6ac9c65,695.0,695.0,0.0,695.0,695.0,0.0,0.0,0.0,1.0
c120f1c7-0a1d-40ee-a97a-a0359818a689,4490.0,4490.0,0.0,4490.0,4490.0,0.0,0.0,0.0,1.0
c126a5fc-a6c9-43d2-bc34-1006d0ad7be2,11900.0,11900.0,0.0,11900.0,11900.0,0.0,0.0,0.0,1.0
c12bbbd1-c2c9-4ba6-9f72-03cb03ebb9cb,1995.0,1995.0,0.0,1995.0,1995.0,0.0,0.0,0.0,1.0
c12d744e-9126-47bf-a344-7408ee263207,675.0,675.0,0.0,675.0,675.0,0.0,0.0,0.0,1.0
c132627c-6822-4023-a0ee-0db5472da125,2995.0,2995.0,0.0,2995.0,2995.0,0.0,0.0,0.0,1.0
c138c0f6-4ae2-417c-8d4e-7abc86b45eb5,5395.0,5395.0,0.0,5395.0,5395.0,0.0,0.0,0.0,1.0
c139cab7-d34c-464e-b753-383d3a29fa0a,540.0,540.0,0.0,540.0,540.0,0.0,0.0,0.0,1.0
c14c97f5-cf6b-4569-9141-6f67a7c24ec7,1295.0,1295.0,0.0,1295.0,1295.0,0.0,0.0,0.0,1.0
c151ec35-894b-4a45-8048-0488875e9386,695.0,695.0,0.0,695.0,695.0,0.0,0.0,0.0,1.0
c1522813-6402-4791-a58d-8daff6645450,2095.0,2095.0,0.0,2095.0,2095.0,0.0,0.0,0.0,1.0
c152ef79-ff55-4980-8bdf-2902df562a2f,120.0,120.0,0.0,120.0,120.0,0.0,0.0,0.0,1.0
c1574c82-bf04-4963-b956-448ce633538a,65.0,65.0,0.0,65.0,65.0,0.0,0.0,0.0,1.0
c1645f33-6d63-4e1e-a2e5-50d1ec6ff3e5,475.0,475.0,0.0,475.0,475.0,0.0,0.0,0.0,1.0
c16fe3a1-96cc-4723-bf34-677a2350f761,1750.0,1750.0,0.0,1750.0,1750.0,0.0,0.0,0.0,1.0
c173b92f-360c-4ad1-8453-da5886c074f7,800.0,800.0,0.0,800.0,800.0,0.0,0.0,0.0,1.0
c17b220b-5176-4ed3-b7ca-89976ac6728c,4995.0,4995.0,0.0,4995.0,4995.0,0.0,0.0,0.0,1.0
c17d5cda-57d7-4051-8a2f-e5ea805e7e47,2850.0,2850.0,0.0,2850.0,2850.0,0.0,0.0,0.0,1.0
c17f94b4-cd17-4899-ad5d-f201bed14a39,5695.0,5695.0,0.0,5695.0,5695.0,0.0,0.0,0.0,1.0
c1863a73-35f3-4ac2-bf8a-3369e6582396,4495.0,4495.0,0.0,4495.0,4495.0,0.0,0.0,0.0,1.0
c188fb76-c2de-46fc-8232-b01c43a8a686,4900.0,4900.0,0.0,4900.0,4900.0,0.0,0.0,0.0,1.0
c18aadb7-ae5e-464f-8db1-c8f6da554952,4995.0,4995.0,0.0,4995.0,4995.0,0.0,0.0,0.0,1.0
c18b0b9c-e95e-4b4b-ba2b-1c3e74948eb8,4495.0,4495.0,0.0,4495.0,4495.0,0.0,0.0,0.0,1.0
c18c4564-be24-4bd8-b0f3-b3c5a5224313,71900.0,71900.0,0.0,71900.0,71900.0,0.0,0.0,0.0,1.0
c192a7c0-44f9-42ba-997c-ff6b2a3f0161,695.0,695.0,0.0,695.0,695.0,0.0,0.0,0.0,1.0
c1984cbb-a91b-4040-9a1c-de92e5a158bc,1750.0,1750.0,0.0,1750.0,1750.0,0.0,0.0,0.0,1.0
c19ef10a-62a2-43d7-8953-9fff4d5f3926,6495.0,6495.0,0.0,6495.0,6495.0,0.0,0.0,0.0,1.0
c1a0005b-83d5-48b5-990c-a6b2145137c8,42900.0,42900.0,0.0,42900.0,42900.0,0.0,0.0,0.0,1.0
c1ad4c70-84ad-441d-80cd-78ca3f413139,175.0,175.0,0.0,175.0,175.0,0.0,0.0,0.0,1.0
c1b3892f-f309-4886-a4a9-c190350ffa90,11900.0,11900.0,0.0,11900.0,11900.0,0.0,0.0,0.0,1.0
c1b3b972-98e2-4cd5-be18-fa42876e2c48,95.0,95.0,0.0,95.0,95.0,0.0,0.0,0.0,1.0
c1b9cc42-7c14-41b9-9558-559f57d6ef80,10900.0,10900.0,0.0,10900.0,10900.0,0.0,0.0,0.0,1.0
c1c4a61b-0ee0-42d2-832f-394c7d66937c,1795.0,1795.0,0.0,1795.0,1795.0,0.0,0.0,0.0,1.0
c1c8d21e-9209-4a8c-bb39-f6e541c15284,15900.0,15900.0,0.0,15900.0,15900.0,0.0,0.0,0.0,1.0
c1d5626c-0ae8-4885-b991-c651089efe4c,17900.0,17900.0,0.0,17900.0,17900.0,0.0,0.0,0.0,1.0
c1de0bd0-55f1-4d31-94ad-37608b482281,14900.0,14900.0,0.0,14900.0,14900.0,0.0,0.0,0.0,1.0
c1e1a371-2c99-40f2-b7bf-e6c7b0d51eff,645.0,645.0,0.0,645.0,645.0,0.0,0.0,0.0,1.0
c1e80122-1828-4e53-9a27-d321e5ccc016,55900.0,55900.0,0.0,55900.0,55900.0,0.0,0.0,0.0,1.0
c1eb06ab-dd7e-422a-a93c-909d034c45f2,5990.0,5990.0,0.0,5990.0,5990.0,0.0,0.0,0.0,1.0
c1f5b17c-a167-4ece-8dfa-f7f2ce355a57,1695.0,1695.0,0.0,1695.0,1695.0,0.0,0.0,0.0,1.0
c1f7b13c-a31b-4416-9ba7-d414606db8f5,2395.0,2395.0,0.0,2395.0,2395.0,0.0,0.0,0.0,1.0
c202ad8a-9187-473d-9128-130833d85b63,1799.0,1799.0,0.0,1799.0,1799.0,0.0,0.0,0.0,1.0
c2077954-4b15-4b44-aaa3-7cb21b489afa,160.0,160.0,0.0,160.0,160.0,0.0,0.0,0.0,1.0
c2079976-71e8-49a3-ae47-6f6b18837a17,2849.0,2849.0,0.0,2849.0,2849.0,0.0,0.0,0.0,1.0
c20b96b1-25fb-4bd3-a77b-9bd6a6cb255d,5295.0,5295.0,0.0,5295.0,5295.0,0.0,0.0,0.0,1.0
c2136302-7d48-423f-bff2-e96eed4bd392,22900.0,22900.0,0.0,22900.0,22900.0,0.0,0.0,0.0,1.0
c219e350-ecd3-4a29-adf7-9773e51f9b98,3795.0,3795.0,0.0,3795.0,3795.0,0.0,0.0,0.0,1.0
c22553e7-1c99-40a6-a17e-cd186af7e15e,4445.0,4445.0,0.0,4445.0,4445.0,0.0,0.0,0.0,1.0
c229ac2f-e4cf-48b8-915f-bc58b6f287b6,1650.0,1650.0,0.0,1650.0,1650.0,0.0,0.0,0.0,1.0
c22b9009-8192-4a93-abc3-c4df86730425,3895.0,3895.0,0.0,3895.0,3895.0,0.0,0.0,0.0,1.0
c235b0ce-c6e4-4d96-ae94-b4a1a059761b,2100.0,2100.0,0.0,2100.0,2100.0,0.0,0.0,0.0,1.0
c23fee84-3483-4b7b-ae96-1d4faca3596d,595.0,595.0,0.0,595.0,595.0,0.0,0.0,0.0,1.0
c2407e88-80ad-4148-84ed-9023ae6d199f,2700.0,2700.0,0.0,2700.0,2700.0,0.0,0.0,0.0,1.0
c2458015-9be0-4200-b361-5f1b18dacef5,475.0,475.0,0.0,475.0,475.0,0.0,0.0,0.0,1.0
c249ceea-24b9-4c20-8fd9-37ef2ff6cb9f,2129.0,2129.0,0.0,2129.0,2129.0,0.0,0.0,0.0,1.0
c2527960-1469-4e23-92cf-e0dd38414b53,22900.0,22900.0,0.0,22900.0,22900.0,0.0,0.0,0.0,1.0
c255c182-9349-4494-8906-38225b78606e,5350.0,5350.0,0.0,5350.0,5350.0,0.0,0.0,0.0,1.0
c25a01a3-7c79-462b-a0ad-2db88aabf9db,4495.0,4495.0,0.0,4495.0,4495.0,0.0,0.0,0.0,1.0
c25ad39d-0422-4dd7-b287-57744ab5a007,8995.0,8995.0,0.0,8995.0,8995.0,0.0,0.0,0.0,1.0
c25c48ca-9960-448a-97d2-9117b182e66b,800.0,800.0,0.0,800.0,800.0,0.0,0.0,0.0,1.0
c2609891-4695-46be-8ceb-da52fde24507,645.0,645.0,0.0,645.0,645.0,0.0,0.0,0.0,1.0
c2735a54-5e31-45c9-91bf-e314545716a9,2195.0,2195.0,0.0,2195.0,2195.0,0.0,0.0,0.0,1.0
c2741bd6-4caf-4ae4-a32d-1ed42b61c1ac,3100.0,3100.0,0.0,3100.0,3100.0,0.0,0.0,0.0,1.0
c27e7756-06f0-4f0b-877d-4c02b9943281,1995.0,1995.0,0.0,1995.0,1995.0,0.0,0.0,0.0,1.0
c2966cf1-f47a-4f62-965e-195c583403b2,16900.0,16900.0,0.0,16900.0,16900.0,0.0,0.0,0.0,1.0
c2a077f0-0d22-4ff4-bae8-eeabd92b5ab4,2295.0,2295.0,0.0,2295.0,2295.0,0.0,0.0,0.0,1.0
c2ac49c9-7b98-45a1-bbca-7ffffbb61f54,2795.0,2795.0,0.0,2795.0,2795.0,0.0,0.0,0.0,1.0
c2b19318-50be-43db-af88-5362ce843bbd,13900.0,13900.0,0.0,13900.0,13900.0,0.0,0.0,0.0,1.0
c2b40219-6e00-49f2-a725-d740ca15d4a8,41900.0,41900.0,0.0,41900.0,41900.0,0.0,0.0,0.0,1.0
c2bb332a-a9de-4636-8527-56bf975782e8,155.0,155.0,0.0,155.0,155.0,0.0,0.0,0.0,1.0
c2bd9be4-19bb-42f8-afb5-ffa1dad61c96,5900.0,5900.0,0.0,5900.0,5900.0,0.0,0.0,0.0,1.0
c2c19b00-240a-49dc-9cc9-5ead8db2b096,3110.0,3110.0,0.0,3110.0,3110.0,0.0,0.0,0.0,1.0
c2dafdc0-5baf-4a51-8d05-121c8e0b5b01,26900.0,26900.0,0.0,26900.0,26900.0,0.0,0.0,0.0,1.0
c2dd22e2-72fa-49d0-851b-de616a32aa0e,480.0,480.0,0.0,480.0,480.0,0.0,0.0,0.0,1.0
c2e7a3d1-dee6-403c-bc0a-53a4fdd87689,14500.0,14500.0,0.0,14500.0,14500.0,0.0,0.0,0.0,1.0
c2e800f7-89f7-417c-8c6e-8fc0d2e4200b,7295.0,7295.0,0.0,7295.0,7295.0,0.0,0.0,0.0,1.0
c2e9ed67-6fc6-46a9-a3dd-c48bc135ae1e,2795.0,2795.0,0.0,2795.0,2795.0,0.0,0.0,0.0,1.0
c2f1ed5a-882f-424b-a520-9f27e34bb8fc,755.0,755.0,0.0,755.0,755.0,0.0,0.0,0.0,1.0
c2f4d0c3-2628-43bd-b7ef-df4f51f5d635,2449.0,2449.0,0.0,2449.0,2449.0,0.0,0.0,0.0,1.0
c2f9a3c8-8dce-4b46-ac17-b1760a56f3ba,95.0,95.0,0.0,95.0,95.0,0.0,0.0,0.0,1.0
c3140a90-c9db-463f-bb0a-4732f84c7dc0,750.0,750.0,0.0,750.0,750.0,0.0,0.0,0.0,1.0
c31767d8-e23a-4321-860c-642a9133c1a8,8495.0,8495.0,0.0,8495.0,8495.0,0.0,0.0,0.0,1.0
c3186af8-0cbd-46bc-95ea-c5c5cc9b260b,465.0,465.0,0.0,465.0,465.0,0.0,0.0,0.0,1.0
c327af78-4530-442d-bc6e-768bc36dbbdd,2850.0,2850.0,0.0,2850.0,2850.0,0.0,0.0,0.0,1.0
c3371ef7-8c85-4207-aa78-346b7fe57247,1995.0,1995.0,0.0,1995.0,1995.0,0.0,0.0,0.0,1.0
c33b11cd-b7f3-462d-9d26-53bcb2ccc563,4495.0,4495.0,0.0,4495.0,4495.0,0.0,0.0,0.0,1.0
c33d2446-5f06-43d1-b384-bb900ccd89e1,2095.0,2095.0,0.0,2095.0,2095.0,0.0,0.0,0.0,1.0
c3421701-0f4c-49be-9ea4-51fae3533dd0,15500.0,15500.0,0.0,15500.0,15500.0,0.0,0.0,0.0,1.0
c34e8ba4-91af-4580-a121-03311affeb77,3995.0,3995.0,0.0,3995.0,3995.0,0.0,0.0,0.0,1.0
c353dacd-53b0-48a2-9b49-6952363b1f7b,2445.0,2445.0,0.0,2445.0,2445.0,0.0,0.0,0.0,1.0
c357b538-9f73-4d2f-b532-e1aad82dcb78,650.0,650.0,0.0,650.0,650.0,0.0,0.0,0.0,1.0
c35c7e2f-7a4b-4858-967f-96d27bdbc3d7,2700.0,2700.0,0.0,2700.0,2700.0,0.0,0.0,0.0,1.0
c35d366b-58e4-4388-b9a6-137410092b3c,55.0,55.0,0.0,55.0,55.0,0.0,0.0,0.0,1.0
c35f11f5-80bc-4dc3-8ca1-a438ce47cbb3,9995.0,9995.0,0.0,9995.0,9995.0,0.0,0.0,0.0,1.0
c35ff9f5-126e-4291-8747-4a6b5bb80771,995.0,995.0,0.0,995.0,995.0,0.0,0.0,0.0,1.0
c37e56b6-0007-43db-b75f-0e71a22630da,1260.0,1260.0,0.0,1260.0,1260.0,0.0,0.0,0.0,1.0
c3837272-b133-45f5-ab17-5131ad568feb,4295.0,4295.0,0.0,4295.0,4295.0,0.0,0.0,0.0,1.0
c3839a0d-9ff1-424d-8282-35584f60576e,845.0,845.0,0.0,845.0,845.0,0.0,0.0,0.0,1.0
c38a9fbf-819c-433b-a353-c2fe9d90c1a8,1695.0,1695.0,0.0,1695.0,1695.0,0.0,0.0,0.0,1.0
c38f9ffc-23b1-4ab6-bbd2-e1190bd0b4fa,2040.0,2040.0,0.0,2040.0,2040.0,0.0,0.0,0.0,1.0
c398b9a1-2b96-49e8-987a-f8ddb2837d70,3650.0,3650.0,0.0,3650.0,3650.0,0.0,0.0,0.0,1.0
c3a077a8-01e6-4f8f-8e38-beceee15a7d8,8995.0,8995.0,0.0,8995.0,8995.0,0.0,0.0,0.0,1.0
c3a0d2f5-af38-40c5-81c3-a8992ca5a327,695.0,695.0,0.0,695.0,695.0,0.0,0.0,0.0,1.0
c3a27121-e645-4deb-8fcb-ac935fadd674,1500.0,1500.0,0.0,1500.0,1500.0,0.0,0.0,0.0,1.0
c3b8dec2-039e-4bb5-9417-89e33db46e4c,595.0,595.0,0.0,595.0,595.0,0.0,0.0,0.0,1.0
c3bb8d1c-c709-4362-86c9-74c1805e4ef0,15900.0,15900.0,0.0,15900.0,15900.0,0.0,0.0,0.0,1.0
c3bde3de-4e33-4531-996e-bfeef29cea50,2095.0,2095.0,0.0,2095.0,2095.0,0.0,0.0,0.0,1.0
c3c0a378-fb4d-40ae-a182-fd3bed19c82f,15900.0,15900.0,0.0,15900.0,15900.0,0.0,0.0,0.0,1.0
c3c39337-3ae8-4b21-970f-532de3755c4a,11500.0,11500.0,0.0,11500.0,11500.0,0.0,0.0,0.0,1.0
c3c8a9ff-e13d-40df-af26-998da0756447,5995.0,5995.0,0.0,5995.0,5995.0,0.0,0.0,0.0,1.0
c3cb5485-3cb4-46a7-a333-432c89a42971,2150.0,2150.0,0.0,2150.0,2150.0,0.0,0.0,0.0,1.0
c3d2fd2a-11f6-49f4-a4ce-d3248bdf24b1,1795.0,1795.0,0.0,1795.0,1795.0,0.0,0.0,0.0,1.0
c3d48c94-c12a-40d0-ba9e-849d9a8b5d9e,2090.0,2090.0,0.0,2090.0,2090.0,0.0,0.0,0.0,1.0
c3d75cc6-7694-47e4-8a78-f918982ad056,2850.0,2850.0,0.0,2850.0,2850.0,0.0,0.0,0.0,1.0
c3d8f447-ebf2-48f6-8094-5dc5edafbfb7,2395.0,2395.0,0.0,2395.0,2395.0,0.0,0.0,0.0,1.0
c3e3b74d-a9cd-4c0e-aa42-20178267f0e0,595.0,595.0,0.0,595.0,595.0,0.0,0.0,0.0,1.0
c3ec45a1-9bc9-4f44-92d6-837191d3ba5a,8900.0,8900.0,0.0,8900.0,8900.0,0.0,0.0,0.0,1.0
c3f34395-8211-454d-8d27-3d9605534522,25900.0,25900.0,0.0,25900.0,25900.0,0.0,0.0,0.0,1.0
c3f3911f-9f06-49d6-980d-e6e13a7a1645,425.0,425.0,0.0,425.0,425.0,0.0,0.0,0.0,1.0
c3f4923f-6aa5-4803-a9f3-f6dcb62ba874,1499.0,1499.0,0.0,1499.0,1499.0,0.0,0.0,0.0,1.0
c3f75a82-6b0c-4315-984d-3c56639bb1c4,3445.0,3445.0,0.0,3445.0,3445.0,0.0,0.0,0.0,1.0
c3f8c36d-59ec-4564-aa43-473fe41ea99e,2500.0,2500.0,0.0,2500.0,2500.0,0.0,0.0,0.0,1.0
c3f935e7-7473-4f87-8b03-82448cf27167,2999.0,2999.0,0.0,2999.0,2999.0,0.0,0.0,0.0,1.0
c3f9477d-9fc2-4ada-b84e-62066b25d457,11500.0,11500.0,0.0,11500.0,11500.0,0.0,0.0,0.0,1.0
c3f99dd2-6a6d-41f8-8869-3b1319d77827,6995.0,6995.0,0.0,6995.0,6995.0,0.0,0.0,0.0,1.0
c4046671-f1d4-405d-9523-00a92e70ec24,540.0,540.0,0.0,540.0,540.0,0.0,0.0,0.0,1.0
c409053b-3759-488d-a686-4a51289342eb,6070.0,6070.0,0.0,6070.0,6070.0,0.0,0.0,0.0,1.0
c4092820-14eb-4705-8a1c-ed057bb11924,7700.0,7700.0,0.0,7700.0,7700.0,0.0,0.0,0.0,1.0
c40c5de5-5c78-4d47-9a9a-b1d17567ce2b,4545.0,4545.0,0.0,4545.0,4545.0,0.0,0.0,0.0,1.0
c40c872b-e0b1-4a60-9a5f-8225ad5c905e,6490.0,6490.0,0.0,6490.0,6490.0,0.0,0.0,0.0,1.0
c410e641-ff0c-497b-beb9-4a2a273475ea,5495.0,5495.0,0.0,5495.0,5495.0,0.0,0.0,0.0,1.0
c41f07a8-6d1b-47f3-b1e0-24ea5eb7be02,5495.0,5495.0,0.0,5495.0,5495.0,0.0,0.0,0.0,1.0
c420664b-2020-4a87-abfa-d9cc4bedad91,845.0,845.0,0.0,845.0,845.0,0.0,0.0,0.0,1.0
c4213c04-5b64-4bf5-ac42-2bc72256310b,14900.0,14900.0,0.0,14900.0,14900.0,0.0,0.0,0.0,1.0
c4219f20-8fc8-4294-9e34-4180c73aa701,7495.0,7495.0,0.0,7495.0,7495.0,0.0,0.0,0.0,1.0
c42867a4-9b27-4c94-a3d5-db017845bf4b,4995.0,4995.0,0.0,4995.0,4995.0,0.0,0.0,0.0,1.0
c42883d2-9246-4814-959c-5b6d5706831b,7295.0,7295.0,0.0,7295.0,7295.0,0.0,0.0,0.0,1.0
c4539af2-ac57-45cc-9ff2-014e8b45cd1d,3995.0,3995.0,0.0,3995.0,3995.0,0.0,0.0,0.0,1.0
c4581d65-3efc-43cf-b349-2d4682d45517,2995.0,2995.0,0.0,2995.0,2995.0,0.0,0.0,0.0,1.0
c45e7731-e8d3-4206-a243-0a16f9a331ca,1199.0,1199.0,0.0,1199.0,1199.0,0.0,0.0,0.0,1.0
c46c31c1-ff06-4bd4-84ed-c5144db476d5,39900.0,39900.0,0.0,39900.0,39900.0,0.0,0.0,0.0,1.0
c4723c25-7c57-4c23-b181-032f2d632c49,1995.0,1995.0,0.0,1995.0,1995.0,0.0,0.0,0.0,1.0
c47bd07f-ccbe-4601-ac8f-37d89331ec80,11500.0,11500.0,0.0,11500.0,11500.0,0.0,0.0,0.0,1.0
c48533ef-187a-4e12-a951-e5eec06549a6,475.0,475.0,0.0,475.0,475.0,0.0,0.0,0.0,1.0
c4855d4a-29af-4fde-8098-79bfca2893eb,31900.0,31900.0,0.0,31900.0,31900.0,0.0,0.0,0.0,1.0
c488e13b-513c-437c-90a5-e2faa492753c,4050.0,4050.0,0.0,4050.0,4050.0,0.0,0.0,0.0,1.0
c48a8cb7-c58d-4ebe-9c6c-436243694683,5500.0,5500.0,0.0,5500.0,5500.0,0.0,0.0,0.0,1.0
c48bb8ee-4ae4-44ca-8eeb-0052ebbed8cd,2445.0,2445.0,0.0,2445.0,2445.0,0.0,0.0,0.0,1.0
c48bbfe4-6921-4edc-9476-16d941a04eb6,9900.0,9900.0,0.0,9900.0,9900.0,0.0,0.0,0.0,1.0
c49702b5-10c3-4795-8b2c-ae36beeb295f,12900.0,12900.0,0.0,12900.0,12900.0,0.0,0.0,0.0,1.0
c4a5a598-381b-4c0a-9e93-bcb3f7a1ad9f,2850.0,2850.0,0.0,2850.0,2850.0,0.0,0.0,0.0,1.0
c4b6be84-3c89-48d2-bc62-ccd8d20bc106,117.0,117.0,0.0,117.0,117.0,0.0,0.0,0.0,1.0
c4bcb214-9b63-4af2-bc65-2074abcbca7d,1095.0,1095.0,0.0,1095.0,1095.0,0.0,0.0,0.0,1.0
c4c0f528-ac4e-4345-aff9-e151701dd681,1395.0,1395.0,0.0,1395.0,1395.0,0.0,0.0,0.0,1.0
c4c67a30-48b9-4cbe-92b2-6d6aa637aca4,14900.0,14900.0,0.0,14900.0,14900.0,0.0,0.0,0.0,1.0
c4c9984d-deb4-40bb-9310-59babf5480cf,5345.0,5345.0,756.6042558696058,4810.0,5880.0,535.0,0.14155364936755954,1070.0,1.2224532224532225
c4df9a9b-0976-45cc-9ae0-fdf74ba58ad0,1695.0,1695.0,0.0,1695.0,1695.0,0.0,0.0,0.0,1.0
c4eac2d7-e6ef-4b8e-a3d6-746465a5fa82,1895.0,1895.0,0.0,1895.0,1895.0,0.0,0.0,0.0,1.0
c4f0d102-3fee-4a47-9631-40712ce80efd,10500.0,10500.0,0.0,10500.0,10500.0,0.0,0.0,0.0,1.0
c4f843b5-04eb-47b7-bdd9-fa98118f83a7,4995.0,4995.0,0.0,4995.0,4995.0,0.0,0.0,0.0,1.0
c511bb7e-3fd4-4d7b-93be-1dc7358e1e2f,650.0,650.0,0.0,650.0,650.0,0.0,0.0,0.0,1.0
c52784e5-e8d4-4dfd-a3f5-ed062db5ba13,7200.0,7200.0,0.0,7200.0,7200.0,0.0,0.0,0.0,1.0
c528a002-9d1f-47bb-9db8-c94cadd465bb,12500.0,12500.0,0.0,12500.0,12500.0,0.0,0.0,0.0,1.0
c52fba79-4a6d-4296-8f88-d1028d8b0f83,1650.0,1650.0,0.0,1650.0,1650.0,0.0,0.0,0.0,1.0
c530c474-e7fd-4e90-9308-1d45ad5ed5cd,695.0,695.0,0.0,695.0,695.0,0.0,0.0,0.0,1.0
c532e109-e35f-4915-b844-c05463ea51d5,12500.0,12500.0,0.0,12500.0,12500.0,0.0,0.0,0.0,1.0
c5339a81-917f-45d7-904d-8e9699808da3,2995.0,2995.0,0.0,2995.0,2995.0,0.0,0.0,0.0,1.0
c53ecace-0887-47fe-b38c-afc4ae87b2ea,850.0,850.0,0.0,850.0,850.0,0.0,0.0,0.0,1.0
c5414972-5284-46fa-aa60-c65930d9d3d6,80.0,80.0,0.0,80.0,80.0,0.0,0.0,0.0,1.0
c5536840-80be-4b42-8afe-d163e5902f60,795.0,795.0,0.0,795.0,795.0,0.0,0.0,0.0,1.0
c5558e26-1a8c-4911-ad54-93d974387711,2015.0,2015.0,0.0,2015.0,2015.0,0.0,0.0,0.0,1.0
c558f2e0-d850-4d4c-9fdb-d1d07c404a74,8995.0,8995.0,0.0,8995.0,8995.0,0.0,0.0,0.0,1.0
c5594867-b4c2-474c-9836-1e22b9e03a8b,395.0,395.0,0.0,395.0,395.0,0.0,0.0,0.0,1.0
c5676139-5760-4887-8828-2befa02798ff,2800.0,2800.0,0.0,2800.0,2800.0,0.0,0.0,0.0,1.0
c569dbb3-1fcb-4ed7-b566-424aecb143c8,295.0,295.0,0.0,295.0,295.0,0.0,0.0,0.0,1.0
c56d4968-fa94-46da-9dff-978e84c01675,8500.0,8500.0,0.0,8500.0,8500.0,0.0,0.0,0.0,1.0
c56d70a5-18fe-4624-a1c8-5da1127d680c,2695.0,2695.0,0.0,2695.0,2695.0,0.0,0.0,0.0,1.0
c57c7f27-8c05-40e2-8871-5a821f1658cd,595.0,595.0,0.0,595.0,595.0,0.0,0.0,0.0,1.0
c57e5439-70a1-45fe-bd95-27da027de55b,18900.0,18900.0,0.0,18900.0,18900.0,0.0,0.0,0.0,1.0
c57f7315-da1d-48eb-b854-50f2e3b6fdc4,13700.0,13700.0,0.0,13700.0,13700.0,0.0,0.0,0.0,1.0
c5874082-204a-49c3-9394-b27af54066d4,20900.0,20900.0,0.0,20900.0,20900.0,0.0,0.0,0.0,1.0
c58887ee-f45e-47b2-aad1-a90b919a7a19,2095.0,2095.0,0.0,2095.0,2095.0,0.0,0.0,0.0,1.0
c5899548-e996-481a-8236-1c22886baa60,8900.0,8900.0,0.0,8900.0,8900.0,0.0,0.0,0.0,1.0
c589c0e7-e74d-4a30-95b0-f71f84dba0ab,16900.0,16900.0,0.0,16900.0,16900.0,0.0,0.0,0.0,1.0
c5927d46-510a-40d6-a286-f3aec07ef475,17900.0,17900.0,0.0,17900.0,17900.0,0.0,0.0,0.0,1.0
c592c95e-6689-4f27-956e-2f9f18f51ac5,9900.0,9900.0,0.0,9900.0,9900.0,0.0,0.0,0.0,1.0
c59b7915-fcdc-4f10-b3a4-ac3dfca6dc26,16900.0,16900.0,0.0,16900.0,16900.0,0.0,0.0,0.0,1.0
c5a2d08d-a99e-42ed-9a04-6e2556508081,4495.0,4495.0,0.0,4495.0,4495.0,0.0,0.0,0.0,1.0
c5a3054a-9c0b-44e3-9e9b-5dd993e09458,3995.0,3995.0,0.0,3995.0,3995.0,0.0,0.0,0.0,1.0
c5a3e7a6-3e90-46b2-bd46-9f5d1ff06420,495.0,495.0,0.0,495.0,495.0,0.0,0.0,0.0,1.0
c5a738da-e1ed-400c-954d-83185bc3df02,125.0,125.0,0.0,125.0,125.0,0.0,0.0,0.0,1.0
c5a9cf62-8137-469d-87d0-eaf2e796e7b7,9900.0,9900.0,0.0,9900.0,9900.0,0.0,0.0,0.0,1.0
c5adea6e-b42d-410c-bbec-d40ad7821158,15900.0,15900.0,0.0,15900.0,15900.0,0.0,0.0,0.0,1.0
c5aeb485-8351-4289-842c-761591ca2c5b,8900.0,8900.0,0.0,8900.0,8900.0,0.0,0.0,0.0,1.0
c5c1cc5d-6f48-4219-aff5-8c6ab25b1bd3,9200.0,9200.0,0.0,9200.0,9200.0,0.0,0.0,0.0,1.0
c5c4a27c-bf0c-496b-bee4-582d25cc7ca3,1075.0,1075.0,0.0,1075.0,1075.0,0.0,0.0,0.0,1.0
c5c9c2d7-26eb-4af9-919c-b943a505e585,4190.0,4190.0,0.0,4190.0,4190.0,0.0,0.0,0.0,1.0
c5d00a35-643a-4005-926e-6ec43a318e37,1395.0,1395.0,0.0,1395.0,1395.0,0.0,0.0,0.0,1.0
c5d28391-56fc-413e-92da-dde48bd2106f,21900.0,21900.0,0.0,21900.0,21900.0,0.0,0.0,0.0,1.0
c5d8094f-49ec-4dcb-b531-304c507e7192,1445.0,1445.0,0.0,1445.0,1445.0,0.0,0.0,0.0,1.0
c5df767b-bd87-484f-917f-921020a243d2,1650.0,1650.0,0.0,1650.0,1650.0,0.0,0.0,0.0,1.0
c5e37f4f-311a-4b43-b3c9-3ce631cfa34a,4495.0,4495.0,0.0,4495.0,4495.0,0.0,0.0,0.0,1.0
c5eb1650-5e31-4b4b-b37b-9441e64fb7b0,1595.0,1595.0,0.0,1595.0,1595.0,0.0,0.0,0.0,1.0
c5ed1c3c-dd1a-4da6-922c-3ada16716977,5550.0,5550.0,0.0,5550.0,5550.0,0.0,0.0,0.0,1.0
c5f8bad8-f041-4189-b642-99927a95a9ad,3695.0,3695.0,0.0,3695.0,3695.0,0.0,0.0,0.0,1.0
c5fc0214-e8af-4a27-be2e-809a91a9bde4,14900.0,14900.0,0.0,14900.0,14900.0,0.0,0.0,0.0,1.0
c5fc5bb6-9427-4ae2-a9c9-f8845ad1ba24,2500.0,2500.0,0.0,2500.0,2500.0,0.0,0.0,0.0,1.0
c60156fe-4160-4e0e-a193-ddbc94c44ff1,5995.0,5995.0,0.0,5995.0,5995.0,0.0,0.0,0.0,1.0
c606e13e-844d-440c-92ab-35058e38e59e,895.0,895.0,0.0,895.0,895.0,0.0,0.0,0.0,1.0
c60bf5e2-8350-48db-a1bc-ff7d4b75161f,2695.0,2695.0,0.0,2695.0,2695.0,0.0,0.0,0.0,1.0
c60db64c-4cc3-410f-900c-a3cb851e318f,42900.0,42900.0,0.0,42900.0,42900.0,0.0,0.0,0.0,1.0
c61860f6-7a9b-4a9d-94ff-e0862d9e298b,4795.0,4795.0,0.0,4795.0,4795.0,0.0,0.0,0.0,1.0
c618a1fc-b95e-494c-9eca-1345c22987e8,995.0,995.0,0.0,995.0,995.0,0.0,0.0,0.0,1.0
c61dd6d6-3dcb-4daa-91c5-1a1df8331c0a,17900.0,17900.0,0.0,17900.0,17900.0,0.0,0.0,0.0,1.0
c6265842-6e6c-419a-8b6e-2b6a143a5b39,9900.0,9900.0,0.0,9900.0,9900.0,0.0,0.0,0.0,1.0
c62f0cd7-94d7-46ff-a13f-43a7b06a4626,1199.0,1199.0,0.0,1199.0,1199.0,0.0,0.0,0.0,1.0
c638226c-2f22-4528-b3df-cb991cc54cda,1795.0,1795.0,0.0,1795.0,1795.0,0.0,0.0,0.0,1.0
c638f3b7-2532-460e-8686-0479e86bcfdf,1595.0,1595.0,0.0,1595.0,1595.0,0.0,0.0,0.0,1.0
c6531d67-2e1c-4b8f-a52b-329da2a41b4a,695.0,695.0,0.0,695.0,695.0,0.0,0.0,0.0,1.0
c65982f8-4e4f-45c6-ada9-86f1266cdab1,595.0,595.0,0.0,595.0,595.0,0.0,0.0,0.0,1.0
c66241a4-47f3-42a4-96ae-1e38399b32a5,695.0,695.0,0.0,695.0,695.0,0.0,0.0,0.0,1.0
c6684942-e9fa-4e4b-8c44-2f9c99b92da2,13900.0,13900.0,0.0,13900.0,13900.0,0.0,0.0,0.0,1.0
c66947d3-ccf6-4837-afbb-a320f5d1e666,2395.0,2395.0,0.0,2395.0,2395.0,0.0,0.0,0.0,1.0
c67310c8-4679-46dc-9c40-d3cc020356dc,185.0,185.0,0.0,185.0,185.0,0.0,0.0,0.0,1.0
c678c801-b04b-4caf-982f-0623b4b08d8f,2295.0,2295.0,0.0,2295.0,2295.0,0.0,0.0,0.0,1.0
c682f6e9-8863-4e47-ad8b-4ba3e726565c,1795.0,1795.0,0.0,1795.0,1795.0,0.0,0.0,0.0,1.0
c68de766-3fca-4e0d-88dd-54610467ddb4,3995.0,3995.0,0.0,3995.0,3995.0,0.0,0.0,0.0,1.0
c68f4bc4-5eaf-48db-8c3e-84a2e405c96d,325.0,325.0,0.0,325.0,325.0,0.0,0.0,0.0,1.0
c693e75f-4b02-4108-8340-277331a67020,1650.0,1650.0,0.0,1650.0,1650.0,0.0,0.0,0.0,1.0
c6950765-c2f5-4e9a-b3bd-76021b728f00,3350.0,3350.0,0.0,3350.0,3350.0,0.0,0.0,0.0,1.0
c6957010-bf8f-4add-9da2-e67696a7dd51,46900.0,46900.0,0.0,46900.0,46900.0,0.0,0.0,0.0,1.0
c695a63a-87f6-4fbb-bf6a-82af1cb55ded,2895.0,2895.0,0.0,2895.0,2895.0,0.0,0.0,0.0,1.0
c69bfa63-2888-47b9-835f-94546cfbee8d,995.0,995.0,0.0,995.0,995.0,0.0,0.0,0.0,1.0
c69d113f-92a5-4b66-9aa2-81dae9638a3f,4295.0,4295.0,0.0,4295.0,4295.0,0.0,0.0,0.0,1.0
c6a2a073-0103-427d-b6c2-68dfe0925e5c,3695.0,3695.0,0.0,3695.0,3695.0,0.0,0.0,0.0,1.0
c6ab5224-2bd8-4ee8-ac13-2dbe18cabb4c,395.0,395.0,0.0,395.0,395.0,0.0,0.0,0.0,1.0
c6abc853-060e-4869-b853-7063db2fc898,390.0,390.0,0.0,390.0,390.0,0.0,0.0,0.0,1.0
c6bfa5bf-fa13-4d4a-baad-dfd3a869c6fe,3295.0,3295.0,0.0,3295.0,3295.0,0.0,0.0,0.0,1.0
c6c49f80-9643-4fd9-8df8-bbc66678503d,21900.0,21900.0,0.0,21900.0,21900.0,0.0,0.0,0.0,1.0
c6c512e5-b21d-4d20-a45c-073ebbdd2ff0,30900.0,30900.0,0.0,30900.0,30900.0,0.0,0.0,0.0,1.0
c6c7b0b6-8a4e-41e1-b675-cb03671d97ef,3000.0,3000.0,0.0,3000.0,3000.0,0.0,0.0,0.0,1.0
c6cceba5-743e-476b-b8bf-b0df31132e6a,6900.0,6900.0,0.0,6900.0,6900.0,0.0,0.0,0.0,1.0
c6daed8a-9aa2-4a9e-a145-0908e505956d,13900.0,13900.0,0.0,13900.0,13900.0,0.0,0.0,0.0,1.0
c6fbd903-7e58-4c95-b79b-fcf2cf534eb0,1795.0,1795.0,0.0,1795.0,1795.0,0.0,0.0,0.0,1.0
c703e4ea-48fc-48a7-adc4-f512b98f5682,3530.0,3530.0,0.0,3530.0,3530.0,0.0,0.0,0.0,1.0
c706fe8f-9d8c-4f58-a1ef-5afb80d1a536,2895.0,2895.0,0.0,2895.0,2895.0,0.0,0.0,0.0,1.0
c70f7250-c6fc-489f-93d4-a5a198665c40,645.0,645.0,0.0,645.0,645.0,0.0,0.0,0.0,1.0
c7139ebb-b3c0-48d1-989e-2fe4390c6c0f,17900.0,17900.0,0.0,17900.0,17900.0,0.0,0.0,0.0,1.0
c7157b22-4c6b-4493-a287-f1ab40fde9b4,2295.0,2295.0,0.0,2295.0,2295.0,0.0,0.0,0.0,1.0
c7168733-794e-45d1-a88b-23f4b7225399,550.0,550.0,0.0,550.0,550.0,0.0,0.0,0.0,1.0
c718cd59-0a70-4a68-b8cd-44a78a4520a6,1930.0,1930.0,0.0,1930.0,1930.0,0.0,0.0,0.0,1.0
c725f8d0-e995-4ed4-873b-b4b45388ed6a,1195.0,1195.0,0.0,1195.0,1195.0,0.0,0.0,0.0,1.0
c74eaede-758f-498d-bdd7-f8fc336f8c02,995.0,995.0,0.0,995.0,995.0,0.0,0.0,0.0,1.0
c74ebbe5-21e0-4458-b4f4-4fb52ee25ac9,1295.0,1295.0,0.0,1295.0,1295.0,0.0,0.0,0.0,1.0
c75e28f0-86fb-4631-94fb-35cdd8679ded,895.0,895.0,0.0,895.0,895.0,0.0,0.0,0.0,1.0
c766fdaa-f84d-4993-ac9b-97ef3c35d45f,545.0,545.0,0.0,545.0,545.0,0.0,0.0,0.0,1.0
c7708207-b04e-4974-b46f-8cef9a34cda3,7200.0,7200.0,0.0,7200.0,7200.0,0.0,0.0,0.0,1.0
c77c65e9-8ef2-45b8-83d7-7650f1f9a24a,295.0,295.0,0.0,295.0,295.0,0.0,0.0,0.0,1.0
c77e2e33-9ebd-461e-8703-c981b87c28d3,395.0,395.0,0.0,395.0,395.0,0.0,0.0,0.0,1.0
c77f0184-5f5d-4aaa-89e5-b331317f6cad,1895.0,1895.0,0.0,1895.0,1895.0,0.0,0.0,0.0,1.0
c7835b49-71df-4070-97c2-3fd1745f2aaa,1050.0,1050.0,0.0,1050.0,1050.0,0.0,0.0,0.0,1.0
c7874895-fa37-4b7c-95a6-d0228bcba7b0,8940.0,8940.0,0.0,8940.0,8940.0,0.0,0.0,0.0,1.0
c78a697b-c99a-48f2-8ea1-485408d7e696,2500.0,2500.0,0.0,2500.0,2500.0,0.0,0.0,0.0,1.0
c7917a85-b61a-44a9-9ac7-03cf1da0f81b,745.0,745.0,0.0,745.0,745.0,0.0,0.0,0.0,1.0
c794798f-d7ac-420e-bb99-8ad761471266,28500.0,28500.0,0.0,28500.0,28500.0,0.0,0.0,0.0,1.0
c7a872f7-86a1-4037-bd20-f84e838c9cc6,17900.0,17900.0,0.0,17900.0,17900.0,0.0,0.0,0.0,1.0
c7aa579f-8da5-422b-8d75-74e23598b4ab,195.0,195.0,0.0,195.0,195.0,0.0,0.0,0.0,1.0
c7af28fa-8b46-496f-859a-05b58d1fc460,1245.0,1245.0,0.0,1245.0,1245.0,0.0,0.0,0.0,1.0
c7b12d70-d22d-4d2c-b3e8-063e4093dac8,2850.0,2850.0,0.0,2850.0,2850.0,0.0,0.0,0.0,1.0
c7b156ab-a379-4790-9aca-4b7a5e36a256,695.0,695.0,0.0,695.0,695.0,0.0,0.0,0.0,1.0
c7b4fe8b-9f84-4369-a090-9c3b02af9d48,10900.0,10900.0,0.0,10900.0,10900.0,0.0,0.0,0.0,1.0
c7bdef7e-1c36-4b0b-bf1c-ec710b2eb75c,390.0,390.0,0.0,390.0,390.0,0.0,0.0,0.0,1.0
c7bed29f-195e-4526-9ec5-94359f413655,4895.0,4895.0,0.0,4895.0,4895.0,0.0,0.0,0.0,1.0
c7c09cac-9e5f-42aa-b098-0124278205b9,17900.0,17900.0,0.0,17900.0,17900.0,0.0,0.0,0.0,1.0
c7c810c8-5769-4f8a-b88d-9358ef186dcc,265.0,265.0,0.0,265.0,265.0,0.0,0.0,0.0,1.0
c7c89572-8055-4aee-8d01-4c4a557ec3ac,1050.0,1050.0,0.0,1050.0,1050.0,0.0,0.0,0.0,1.0
c7cbc607-1f71-4e5b-974b-17cf81553633,2800.0,2800.0,0.0,2800.0,2800.0,0.0,0.0,0.0,1.0
c7ceb704-d6c4-41d7-a316-e252d9b7ba33,16900.0,16900.0,0.0,16900.0,16900.0,0.0,0.0,0.0,1.0
c7d02a6b-125c-418c-b9e1-347e1a3719cb,16900.0,16900.0,0.0,16900.0,16900.0,0.0,0.0,0.0,1.0
c7d1f8b4-2653-4dc3-9cac-01ec589bf154,1095.0,1095.0,0.0,1095.0,1095.0,0.0,0.0,0.0,1.0
c7d2e084-acac-4dc5-be2e-a5f5cecccda1,1700.0,1700.0,0.0,1700.0,1700.0,0.0,0.0,0.0,1.0
c7d8e584-9f0a-4273-a29e-37430b5c9793,1595.0,1595.0,0.0,1595.0,1595.0,0.0,0.0,0.0,1.0
c7dbf7fd-d9a9-47f3-8ff6-9cd2f0247f8b,9900.0,9900.0,0.0,9900.0,9900.0,0.0,0.0,0.0,1.0
c7df3629-415c-438d-8c97-0dc40031e43f,745.0,745.0,0.0,745.0,745.0,0.0,0.0,0.0,1.0
c7e3f281-e300-4482-b2a7-e5123e438ab6,7495.0,7495.0,0.0,7495.0,7495.0,0.0,0.0,0.0,1.0
c7e53bf6-88dd-42f9-a83f-8299d053e402,165.0,165.0,0.0,165.0,165.0,0.0,0.0,0.0,1.0
c7e5ddbd-4978-4278-aae8-54e18c4ead8b,65.0,65.0,0.0,65.0,65.0,0.0,0.0,0.0,1.0
c7f2786f-ac2b-476c-a12a-6c3fe6744b73,52900.0,52900.0,0.0,52900.0,52900.0,0.0,0.0,0.0,1.0
c814effc-a3ca-4eed-9d25-6e26c96dca88,1795.0,1795.0,0.0,1795.0,1795.0,0.0,0.0,0.0,1.0
c8150c2b-b3d0-406f-aff6-c97234b6d23a,1700.0,1700.0,0.0,1700.0,1700.0,0.0,0.0,0.0,1.0
c81f507d-519c-4e45-938a-36aedca37e66,7495.0,7495.0,0.0,7495.0,7495.0,0.0,0.0,0.0,1.0
c82ed005-5bc0-4547-b975-3801192b0db1,1595.0,1595.0,0.0,1595.0,1595.0,0.0,0.0,0.0,1.0
c8393776-5e7b-4405-b711-3e15f8151e88,10500.0,10500.0,0.0,10500.0,10500.0,0.0,0.0,0.0,1.0
c840eba0-1108-49bf-828c-a4526d78702c,1795.0,1795.0,0.0,1795.0,1795.0,0.0,0.0,0.0,1.0
c84d299d-75ec-4b5b-97e7-1079c7cb6130,1275.0,1275.0,0.0,1275.0,1275.0,0.0,0.0,0.0,1.0
c84e933c-323b-4d49-8094-abc4fb5d3738,1295.0,1295.0,0.0,1295.0,1295.0,0.0,0.0,0.0,1.0
c85a91ce-0fe9-4299-a871-b37e426aad55,39900.0,39900.0,0.0,39900.0,39900.0,0.0,0.0,0.0,1.0
c87406f8-c81f-424e-9b6d-0126a15dcdd3,3024.0,3024.0,0.0,3024.0,3024.0,0.0,0.0,0.0,1.0
c884753f-03b4-4c46-8d89-df7325f0da37,1695.0,1695.0,0.0,1695.0,1695.0,0.0,0.0,0.0,1.0
c88c0983-5faa-4693-b1b5-a326560c25d1,15900.0,15900.0,0.0,15900.0,15900.0,0.0,0.0,0.0,1.0
c88dd813-fc65-4fb1-8988-6ea9dfc8a44e,545.0,545.0,0.0,545.0,545.0,0.0,0.0,0.0,1.0
c89586cc-b003-4818-8ca0-b64bdafc10b6,6495.0,6495.0,0.0,6495.0,6495.0,0.0,0.0,0.0,1.0
c898b5e0-69d1-432f-96d2-e20a65b6dd4f,895.0,895.0,0.0,895.0,895.0,0.0,0.0,0.0,1.0
c89a1add-144c-4cc5-b334-1f94681f32cd,4600.0,4600.0,0.0,4600.0,4600.0,0.0,0.0,0.0,1.0
c89afce8-0ad8-4757-8998-8b110c6da3f2,1145.0,1145.0,0.0,1145.0,1145.0,0.0,0.0,0.0,1.0
c8a12243-5887-454b-b824-37a7cb8567f1,995.0,995.0,0.0,995.0,995.0,0.0,0.0,0.0,1.0
c8acf6bf-da67-478c-962b-e6e384bed1d3,7500.0,7500.0,0.0,7500.0,7500.0,0.0,0.0,0.0,1.0
c8addb80-3991-4caa-a136-bf6113c8c824,3550.0,3550.0,0.0,3550.0,3550.0,0.0,0.0,0.0,1.0
c8b81281-899c-4058-88c4-b8a2c1fcb7c5,3010.0,3010.0,0.0,3010.0,3010.0,0.0,0.0,0.0,1.0
c8bae7cf-4ca2-4208-a06a-1ff695e4e786,1695.0,1695.0,0.0,1695.0,1695.0,0.0,0.0,0.0,1.0
c8bd7843-9980-48ab-80ee-b2c8b66d8d85,4295.0,4295.0,0.0,4295.0,4295.0,0.0,0.0,0.0,1.0
c8c20ee6-2a4b-4b56-8e9e-7a4cfd76af88,9900.0,9900.0,0.0,9900.0,9900.0,0.0,0.0,0.0,1.0
c8cd4228-b432-4722-97fc-09ea7802beb5,995.0,995.0,0.0,995.0,995.0,0.0,0.0,0.0,1.0
c8cf48f3-287b-47e6-beba-47c47eb5d7cb,999.0,999.0,0.0,999.0,999.0,0.0,0.0,0.0,1.0
c8cfd41e-63dd-44de-9aa2-3d6c9d01d9e8,3990.0,3990.0,0.0,3990.0,3990.0,0.0,0.0,0.0,1.0
c8d0b206-6a1a-426e-ae98-f9721b14cde5,10500.0,10500.0,0.0,10500.0,10500.0,0.0,0.0,0.0,1.0
c8d8d643-4588-4a8e-ad2a-cd028be726fd,3995.0,3995.0,0.0,3995.0,3995.0,0.0,0.0,0.0,1.0
c8d950e9-c6e6-41f6-986e-c08856b9bfe5,1795.0,1795.0,0.0,1795.0,1795.0,0.0,0.0,0.0,1.0
c8ded42e-7b3d-4a13-9c03-d79ba77ff3d4,16900.0,16900.0,0.0,16900.0,16900.0,0.0,0.0,0.0,1.0
c8e12c8b-3ea9-49d5-8266-53000f7be3d6,9900.0,9900.0,0.0,9900.0,9900.0,0.0,0.0,0.0,1.0
c8e297ef-f8ad-4bde-b604-218ee6b412d9,1095.0,1095.0,0.0,1095.0,1095.0,0.0,0.0,0.0,1.0
c8e4a8ab-917a-454d-bc28-3b20be5a0221,895.0,895.0,0.0,895.0,895.0,0.0,0.0,0.0,1.0
c8e4cbca-a860-4b35-bc1f-9aca52e29a77,995.0,995.0,0.0,995.0,995.0,0.0,0.0,0.0,1.0
c8e8aba5-1693-41ce-b69e-0d2758fc29cd,4995.0,4995.0,0.0,4995.0,4995.0,0.0,0.0,0.0,1.0
c8ebfce6-906d-4666-b06c-fd7c479c685a,4295.0,4295.0,0.0,4295.0,4295.0,0.0,0.0,0.0,1.0
c8ed49bc-8b39-4d7b-8402-ccf2c317a9f2,4790.0,4790.0,0.0,4790.0,4790.0,0.0,0.0,0.0,1.0
c8fbc59f-8607-4461-a07d-9c15abb270cc,16900.0,16900.0,0.0,16900.0,16900.0,0.0,0.0,0.0,1.0
c8ff13e3-7c6f-4a09-8654-d1ddddb6a7a1,2295.0,2295.0,0.0,2295.0,2295.0,0.0,0.0,0.0,1.0
c90da9aa-c824-4960-a191-0902c3e41675,1045.0,1045.0,0.0,1045.0,1045.0,0.0,0.0,0.0,1.0
c912e54f-659a-4d19-adad-b6fd02ba89a2,16500.0,16500.0,0.0,16500.0,16500.0,0.0,0.0,0.0,1.0
c9274713-3703-4899-b6b1-72c0c980fcc5,4495.0,4495.0,0.0,4495.0,4495.0,0.0,0.0,0.0,1.0
c92d5227-a5f0-4f16-8d9b-da8354bd9737,1795.0,1795.0,0.0,1795.0,1795.0,0.0,0.0,0.0,1.0
c9460419-6595-4ded-a934-4a248ec7ae94,7695.0,7695.0,0.0,7695.0,7695.0,0.0,0.0,0.0,1.0
c9494cad-4c10-422f-a5ed-0dd49e184789,7995.0,7995.0,0.0,7995.0,7995.0,0.0,0.0,0.0,1.0
c951fa9f-602f-4b28-8d04-38feda38f7c6,3395.0,3395.0,0.0,3395.0,3395.0,0.0,0.0,0.0,1.0
c95357b6-e9cf-4562-9b75-1214d32f30ab,2950.0,2950.0,0.0,2950.0,2950.0,0.0,0.0,0.0,1.0
c959dd00-4d04-4b23-93d2-c9ef10909e82,5750.0,5750.0,0.0,5750.0,5750.0,0.0,0.0,0.0,1.0
c95b576f-f02e-4990-bd0c-e89d50d0e3ac,29900.0,29900.0,0.0,29900.0,29900.0,0.0,0.0,0.0,1.0
c95d9757-ab68-47c3-b4d7-386271b927ff,7900.0,7900.0,0.0,7900.0,7900.0,0.0,0.0,0.0,1.0
c95e8582-1edc-4b0b-b747-d381c3b06e38,6235.0,6235.0,0.0,6235.0,6235.0,0.0,0.0,0.0,1.0
c97264f1-cbc4-4ada-9fd1-e4b3cf7e5703,1795.0,1795.0,0.0,1795.0,1795.0,0.0,0.0,0.0,1.0
c977070a-23ab-430b-9429-1866b9060560,65.0,65.0,0.0,65.0,65.0,0.0,0.0,0.0,1.0
c979b878-466b-4376-9b58-254fb2c6aedf,2695.0,2695.0,0.0,2695.0,2695.0,0.0,0.0,0.0,1.0
c97cf594-98e0-4318-bc7b-5faef8d2e051,2595.0,2595.0,0.0,2595.0,2595.0,0.0,0.0,0.0,1.0
c97ed36c-0eed-4434-bf15-16c7a2794494,5400.0,5400.0,0.0,5400.0,5400.0,0.0,0.0,0.0,1.0
c981d154-bbc4-4819-8e00-c77e98159aa6,2760.0,2760.0,0.0,2760.0,2760.0,0.0,0.0,0.0,1.0
c987446e-d7e3-4ff8-87b5-652671140859,9900.0,9900.0,0.0,9900.0,9900.0,0.0,0.0,0.0,1.0
c98d8565-12af-4562-a77c-002a28e7ca6a,1020.0,1020.0,0.0,1020.0,1020.0,0.0,0.0,0.0,1.0
c99da667-c750-412f-8459-24931e4dabe6,15900.0,15900.0,0.0,15900.0,15900.0,0.0,0.0,0.0,1.0
c9affe9e-37a2-4d3e-8ca4-203d03eb0428,315.0,315.0,0.0,315.0,315.0,0.0,0.0,0.0,1.0
c9b2baba-1fe6-4e77-94b5-11135a29027f,11900.0,11900.0,0.0,11900.0,11900.0,0.0,0.0,0.0,1.0
c9c5e02b-991d-4a91-a758-e86e82870615,50.0,50.0,0.0,50.0,50.0,0.0,0.0,0.0,1.0
c9c7155c-1c96-4969-8351-f0e91cfa5152,2695.0,2695.0,0.0,2695.0,2695.0,0.0,0.0,0.0,1.0
c9c94313-c4b1-4f87-827b-754335a55c1e,2700.0,2700.0,0.0,2700.0,2700.0,0.0,0.0,0.0,1.0
c9d1ad48-6160-4470-ac5e-0929efa66ee2,4495.0,4495.0,0.0,4495.0,4495.0,0.0,0.0,0.0,1.0
c9d1f9d6-e3e4-4d40-a222-38f00b4676eb,56900.0,56900.0,0.0,56900.0,56900.0,0.0,0.0,0.0,1.0
c9d34e1f-c46a-4767-8780-cc81238d2569,165.0,165.0,0.0,165.0,165.0,0.0,0.0,0.0,1.0
c9d46c90-2b71-4de6-aad7-a85661b76973,4995.0,4995.0,0.0,4995.0,4995.0,0.0,0.0,0.0,1.0
c9db7aef-17d4-4818-a5d5-db9e763f405f,3450.0,3450.0,0.0,3450.0,3450.0,0.0,0.0,0.0,1.0
c9e72a27-6822-46f8-8a36-8c6fb89766a0,645.0,645.0,0.0,645.0,645.0,0.0,0.0,0.0,1.0
c9ec7cc6-b852-496d-94dc-9a2f5bfb9aa7,845.0,845.0,0.0,845.0,845.0,0.0,0.0,0.0,1.0
c9eec6e5-7dcf-4e48-8656-c9ec93a4b941,13900.0,13900.0,0.0,13900.0,13900.0,0.0,0.0,0.0,1.0
c9f798a5-ed6a-4246-8247-b7755ded300a,6995.0,6995.0,0.0,6995.0,6995.0,0.0,0.0,0.0,1.0
c9f7eb03-f8d6-463a-8ad3-d5f744a285fd,1195.0,1195.0,0.0,1195.0,1195.0,0.0,0.0,0.0,1.0
c9fa56ca-0c10-439a-85b1-558d8405cb06,595.0,595.0,0.0,595.0,595.0,0.0,0.0,0.0,1.0
c9fcd3cc-9092-4a31-81cb-bbdd9f173a76,1050.0,1050.0,0.0,1050.0,1050.0,0.0,0.0,0.0,1.0
ca06c32c-532c-4bcb-b63e-a44c72a169be,2200.0,2200.0,0.0,2200.0,2200.0,0.0,0.0,0.0,1.0
ca06dc43-4cd4-45f3-ba0d-72498dcfb2e1,125.0,125.0,0.0,125.0,125.0,0.0,0.0,0.0,1.0
ca3b18d6-29b7-442c-b324-10962699b375,38900.0,38900.0,0.0,38900.0,38900.0,0.0,0.0,0.0,1.0
ca3d5562-d913-4ccb-b6f3-e4f2686b0801,70.0,70.0,0.0,70.0,70.0,0.0,0.0,0.0,1.0
ca4245ed-6587-42bd-a55e-5de0047d0293,1695.0,1695.0,0.0,1695.0,1695.0,0.0,0.0,0.0,1.0
ca4512dc-e79a-46d4-9a66-af7d750f0300,18900.0,18900.0,0.0,18900.0,18900.0,0.0,0.0,0.0,1.0
ca47b643-b2ec-4eec-9d15-b779a58fa22f,4125.0,4125.0,0.0,4125.0,4125.0,0.0,0.0,0.0,1.0
ca521105-a2ca-49e2-88bb-bb480a55e03e,4995.0,4995.0,0.0,4995.0,4995.0,0.0,0.0,0.0,1.0
ca52219d-9111-4fb6-aee6-537006c068cb,1100.0,1100.0,0.0,1100.0,1100.0,0.0,0.0,0.0,1.0
ca57ad07-2c41-4690-8134-82187b199c67,295.0,295.0,0.0,295.0,295.0,0.0,0.0,0.0,1.0
ca5c1c62-5878-4121-aedc-39f36608b318,29900.0,29900.0,0.0,29900.0,29900.0,0.0,0.0,0.0,1.0
ca6472fe-3aae-4ee6-aca0-2cd6f859a69c,4995.0,4995.0,0.0,4995.0,4995.0,0.0,0.0,0.0,1.0
ca6d12fe-e22d-49e7-9068-e63dd96ba2fc,3695.0,3695.0,0.0,3695.0,3695.0,0.0,0.0,0.0,1.0
ca70df95-cde1-4c8a-80a9-308240ae6e91,100.0,100.0,0.0,100.0,100.0,0.0,0.0,0.0,1.0
ca74555f-842f-4fbb-b897-f8c91ae04e74,15900.0,15900.0,0.0,15900.0,15900.0,0.0,0.0,0.0,1.0
ca78cc80-6cf2-48db-8953-06df7d2a55b2,8500.0,8500.0,0.0,8500.0,8500.0,0.0,0.0,0.0,1.0
ca7d904b-84db-4d90-bb2e-f3ddf7835bb2,735.0,735.0,0.0,735.0,735.0,0.0,0.0,0.0,1.0
ca82e944-d665-4124-8c56-4c9099d3bb69,9995.0,9995.0,0.0,9995.0,9995.0,0.0,0.0,0.0,1.0
ca903793-6821-401e-bbfb-bcb1fac44152,125.0,125.0,0.0,125.0,125.0,0.0,0.0,0.0,1.0
ca917028-045c-491c-8897-32818e6400c8,2350.0,2350.0,0.0,2350.0,2350.0,0.0,0.0,0.0,1.0
ca9948ec-c4a2-47e6-9ade-b20629eb2575,5295.0,5295.0,0.0,5295.0,5295.0,0.0,0.0,0.0,1.0
ca9974fb-2ffd-4cc0-8f4f-b14f47a0b014,8495.0,8495.0,0.0,8495.0,8495.0,0.0,0.0,0.0,1.0
caab8217-15aa-4a6d-9b89-355854ab1c02,3795.0,3795.0,0.0,3795.0,3795.0,0.0,0.0,0.0,1.0
caac846e-f685-40fc-9bcb-a13162b4a448,11900.0,11900.0,0.0,11900.0,11900.0,0.0,0.0,0.0,1.0
caaead6e-dd7e-4030-a2c8-64b456160a79,15900.0,15900.0,0.0,15900.0,15900.0,0.0,0.0,0.0,1.0
cab5fff8-70b6-4b6a-a09c-990be4d027eb,5900.0,5900.0,0.0,5900.0,5900.0,0.0,0.0,0.0,1.0
cab6d075-c398-442a-9fc5-d6b52544cdac,41900.0,41900.0,0.0,41900.0,41900.0,0.0,0.0,0.0,1.0
cab8d374-e24b-48dd-ad79-42ecd530a0d1,10900.0,10900.0,0.0,10900.0,10900.0,0.0,0.0,0.0,1.0
cabd91c0-566b-417f-83e6-074a572e5c99,12900.0,12900.0,0.0,12900.0,12900.0,0.0,0.0,0.0,1.0
cac29efc-57b4-4e48-bb65-7d3b584e13cb,1650.0,1650.0,0.0,1650.0,1650.0,0.0,0.0,0.0,1.0
cac41f40-ef2d-44b4-a59c-323e934290b5,6995.0,6995.0,0.0,6995.0,6995.0,0.0,0.0,0.0,1.0
cac51dc3-4ab8-4cbb-89e1-a554fbdf2141,425.0,425.0,0.0,425.0,425.0,0.0,0.0,0.0,1.0
cac7af09-e3bd-47b7-8a06-9c28986797d9,34900.0,34900.0,0.0,34900.0,34900.0,0.0,0.0,0.0,1.0
cadc5cdd-a62a-4fe4-8d87-09a9cab3b708,2795.0,2795.0,0.0,2795.0,2795.0,0.0,0.0,0.0,1.0
cae0b4af-4d8c-4a6d-8f01-d3f4cef54f4a,1295.0,1295.0,0.0,1295.0,1295.0,0.0,0.0,0.0,1.0
caeb69eb-bb8d-4d1c-9c2c-a7dca8b43d56,225.0,225.0,0.0,225.0,225.0,0.0,0.0,0.0,1.0
caeb6f7d-7f09-427f-ab57-9222a6041756,1195.0,1195.0,0.0,1195.0,1195.0,0.0,0.0,0.0,1.0
caf0d9e2-4adf-49d1-96c3-d7fa41fc26f3,11900.0,11900.0,0.0,11900.0,11900.0,0.0,0.0,0.0,1.0
caf377e8-b622-4dda-8ce1-03d656539fe3,2149.0,2149.0,0.0,2149.0,2149.0,0.0,0.0,0.0,1.0
cb023aef-2d14-40e3-a032-2dd1b0f9068f,1095.0,1095.0,0.0,1095.0,1095.0,0.0,0.0,0.0,1.0
cb0cfc8b-2585-4180-8bf5-4b7cf04716c8,845.0,845.0,0.0,845.0,845.0,0.0,0.0,0.0,1.0
cb11074f-2ce0-4994-a666-3ed8921f81e9,9900.0,9900.0,0.0,9900.0,9900.0,0.0,0.0,0.0,1.0
cb18c904-21ac-4186-9734-a44d4149744f,2295.0,2295.0,0.0,2295.0,2295.0,0.0,0.0,0.0,1.0
cb1c50bf-bf90-4afe-8d86-bcd2e6971306,2700.0,2700.0,0.0,2700.0,2700.0,0.0,0.0,0.0,1.0
cb227435-5b11-4554-b693-40e6a11067df,8600.0,8600.0,0.0,8600.0,8600.0,0.0,0.0,0.0,1.0
cb2d322e-3f5e-41c3-bd67-87a30f60f302,3595.0,3595.0,0.0,3595.0,3595.0,0.0,0.0,0.0,1.0
cb332e75-41de-4717-aaf7-d3f6b0845ac5,1195.0,1195.0,0.0,1195.0,1195.0,0.0,0.0,0.0,1.0
cb35a0ce-cbb1-4942-ba4c-7192e3fb9a81,41900.0,41900.0,0.0,41900.0,41900.0,0.0,0.0,0.0,1.0
cb388f62-5ccb-4f2a-9563-7bd3c99b73e6,13500.0,13500.0,0.0,13500.0,13500.0,0.0,0.0,0.0,1.0
cb4db2cd-5f7b-4f40-b417-5659dea69b9e,1099.0,1099.0,0.0,1099.0,1099.0,0.0,0.0,0.0,1.0
cb50820c-e0dd-4e01-8b54-79c640c7eabc,7695.0,7695.0,0.0,7695.0,7695.0,0.0,0.0,0.0,1.0
cb53a392-2c24-48e9-a98b-ffc148bef0c7,19500.0,19500.0,0.0,19500.0,19500.0,0.0,0.0,0.0,1.0
cb5b833f-44d7-40b1-aa36-93963f1eff8c,16500.0,16500.0,0.0,16500.0,16500.0,0.0,0.0,0.0,1.0
cb5dd8d3-2d75-4824-b073-8f1057de2184,2265.0,2265.0,0.0,2265.0,2265.0,0.0,0.0,0.0,1.0
cb673859-fb57-4a87-ad80-6ee7223d05f0,3150.0,3150.0,0.0,3150.0,3150.0,0.0,0.0,0.0,1.0
cb6dca62-0eee-4e42-86d7-1532c5d31ab5,12900.0,12900.0,0.0,12900.0,12900.0,0.0,0.0,0.0,1.0
cb82ad7c-6a7f-481c-8a5a-fdb4cbf7ba30,9900.0,9900.0,0.0,9900.0,9900.0,0.0,0.0,0.0,1.0
cb890cd0-17bf-4477-ba31-3752bfee3e62,4900.0,4900.0,0.0,4900.0,4900.0,0.0,0.0,0.0,1.0
cb92cdd3-4a36-4636-a6ea-fa7b15c32245,2395.0,2395.0,0.0,2395.0,2395.0,0.0,0.0,0.0,1.0
cb93e9f9-32c2-4fcc-8451-2c99ccad3646,43900.0,43900.0,0.0,43900.0,43900.0,0.0,0.0,0.0,1.0
cba111c4-229b-4328-8ae5-2fbca5f432d9,4280.0,4280.0,0.0,4280.0,4280.0,0.0,0.0,0.0,1.0
cbabbe99-4692-4d5e-bada-05862e3a67db,14900.0,14900.0,0.0,14900.0,14900.0,0.0,0.0,0.0,1.0
cbabc58a-4134-43fc-b75d-4fa48e36da7a,19900.0,19900.0,0.0,19900.0,19900.0,0.0,0.0,0.0,1.0
cbb4e49c-1945-413e-b62f-e70be82bfafc,4995.0,4995.0,0.0,4995.0,4995.0,0.0,0.0,0.0,1.0
cbbc36e6-f190-4a87-9c10-d00cd3d7e43b,2940.0,2940.0,0.0,2940.0,2940.0,0.0,0.0,0.0,1.0
cbc1fef9-6a97-4e05-844d-6f6dd23aeb70,495.0,495.0,0.0,495.0,495.0,0.0,0.0,0.0,1.0
cbc57172-e5aa-4d14-99ff-c56cccdee565,12500.0,12500.0,0.0,12500.0,12500.0,0.0,0.0,0.0,1.0
cbc808b7-8927-4347-81f5-50c429f88862,150.0,150.0,0.0,150.0,150.0,0.0,0.0,0.0,1.0
cbcbb0d3-f26e-4cc8-8743-53d7ac1d93b4,1800.0,1800.0,0.0,1800.0,1800.0,0.0,0.0,0.0,1.0
cbcd13eb-3a8a-4fe0-b111-9ec5fc92b9da,185.0,185.0,0.0,185.0,185.0,0.0,0.0,0.0,1.0
cbd765ea-6e7a-42dc-b3a9-208b602c389a,6995.0,6995.0,0.0,6995.0,6995.0,0.0,0.0,0.0,1.0
cbdad0d2-6d49-45a0-9fdf-cdb74a0e42df,1495.0,1495.0,0.0,1495.0,1495.0,0.0,0.0,0.0,1.0
cbe19aa5-85a9-47f6-bc62-154cd0158c42,1080.0,1080.0,0.0,1080.0,1080.0,0.0,0.0,0.0,1.0
cbe4b194-8c6a-4c70-8cb4-3f05e1f6ea8b,1195.0,1195.0,0.0,1195.0,1195.0,0.0,0.0,0.0,1.0
cbefec28-ab3c-4c59-b703-c2e346bd1d95,365.0,365.0,0.0,365.0,365.0,0.0,0.0,0.0,1.0
cbf0f288-d3dc-47f3-89e3-788ae76eb7c6,22900.0,22900.0,0.0,22900.0,22900.0,0.0,0.0,0.0,1.0
cc099452-b714-4cfa-b57f-620a84c0fbd4,4495.0,4495.0,0.0,4495.0,4495.0,0.0,0.0,0.0,1.0
cc0f4e3e-5e01-401a-9bcb-a7198f2f7238,16900.0,16900.0,0.0,16900.0,16900.0,0.0,0.0,0.0,1.0
cc12a930-bfe9-4828-ac72-731085fbb8fb,495.0,495.0,0.0,495.0,495.0,0.0,0.0,0.0,1.0
cc1bc36a-1ff7-417a-9f36-3afe4f25e1aa,11500.0,11500.0,0.0,11500.0,11500.0,0.0,0.0,0.0,1.0
cc2403aa-2f1b-4646-980f-4ba7729645e2,240.0,240.0,0.0,240.0,240.0,0.0,0.0,0.0,1.0
cc29e39d-8b23-45b1-80fa-55d887d8fa83,8995.0,8995.0,0.0,8995.0,8995.0,0.0,0.0,0.0,1.0
cc37e47b-436d-47ce-bde2-1dd9b18a8971,7200.0,7200.0,0.0,7200.0,7200.0,0.0,0.0,0.0,1.0
cc390ccb-c5e1-452c-a283-4f828b852d35,17900.0,17900.0,0.0,17900.0,17900.0,0.0,0.0,0.0,1.0
cc3c66e3-b1a3-468f-9c44-d50bb8853425,16500.0,16500.0,0.0,16500.0,16500.0,0.0,0.0,0.0,1.0
cc3e6c3b-1093-4a89-b9b6-78180e77ed75,2200.0,2200.0,0.0,2200.0,2200.0,0.0,0.0,0.0,1.0
cc43ac39-230e-4856-850d-35a73fc18efb,20900.0,20900.0,0.0,20900.0,20900.0,0.0,0.0,0.0,1.0
cc497a1d-297d-4947-8e2e-3658c83e94b1,4560.0,4560.0,0.0,4560.0,4560.0,0.0,0.0,0.0,1.0
cc520206-5729-4eb7-994e-b82e6ae8cabe,3800.0,3800.0,0.0,3800.0,3800.0,0.0,0.0,0.0,1.0
cc5a1404-5a66-4f1e-a14a-0ccd71dc171a,11900.0,11900.0,0.0,11900.0,11900.0,0.0,0.0,0.0,1.0
cc62e3c9-3db9-4155-a55d-fdcea82afd1c,1195.0,1195.0,0.0,1195.0,1195.0,0.0,0.0,0.0,1.0
cc69b7c6-21e2-4f78-8f21-e2c9e464f82c,8495.0,8495.0,0.0,8495.0,8495.0,0.0,0.0,0.0,1.0
cc6a17a3-d9af-481c-b448-fd12f83d8d05,7995.0,7995.0,0.0,7995.0,7995.0,0.0,0.0,0.0,1.0
cc6caf95-0777-494c-9099-20e04632a39c,3995.0,3995.0,0.0,3995.0,3995.0,0.0,0.0,0.0,1.0
cc71f731-8e4b-4713-bb18-ebfb84d20df6,6100.0,6100.0,0.0,6100.0,6100.0,0.0,0.0,0.0,1.0
cc79ba94-0a8b-4ee9-a993-8d502abc9657,14900.0,14900.0,0.0,14900.0,14900.0,0.0,0.0,0.0,1.0
cc7d131f-f1ba-4e59-a798-0b757d8c16e4,8995.0,8995.0,0.0,8995.0,8995.0,0.0,0.0,0.0,1.0
cc81a562-b781-44be-8ee3-85f97c17cb26,575.0,575.0,0.0,575.0,575.0,0.0,0.0,0.0,1.0
cc875de3-f752-424e-8877-6487b5fc74d2,1495.0,1495.0,0.0,1495.0,1495.0,0.0,0.0,0.0,1.0
cc8e2849-7163-40ca-b600-68e95eb77337,465.0,465.0,0.0,465.0,465.0,0.0,0.0,0.0,1.0
cc914c3e-0654-4fb7-827c-89ceb04dc02a,5495.0,5495.0,0.0,5495.0,5495.0,0.0,0.0,0.0,1.0
cc9176dc-602c-4f93-83e0-a10861b2dcc5,12500.0,12500.0,0.0,12500.0,12500.0,0.0,0.0,0.0,1.0
cc9b0254-3c96-422b-af60-bd518b16a0fe,14500.0,14500.0,0.0,14500.0,14500.0,0.0,0.0,0.0,1.0
cc9c4b9c-e175-42c9-b196-5b3695565755,12000.0,12000.0,0.0,12000.0,12000.0,0.0,0.0,0.0,1.0
cca260d0-5b1f-4a6c-946c-4e5e737a7448,120.0,120.0,0.0,120.0,120.0,0.0,0.0,0.0,1.0
ccb41e4d-2d85-4035-8904-6cd6832b821e,995.0,995.0,0.0,995.0,995.0,0.0,0.0,0.0,1.0
ccb58114-47b1-4123-add5-ded1aa1a728d,3995.0,3995.0,0.0,3995.0,3995.0,0.0,0.0,0.0,1.0
ccb6017d-77f8-45bc-963c-153b09bbdcad,2030.0,2030.0,0.0,2030.0,2030.0,0.0,0.0,0.0,1.0
ccba756c-cc26-45dc-8e5e-3958a590071e,9900.0,9900.0,0.0,9900.0,9900.0,0.0,0.0,0.0,1.0
cccdc245-ae6b-4972-a0d9-5ab02dc2d130,13500.0,13500.0,0.0,13500.0,13500.0,0.0,0.0,0.0,1.0
ccce2fd1-7f13-41e6-94f3-56c2c5dc3195,26900.0,26900.0,0.0,26900.0,26900.0,0.0,0.0,0.0,1.0
ccd1736f-d0ed-4652-b820-303e1b7e4445,2295.0,2295.0,0.0,2295.0,2295.0,0.0,0.0,0.0,1.0
ccd614c8-8913-4c44-a2d4-8ee6ee184fb5,16900.0,16900.0,0.0,16900.0,16900.0,0.0,0.0,0.0,1.0
cce52abd-d22c-40cc-b0b1-099635d05310,3799.0,3799.0,0.0,3799.0,3799.0,0.0,0.0,0.0,1.0
cce6adc8-f377-4058-b017-96db4cb22fdd,695.0,695.0,0.0,695.0,695.0,0.0,0.0,0.0,1.0
cceba153-9d36-4b5b-8a97-845b3c8ae22c,75.0,75.0,0.0,75.0,75.0,0.0,0.0,0.0,1.0
ccf8ef55-244c-4aad-b347-014c343d334c,4050.0,4050.0,0.0,4050.0,4050.0,0.0,0.0,0.0,1.0
cd0a7327-e6e5-4d09-b066-fdf27f2cecef,3995.0,3995.0,0.0,3995.0,3995.0,0.0,0.0,0.0,1.0
cd130173-a89c-44b6-97af-a41eea10225d,2795.0,2795.0,0.0,2795.0,2795.0,0.0,0.0,0.0,1.0
cd17e859-4bf4-433d-ba8d-608e3f9de416,745.0,745.0,0.0,745.0,745.0,0.0,0.0,0.0,1.0
cd18da82-fc31-43e6-ad30-d3fe82971b2e,3795.0,3795.0,0.0,3795.0,3795.0,0.0,0.0,0.0,1.0
cd204f1e-02a2-4eb0-a516-4d3b65b9b784,13900.0,13900.0,0.0,13900.0,13900.0,0.0,0.0,0.0,1.0
cd2d8d06-81d8-4514-b02c-250ae8ecebf4,4500.0,4500.0,0.0,4500.0,4500.0,0.0,0.0,0.0,1.0
cd315950-2f12-45b3-af91-345857495cf6,1095.0,1095.0,0.0,1095.0,1095.0,0.0,0.0,0.0,1.0
cd52e924-a342-40fc-a662-372a6c791e75,30900.0,30900.0,0.0,30900.0,30900.0,0.0,0.0,0.0,1.0
cd5a1db7-6563-4207-b0f4-15f538cf49ca,6410.0,6410.0,0.0,6410.0,6410.0,0.0,0.0,0.0,1.0
cd64e853-73b8-488a-b0f1-0cf43aab0b41,27900.0,27900.0,0.0,27900.0,27900.0,0.0,0.0,0.0,1.0
cd659439-faf8-4bf8-b07f-2ad19599e29a,4900.0,4900.0,0.0,4900.0,4900.0,0.0,0.0,0.0,1.0
cd6e22e2-a4ef-434f-845d-cef3c5c46883,3080.0,3080.0,0.0,3080.0,3080.0,0.0,0.0,0.0,1.0
cd733908-fc29-4741-abe0-de93a7a715c6,205.0,205.0,0.0,205.0,205.0,0.0,0.0,0.0,1.0
cd7392fb-af2d-4b92-b162-6da19ff4992e,375.0,375.0,0.0,375.0,375.0,0.0,0.0,0.0,1.0
cd7527e9-9e1f-4c6b-9bd5-cbf7a0fdc27d,1295.0,1295.0,0.0,1295.0,1295.0,0.0,0.0,0.0,1.0
cd7676d3-491d-449c-a673-f2f2a178368b,650.0,650.0,0.0,650.0,650.0,0.0,0.0,0.0,1.0
cd7ab0b3-3930-4503-ad8b-f761915d7de4,5495.0,5495.0,0.0,5495.0,5495.0,0.0,0.0,0.0,1.0
cd7c3077-22e3-44c0-97d1-972d93afdafb,11900.0,11900.0,0.0,11900.0,11900.0,0.0,0.0,0.0,1.0
cd7c772a-dfa9-4744-bb11-c9f7d91c7e63,1995.0,1995.0,0.0,1995.0,1995.0,0.0,0.0,0.0,1.0
cd7d7413-8e04-4eda-acf7-2fc3f2c442cf,1595.0,1595.0,0.0,1595.0,1595.0,0.0,0.0,0.0,1.0
cd84d379-488d-4569-a23b-62ad76cc6ab3,4295.0,4295.0,0.0,4295.0,4295.0,0.0,0.0,0.0,1.0
cd8679e5-0a11-4e28-b6ed-95e272e346ea,435.0,435.0,0.0,435.0,435.0,0.0,0.0,0.0,1.0
cd9215d9-677e-467a-af28-3653a22fc22a,3900.0,3900.0,0.0,3900.0,3900.0,0.0,0.0,0.0,1.0
cd958dd5-88f9-4dd7-9b51-6c73100278a2,1795.0,1795.0,0.0,1795.0,1795.0,0.0,0.0,0.0,1.0
cda0d99b-d5a6-4238-b389-4fe298517e8a,745.0,745.0,0.0,745.0,745.0,0.0,0.0,0.0,1.0
cda12703-618c-4f7c-a27e-b09b1cdacf62,750.0,750.0,0.0,750.0,750.0,0.0,0.0,0.0,1.0
cda1d075-f862-42f1-a841-dc1a083ca088,1795.0,1795.0,0.0,1795.0,1795.0,0.0,0.0,0.0,1.0
cda5959e-b2e6-4d0c-a67f-27460028526f,4395.0,4395.0,0.0,4395.0,4395.0,0.0,0.0,0.0,1.0
cdaa9268-9bc8-48d0-91a7-fd0be1b06f50,13900.0,13900.0,0.0,13900.0,13900.0,0.0,0.0,0.0,1.0
cdb3eeb9-0097-4482-96a6-a2bdc3a64d64,3795.0,3795.0,0.0,3795.0,3795.0,0.0,0.0,0.0,1.0
cdbb94bf-0f58-453d-95f9-f2df682d3840,475.0,475.0,0.0,475.0,475.0,0.0,0.0,0.0,1.0
cdc515e4-2a06-4999-8ef4-678d623ba48d,13900.0,13900.0,0.0,13900.0,13900.0,0.0,0.0,0.0,1.0
cdc61254-1075-43fd-be00-f10c04dece6a,16500.0,16500.0,0.0,16500.0,16500.0,0.0,0.0,0.0,1.0
cdc6cbda-7cf1-4ff3-93fd-c3980c165e33,175.0,175.0,0.0,175.0,175.0,0.0,0.0,0.0,1.0
cdc70f7c-0f7b-43d4-9ea2-6a6ea255c5b7,4295.0,4295.0,0.0,4295.0,4295.0,0.0,0.0,0.0,1.0
cddad683-5257-488c-bca5-3612731e87fe,3440.0,3440.0,0.0,3440.0,3440.0,0.0,0.0,0.0,1.0
cddbd306-9705-4218-8f3e-5d43c9feb9a6,25900.0,25900.0,0.0,25900.0,25900.0,0.0,0.0,0.0,1.0
cddf314b-d8ae-4e77-b9c4-3fef298b07fc,465.0,465.0,0.0,465.0,465.0,0.0,0.0,0.0,1.0
cdfc45e8-82fc-4266-84a3-d7a2e708bb8f,120.0,120.0,0.0,120.0,120.0,0.0,0.0,0.0,1.0
ce00c7f0-d4de-4630-bcb0-0b67002348dd,2295.0,2295.0,0.0,2295.0,2295.0,0.0,0.0,0.0,1.0
ce023145-5d24-4559-9092-de8af7ef6eef,1799.0,1799.0,0.0,1799.0,1799.0,0.0,0.0,0.0,1.0
ce1199ca-9bff-4db0-bed3-c035b84af820,7995.0,7995.0,0.0,7995.0,7995.0,0.0,0.0,0.0,1.0
ce18d8f6-a660-4c32-b562-16e448e4a71e,2800.0,2800.0,0.0,2800.0,2800.0,0.0,0.0,0.0,1.0
ce22d895-797c-41fd-9e08-53ef602d8a43,8295.0,8295.0,0.0,8295.0,8295.0,0.0,0.0,0.0,1.0
ce35aa46-6d79-46f9-9a3a-4f8dbfe33005,8495.0,8495.0,0.0,8495.0,8495.0,0.0,0.0,0.0,1.0
ce35c40e-5f49-4720-a8b3-c7ecfa7a06d4,2695.0,2695.0,0.0,2695.0,2695.0,0.0,0.0,0.0,1.0
ce48288c-647c-4a3f-bc08-c0f8b8a01d9e,745.0,745.0,0.0,745.0,745.0,0.0,0.0,0.0,1.0
ce4d1211-24e6-41d7-ab8e-e4d7245d4175,3295.0,3295.0,0.0,3295.0,3295.0,0.0,0.0,0.0,1.0
ce513d68-6c83-4795-b7fa-c64ba5344d29,35900.0,35900.0,0.0,35900.0,35900.0,0.0,0.0,0.0,1.0
ce51aea7-2d6c-45f7-bc36-d6fd2c95e7d9,2395.0,2395.0,0.0,2395.0,2395.0,0.0,0.0,0.0,1.0
ce5306d0-d6e1-4669-9ed2-0183e4a709e9,550.0,550.0,0.0,550.0,550.0,0.0,0.0,0.0,1.0
ce5f1c11-da66-46ce-8c4f-b6059f9d5381,1080.0,1080.0,0.0,1080.0,1080.0,0.0,0.0,0.0,1.0
ce68e6c4-9056-4098-a94d-576cf8a4a7bf,1195.0,1195.0,0.0,1195.0,1195.0,0.0,0.0,0.0,1.0
ce6e7919-b8ad-4658-b59a-0d2356c741b9,14900.0,14900.0,0.0,14900.0,14900.0,0.0,0.0,0.0,1.0
ce7166ba-c24e-4a32-8a97-66927b1e1d9a,6000.0,6000.0,0.0,6000.0,6000.0,0.0,0.0,0.0,1.0
ce74b96a-36bb-4bc5-bf4d-657b569aff32,22900.0,22900.0,0.0,22900.0,22900.0,0.0,0.0,0.0,1.0
ce756acf-faf2-44ec-8f86-96106204d38b,675.0,675.0,0.0,675.0,675.0,0.0,0.0,0.0,1.0
ce7d8014-7ddc-4543-8a7f-8a54392cbcfe,3795.0,3795.0,0.0,3795.0,3795.0,0.0,0.0,0.0,1.0
ce855d5f-46b6-42b5-b77a-29cc7804f0a2,2095.0,2095.0,0.0,2095.0,2095.0,0.0,0.0,0.0,1.0
ce85f699-39b4-4331-8412-2ebeafcbfe0e,1895.0,1895.0,0.0,1895.0,1895.0,0.0,0.0,0.0,1.0
ce883ba1-b2f2-4cdc-abfb-6f2005a75ee7,6495.0,6495.0,0.0,6495.0,6495.0,0.0,0.0,0.0,1.0
ce8d33b6-daf2-458a-802b-b008e32c9715,1045.0,1045.0,0.0,1045.0,1045.0,0.0,0.0,0.0,1.0
ce90c8bf-3839-4319-9376-7c17b81b587b,39900.0,39900.0,0.0,39900.0,39900.0,0.0,0.0,0.0,1.0
ce922198-6f9f-42f0-9706-15c256c37fde,895.0,895.0,0.0,895.0,895.0,0.0,0.0,0.0,1.0
ce968b47-ec67-4821-a33f-510d6283d156,11500.0,11500.0,0.0,11500.0,11500.0,0.0,0.0,0.0,1.0
ce97e022-b8de-4269-afcc-277909095a22,650.0,650.0,0.0,650.0,650.0,0.0,0.0,0.0,1.0
ceaf9c8e-0855-4d86-94e0-c2b28d95b9a6,2800.0,2800.0,0.0,2800.0,2800.0,0.0,0.0,0.0,1.0
ceb21865-9e54-4637-9f52-9e34e8d1d930,2695.0,2695.0,0.0,2695.0,2695.0,0.0,0.0,0.0,1.0
cebdfa47-1108-47c2-b143-b5e10720e0c3,2295.0,2295.0,0.0,2295.0,2295.0,0.0,0.0,0.0,1.0
cecd5bd0-94c4-4bab-9894-8906376b6814,15900.0,15900.0,0.0,15900.0,15900.0,0.0,0.0,0.0,1.0
ced62453-d1ff-4731-8242-a7fb5ee3d053,645.0,645.0,0.0,645.0,645.0,0.0,0.0,0.0,1.0
ced8953f-85db-4890-9d6e-a3d2729281d0,8900.0,8900.0,0.0,8900.0,8900.0,0.0,0.0,0.0,1.0
ced8b7ef-cb74-4031-b862-93102bcef081,495.0,495.0,0.0,495.0,495.0,0.0,0.0,0.0,1.0
cede412e-47c9-427a-a236-1e6d1a8c9079,6950.0,6950.0,0.0,6950.0,6950.0,0.0,0.0,0.0,1.0
cef3b8d4-87a5-4782-a8d3-aafe6b73e33a,2299.0,2299.0,0.0,2299.0,2299.0,0.0,0.0,0.0,1.0
cf04e99a-393c-452a-9162-809756ce607e,465.0,465.0,0.0,465.0,465.0,0.0,0.0,0.0,1.0
cf10fb88-018c-4811-b96c-3464a1e8e4b9,9900.0,9900.0,0.0,9900.0,9900.0,0.0,0.0,0.0,1.0
cf121a97-f8ee-4382-beb4-73b89e45ab00,370.0,370.0,0.0,370.0,370.0,0.0,0.0,0.0,1.0
cf125ec7-39c3-48d8-b9a5-8185c90087d2,7900.0,7900.0,0.0,7900.0,7900.0,0.0,0.0,0.0,1.0
cf16686a-29f8-4757-bda3-ab6b6136bfa0,31900.0,31900.0,0.0,31900.0,31900.0,0.0,0.0,0.0,1.0
cf1bed4f-cafc-4f03-8283-e022e171e7be,128.0,128.0,0.0,128.0,128.0,0.0,0.0,0.0,1.0
cf1c063d-6004-45d5-b2bb-3688614bf448,105.0,105.0,0.0,105.0,105.0,0.0,0.0,0.0,1.0
cf1d78b2-50f3-47fd-aa89-a366dc309eed,1295.0,1295.0,0.0,1295.0,1295.0,0.0,0.0,0.0,1.0
cf2bb6dd-cb25-4ed7-94f4-1693257e712e,2995.0,2995.0,0.0,2995.0,2995.0,0.0,0.0,0.0,1.0
cf3a7a71-8401-41eb-ac3d-f2cad6975687,239.0,239.0,0.0,239.0,239.0,0.0,0.0,0.0,1.0
cf3c681f-a634-4411-890c-1df20538de52,6495.0,6495.0,0.0,6495.0,6495.0,0.0,0.0,0.0,1.0
cf517937-59c5-4fcd-a0a8-6a60d1cbe7a1,1395.0,1395.0,0.0,1395.0,1395.0,0.0,0.0,0.0,1.0
cf53bb0b-0244-4963-a9a0-8898bc64e4a5,6900.0,6900.0,0.0,6900.0,6900.0,0.0,0.0,0.0,1.0
cf591c8d-002d-4080-a6ce-25cb1df6f200,4495.0,4495.0,0.0,4495.0,4495.0,0.0,0.0,0.0,1.0
cf5a51bc-78bb-451f-b92f-487d636303c8,2599.0,2599.0,0.0,2599.0,2599.0,0.0,0.0,0.0,1.0
cf687546-325a-4849-bb55-2344a462f8ff,495.0,495.0,0.0,495.0,495.0,0.0,0.0,0.0,1.0
cf73229a-ba45-4d1f-9de9-b77c374c6a33,3495.0,3495.0,0.0,3495.0,3495.0,0.0,0.0,0.0,1.0
cf748b4b-63e7-4ade-b6a5-a25d2c6ac9ef,10900.0,10900.0,0.0,10900.0,10900.0,0.0,0.0,0.0,1.0
cf797d49-2027-4d19-bd6a-041eaa7ca1ee,3295.0,3295.0,0.0,3295.0,3295.0,0.0,0.0,0.0,1.0
cf80b65e-fb72-490b-b62c-78e137c3f65a,2695.0,2695.0,0.0,2695.0,2695.0,0.0,0.0,0.0,1.0
cf87d392-59ec-446b-ad67-9f027a98c20d,7495.0,7495.0,0.0,7495.0,7495.0,0.0,0.0,0.0,1.0
cf8b1f68-35d9-4c05-b7ca-3e7f7550d311,5295.0,5295.0,0.0,5295.0,5295.0,0.0,0.0,0.0,1.0
cf8f2e2a-61d9-43f5-8055-5cdf604a9203,11900.0,11900.0,0.0,11900.0,11900.0,0.0,0.0,0.0,1.0
cf929f24-cc2a-4d1c-9e49-4a44b080677a,4495.0,4495.0,0.0,4495.0,4495.0,0.0,0.0,0.0,1.0
cf92f3d7-6b88-436c-a10b-cccd5bc2f7a9,695.0,695.0,0.0,695.0,695.0,0.0,0.0,0.0,1.0
cf93c5b5-c3de-4c18-82fd-3ef9c888e9c2,23500.0,23500.0,0.0,23500.0,23500.0,0.0,0.0,0.0,1.0
cf9530eb-6cab-4369-b8ef-874a99fca9e0,18900.0,18900.0,0.0,18900.0,18900.0,0.0,0.0,0.0,1.0
cf9ccc95-d8a5-4c4f-b945-1a3ef0bd8078,1795.0,1795.0,0.0,1795.0,1795.0,0.0,0.0,0.0,1.0
cfa735d3-f7a0-476e-b8c7-28b9ba33ecbd,3865.0,3865.0,0.0,3865.0,3865.0,0.0,0.0,0.0,1.0
cfab78a6-675f-4038-bcfc-7183e4be9a0a,1050.0,1050.0,0.0,1050.0,1050.0,0.0,0.0,0.0,1.0
cfaf53e9-279a-4c57-ae75-88a19cb23048,26900.0,26900.0,0.0,26900.0,26900.0,0.0,0.0,0.0,1.0
cfafecfb-3361-4743-afec-ef1a4c3c8034,1795.0,1795.0,0.0,1795.0,1795.0,0.0,0.0,0.0,1.0
cfb5aeab-8947-429e-b37e-15ca2bcfb297,21900.0,21900.0,0.0,21900.0,21900.0,0.0,0.0,0.0,1.0
cfbfef2e-ccbc-4723-87f0-6f902f0898ea,57900.0,57900.0,0.0,57900.0,57900.0,0.0,0.0,0.0,1.0
cfc2773f-04fe-4f3a-abd6-c1f466b2d946,8995.0,8995.0,0.0,8995.0,8995.0,0.0,0.0,0.0,1.0
cfc2980f-2ad0-4cec-886d-34d30d1b4782,11900.0,11900.0,0.0,11900.0,11900.0,0.0,0.0,0.0,1.0
cfc50aee-ae8c-4626-abab-ac54aa6faa91,2900.0,2900.0,0.0,2900.0,2900.0,0.0,0.0,0.0,1.0
cfcf2806-a4fa-4e16-98b3-845050ea2317,2599.0,2599.0,0.0,2599.0,2599.0,0.0,0.0,0.0,1.0
cfd51616-19ea-4962-bb5a-aac289f08a01,27900.0,27900.0,0.0,27900.0,27900.0,0.0,0.0,0.0,1.0
cfdf9853-63e0-4303-a2a6-1a2665a2fa5e,10500.0,10500.0,0.0,10500.0,10500.0,0.0,0.0,0.0,1.0
cfe7d73d-721a-4174-bd76-bc614322fee8,3800.0,3800.0,0.0,3800.0,3800.0,0.0,0.0,0.0,1.0
cfed3943-0c97-45e1-9396-4eec62d50570,28900.0,28900.0,0.0,28900.0,28900.0,0.0,0.0,0.0,1.0
cfedbb8c-3950-4160-b703-32f7fffa30fd,1260.0,1260.0,0.0,1260.0,1260.0,0.0,0.0,0.0,1.0
cff2dccd-91ff-4313-919b-b3e2ebcfaf57,1700.0,1700.0,0.0,1700.0,1700.0,0.0,0.0,0.0,1.0
cff51108-0679-4840-81c2-d7e27c4a8b13,995.0,995.0,0.0,995.0,995.0,0.0,0.0,0.0,1.0
cffacf43-bf0e-4f9d-98e2-112536ae8c46,45.0,45.0,0.0,45.0,45.0,0.0,0.0,0.0,1.0
d000f25a-fdbd-4122-8ec1-251c0315a3ba,10900.0,10900.0,0.0,10900.0,10900.0,0.0,0.0,0.0,1.0
d005b8bc-ce7f-4ea1-94f0-706a68500b69,1695.0,1695.0,0.0,1695.0,1695.0,0.0,0.0,0.0,1.0
d0067d53-39b6-484c-8735-12afbe62af72,15900.0,15900.0,0.0,15900.0,15900.0,0.0,0.0,0.0,1.0
d007ad09-8aa4-4576-89cc-907ea1ff5b00,41900.0,41900.0,0.0,41900.0,41900.0,0.0,0.0,0.0,1.0
d00b6bc1-c7b3-41e4-a8ce-58c05feed690,1095.0,1095.0,0.0,1095.0,1095.0,0.0,0.0,0.0,1.0
d018977f-4831-4b8f-9059-616413a7a612,13900.0,13900.0,0.0,13900.0,13900.0,0.0,0.0,0.0,1.0
d01f8253-f7b9-45d4-b834-7fdc4d016740,945.0,945.0,0.0,945.0,945.0,0.0,0.0,0.0,1.0
d01fea40-cd48-4e55-a41c-54fb14d1960e,1199.0,1199.0,0.0,1199.0,1199.0,0.0,0.0,0.0,1.0
d024c050-d32d-4088-8b47-5a556ae9e1cd,2095.0,2095.0,0.0,2095.0,2095.0,0.0,0.0,0.0,1.0
d025cc17-ae0b-40c1-ad91-b57f28c40c0f,1395.0,1395.0,0.0,1395.0,1395.0,0.0,0.0,0.0,1.0
d0264fe7-c977-4d14-9716-7f23da82634e,745.0,745.0,0.0,745.0,745.0,0.0,0.0,0.0,1.0
d02aa741-cb7d-4d6f-8d92-89fca7fac422,610.0,610.0,0.0,610.0,610.0,0.0,0.0,0.0,1.0
d031b1d1-b616-43ba-9c3f-3229dd967444,11500.0,11500.0,0.0,11500.0,11500.0,0.0,0.0,0.0,1.0
d037923e-7160-4628-ba0f-3979bf023c1c,2600.0,2600.0,0.0,2600.0,2600.0,0.0,0.0,0.0,1.0
d03cf8fa-091a-42d8-ab53-ca677c9345f8,6000.0,6000.0,0.0,6000.0,6000.0,0.0,0.0,0.0,1.0
d03d6bdf-5126-4256-9e14-224471d6af10,4995.0,4995.0,0.0,4995.0,4995.0,0.0,0.0,0.0,1.0
d050846c-9d9d-4bbc-8c71-978a1a3dfd43,1295.0,1295.0,0.0,1295.0,1295.0,0.0,0.0,0.0,1.0
d052514a-d18b-4042-a364-68019fdadaab,5495.0,5495.0,0.0,5495.0,5495.0,0.0,0.0,0.0,1.0
d06b5542-a7b6-4fe3-92fa-b6c720fc9300,14900.0,14900.0,0.0,14900.0,14900.0,0.0,0.0,0.0,1.0
d07049a0-631f-4436-be83-8441c7783128,2595.0,2595.0,0.0,2595.0,2595.0,0.0,0.0,0.0,1.0
d0708b5d-e783-40ab-a6d7-f33dfc0b84ae,16900.0,16900.0,0.0,16900.0,16900.0,0.0,0.0,0.0,1.0
d0729d8b-b43b-4069-954f-66e91933117d,675.0,675.0,0.0,675.0,675.0,0.0,0.0,0.0,1.0
d0737252-ef9c-42bf-a42c-212611311bc4,44900.0,44900.0,0.0,44900.0,44900.0,0.0,0.0,0.0,1.0
d07ca824-081c-4e68-a877-2912941e4e46,245.0,245.0,0.0,245.0,245.0,0.0,0.0,0.0,1.0
d08621a4-f34a-47f5-8eb0-2779c7916164,13900.0,13900.0,0.0,13900.0,13900.0,0.0,0.0,0.0,1.0
d0885334-7c44-46da-a51c-b1c29ac1d5c1,995.0,995.0,0.0,995.0,995.0,0.0,0.0,0.0,1.0
d08ccc1f-e2a7-47c2-9545-669ad1368441,6695.0,6695.0,0.0,6695.0,6695.0,0.0,0.0,0.0,1.0
d090b64c-7ce0-4854-82e9-3cc5c456fa22,1050.0,1050.0,0.0,1050.0,1050.0,0.0,0.0,0.0,1.0
d0962e70-c20d-45fe-8f92-dec867850e34,2445.0,2445.0,0.0,2445.0,2445.0,0.0,0.0,0.0,1.0
d09ceea6-979f-47cd-b53e-20e5f12f3af5,1960.0,1960.0,0.0,1960.0,1960.0,0.0,0.0,0.0,1.0
d09f4fc9-cc2e-4d9a-a00c-ca24f51cd578,3395.0,3395.0,0.0,3395.0,3395.0,0.0,0.0,0.0,1.0
d0a0cddc-323c-4011-8157-f1dbc2d16215,495.0,495.0,0.0,495.0,495.0,0.0,0.0,0.0,1.0
d0a5c70b-4b57-4ecf-ace0-91c2602ad262,995.0,995.0,0.0,995.0,995.0,0.0,0.0,0.0,1.0
d0ac11c5-5557-4019-b54e-9c145daf0376,3495.0,3495.0,0.0,3495.0,3495.0,0.0,0.0,0.0,1.0
d0b1942b-b022-4ec3-acd9-fbe17d3b33bb,14900.0,14900.0,0.0,14900.0,14900.0,0.0,0.0,0.0,1.0
d0b41932-ad7e-4ccd-ac14-c9f1bf093b30,48900.0,48900.0,0.0,48900.0,48900.0,0.0,0.0,0.0,1.0
d0b62b8f-cb89-4777-94b6-389c98b643bc,9900.0,9900.0,0.0,9900.0,9900.0,0.0,0.0,0.0,1.0
d0c2dd38-81e2-4c32-9b8c-f19ea7aaffc0,1795.0,1795.0,0.0,1795.0,1795.0,0.0,0.0,0.0,1.0
d0c5dbef-0276-44a1-a757-7cb11e683ea4,1695.0,1695.0,0.0,1695.0,1695.0,0.0,0.0,0.0,1.0
d0d10d84-8b28-4114-886e-6d3eae9451f9,995.0,995.0,0.0,995.0,995.0,0.0,0.0,0.0,1.0
d0e080a9-6d49-4d94-9119-29530fdc62c8,695.0,695.0,0.0,695.0,695.0,0.0,0.0,0.0,1.0
d0e4fc18-7b2f-4e54-a9a5-394f00721eb1,1095.0,1095.0,0.0,1095.0,1095.0,0.0,0.0,0.0,1.0
d0e834f8-4567-454d-b565-58b544308f83,845.0,845.0,0.0,845.0,845.0,0.0,0.0,0.0,1.0
d0f2a192-3a31-4424-9077-c0bfe32b638d,150.0,150.0,0.0,150.0,150.0,0.0,0.0,0.0,1.0
d1013ab8-4d77-47a1-b975-2278450268c5,105.0,105.0,0.0,105.0,105.0,0.0,0.0,0.0,1.0
d1058738-f5db-4f50-8e44-7dafcfea6679,1295.0,1295.0,0.0,1295.0,1295.0,0.0,0.0,0.0,1.0
d1127d31-7ab5-4f07-80f7-a767fe67b55c,1980.0,1980.0,0.0,1980.0,1980.0,0.0,0.0,0.0,1.0
d1170f7b-949d-495d-aa28-38707cc8737e,990.0,990.0,0.0,990.0,990.0,0.0,0.0,0.0,1.0
d119821f-d710-4ecd-933d-81d6a7f50773,645.0,645.0,0.0,645.0,645.0,0.0,0.0,0.0,1.0
d119b453-88db-43ae-bd68-d9813c49c6cf,25900.0,25900.0,0.0,25900.0,25900.0,0.0,0.0,0.0,1.0
d1204125-1721-432a-b245-fa962b186aff,12500.0,12500.0,0.0,12500.0,12500.0,0.0,0.0,0.0,1.0
d12523b2-3087-4748-b4a7-1184a0f99c8f,12900.0,12900.0,0.0,12900.0,12900.0,0.0,0.0,0.0,1.0
d12b24ff-c1f3-47e6-a9f1-6226f540dc5a,995.0,995.0,0.0,995.0,995.0,0.0,0.0,0.0,1.0
d12d1328-40aa-41a0-8e27-3308a41c79d0,320.0,320.0,0.0,320.0,320.0,0.0,0.0,0.0,1.0
d12e6bcf-2ece-4d19-938f-31aa391d82b5,10900.0,10900.0,0.0,10900.0,10900.0,0.0,0.0,0.0,1.0
d1346b60-75bd-4c2b-b96a-7add396e1da1,1495.0,1495.0,0.0,1495.0,1495.0,0.0,0.0,0.0,1.0
d138d523-e9cf-4015-b254-f15a2318a208,4995.0,4995.0,0.0,4995.0,4995.0,0.0,0.0,0.0,1.0
d13a9d2f-0a94-47a1-9901-cc34abdeb77b,940.0,940.0,0.0,940.0,940.0,0.0,0.0,0.0,1.0
d142e439-0a89-444f-8f2b-dd61351db0ca,545.0,545.0,0.0,545.0,545.0,0.0,0.0,0.0,1.0
d14f3ce1-4171-487b-97d1-bb9fd5d11862,1395.0,1395.0,0.0,1395.0,1395.0,0.0,0.0,0.0,1.0
d16357c3-e1ed-48f9-ad9c-aeb78ca91b17,9900.0,9900.0,0.0,9900.0,9900.0,0.0,0.0,0.0,1.0
d1671268-79f8-460c-8f74-24edd640f83f,5995.0,5995.0,0.0,5995.0,5995.0,0.0,0.0,0.0,1.0
d169236a-c895-4359-96e1-75dd935bc3ef,1250.0,1250.0,0.0,1250.0,1250.0,0.0,0.0,0.0,1.0
d16fbf68-91ab-4791-8d82-0fa8e6ba62ad,3395.0,3395.0,0.0,3395.0,3395.0,0.0,0.0,0.0,1.0
d1755140-6170-4d47-8f9b-c794224e622e,2795.0,2795.0,0.0,2795.0,2795.0,0.0,0.0,0.0,1.0
d175767c-a8de-4058-9b79-910041b67cec,10900.0,10900.0,0.0,10900.0,10900.0,0.0,0.0,0.0,1.0
d187f202-b925-470c-a36e-63693f3b6ec1,1545.0,1545.0,0.0,1545.0,1545.0,0.0,0.0,0.0,1.0
d19df486-398b-4b33-b1d1-938a82cdd80d,1695.0,1695.0,0.0,1695.0,1695.0,0.0,0.0,0.0,1.0
d1af6b7f-55fc-4c78-a25c-cdaaf427757a,7695.0,7695.0,0.0,7695.0,7695.0,0.0,0.0,0.0,1.0
d1cae4b8-8e29-4641-80e2-2760a332ea21,39900.0,39900.0,0.0,39900.0,39900.0,0.0,0.0,0.0,1.0
d1cbeb51-e675-49bf-b56a-071d3583fa36,3995.0,3995.0,0.0,3995.0,3995.0,0.0,0.0,0.0,1.0
d1cfdca6-a3ae-485b-8b4b-ac740cac9520,10900.0,10900.0,0.0,10900.0,10900.0,0.0,0.0,0.0,1.0
d1d0a283-8ab9-4a87-9406-2bf77c35e956,22900.0,22900.0,0.0,22900.0,22900.0,0.0,0.0,0.0,1.0
d1d2daa2-cf6b-46e6-8410-f7a008e242db,11900.0,11900.0,0.0,11900.0,11900.0,0.0,0.0,0.0,1.0
d1e6d670-1c97-413c-9efb-dd99c477c185,3995.0,3995.0,0.0,3995.0,3995.0,0.0,0.0,0.0,1.0
d1f5c289-19b2-4ad6-bee0-57b7757a3134,535.0,535.0,0.0,535.0,535.0,0.0,0.0,0.0,1.0
d1f86dd9-cafb-49c4-9b51-cc6c9c226f75,32900.0,32900.0,0.0,32900.0,32900.0,0.0,0.0,0.0,1.0
d1f883d5-ac7f-4738-9531-b5ef84c24b1a,27900.0,27900.0,0.0,27900.0,27900.0,0.0,0.0,0.0,1.0
d1fc14c6-ab0b-4b4e-8b00-253d2f0a2e7a,3995.0,3995.0,0.0,3995.0,3995.0,0.0,0.0,0.0,1.0
d1ff2211-17fa-4b4a-b6dc-08ebb6e47718,895.0,895.0,0.0,895.0,895.0,0.0,0.0,0.0,1.0
d20304da-0820-4180-b697-dce83090586a,120.0,120.0,0.0,120.0,120.0,0.0,0.0,0.0,1.0
d2033d96-69da-4e13-baf2-2ca8331a3e49,1250.0,1250.0,0.0,1250.0,1250.0,0.0,0.0,0.0,1.0
d206fa5d-55d8-4018-b64a-2a24a1913c69,24900.0,24900.0,0.0,24900.0,24900.0,0.0,0.0,0.0,1.0
d2080724-e49b-44be-9ab1-cb3c29fe4a29,365.0,365.0,0.0,365.0,365.0,0.0,0.0,0.0,1.0
d210a342-0eab-45ee-a0e7-df67000861a9,26900.0,26900.0,0.0,26900.0,26900.0,0.0,0.0,0.0,1.0
d21d183d-590b-43bc-8b97-b59ca0956372,7495.0,7495.0,0.0,7495.0,7495.0,0.0,0.0,0.0,1.0
d222e247-5922-41a9-bb19-5376859896d1,2100.0,2100.0,0.0,2100.0,2100.0,0.0,0.0,0.0,1.0
d22f1b46-505d-42dc-87e6-9a23a69f7a9e,345.0,345.0,0.0,345.0,345.0,0.0,0.0,0.0,1.0
d22fc493-51f2-4efa-958b-e35e897db991,7500.0,7500.0,0.0,7500.0,7500.0,0.0,0.0,0.0,1.0
d232922e-8c22-471c-84d9-b1bb5bec9041,3995.0,3995.0,0.0,3995.0,3995.0,0.0,0.0,0.0,1.0
d23648c1-33d3-44fc-b61c-1f466d06b0c6,138.0,138.0,0.0,138.0,138.0,0.0,0.0,0.0,1.0
d23723ee-164d-49b5-9ec1-30edcc1340e6,8900.0,8900.0,0.0,8900.0,8900.0,0.0,0.0,0.0,1.0
d23d3c13-bf53-4579-99fd-6de10d11b46b,10500.0,10500.0,0.0,10500.0,10500.0,0.0,0.0,0.0,1.0
d23e8307-1208-4215-b197-4115fe5ee580,2500.0,2500.0,0.0,2500.0,2500.0,0.0,0.0,0.0,1.0
d2406d92-76e5-4bc1-96b2-57b9fd6d0c90,1595.0,1595.0,0.0,1595.0,1595.0,0.0,0.0,0.0,1.0
d2464eae-6e54-4b8f-93b9-8ee0912bd84b,11500.0,11500.0,0.0,11500.0,11500.0,0.0,0.0,0.0,1.0
d24dbfdc-a929-4626-bee3-3a30e9b52f5d,295.0,295.0,0.0,295.0,295.0,0.0,0.0,0.0,1.0
d270370c-a6a3-40ac-bb7a-9eb3fd5fc0d7,210.0,210.0,0.0,210.0,210.0,0.0,0.0,0.0,1.0
d2748518-6480-4606-9cff-51cd2df8e31b,3400.0,3400.0,0.0,3400.0,3400.0,0.0,0.0,0.0,1.0
d2842934-f463-4a0a-8842-aa37b1473b7d,860.0,860.0,0.0,860.0,860.0,0.0,0.0,0.0,1.0
d28b46c0-6f6f-4b0a-b60b-48a6d906f139,2995.0,2995.0,0.0,2995.0,2995.0,0.0,0.0,0.0,1.0
d295b071-9cda-4035-b3fb-8dd4b8d58d0d,995.0,995.0,0.0,995.0,995.0,0.0,0.0,0.0,1.0
d29b4498-4752-4e44-81c3-1efa6e8c1bc2,2695.0,2695.0,0.0,2695.0,2695.0,0.0,0.0,0.0,1.0
d29e171f-7a57-428f-bdda-7cb30f17f11e,16900.0,16900.0,0.0,16900.0,16900.0,0.0,0.0,0.0,1.0
d2a0427f-071e-46d9-86a5-8c1bc827616d,1000.0,1000.0,0.0,1000.0,1000.0,0.0,0.0,0.0,1.0
d2b0717d-2eb3-432c-a394-a136c1b1dad7,7200.0,7200.0,0.0,7200.0,7200.0,0.0,0.0,0.0,1.0
d2c59d8f-1e35-4ae3-a0e1-c845c90bff69,10500.0,10500.0,0.0,10500.0,10500.0,0.0,0.0,0.0,1.0
d2c6471b-9ff3-4bf6-b2c9-2e2846fb8fd9,9200.0,9200.0,0.0,9200.0,9200.0,0.0,0.0,0.0,1.0
d2cceae1-a291-4083-9f72-50cf5abc4b06,75.0,75.0,0.0,75.0,75.0,0.0,0.0,0.0,1.0
d2d875c7-d0b0-444e-ba31-bae439970c94,4495.0,4495.0,0.0,4495.0,4495.0,0.0,0.0,0.0,1.0
d2e317f9-bf9e-4ac7-8f56-0a5638c982cb,799.0,799.0,0.0,799.0,799.0,0.0,0.0,0.0,1.0
d2e6533c-534e-4c31-a749-6da38a6a0326,4885.0,4885.0,0.0,4885.0,4885.0,0.0,0.0,0.0,1.0
d2e6f024-42a2-4af6-be57-996a7e61af0a,635.0,635.0,0.0,635.0,635.0,0.0,0.0,0.0,1.0
d2ecb71e-3d42-4a17-bbeb-8d844669e146,1695.0,1695.0,0.0,1695.0,1695.0,0.0,0.0,0.0,1.0
d2ee23af-7e98-4c68-a67a-f01f5ff4c1cb,4295.0,4295.0,0.0,4295.0,4295.0,0.0,0.0,0.0,1.0
d2f1e856-c3e5-4b7b-9cbb-5e86bf02a809,16500.0,16500.0,0.0,16500.0,16500.0,0.0,0.0,0.0,1.0
d2f509f5-d02d-4814-b926-0a4d3d784003,499.0,499.0,0.0,499.0,499.0,0.0,0.0,0.0,1.0
d2fa90af-15a3-4d1c-be42-515e6fa4eb46,1595.0,1595.0,0.0,1595.0,1595.0,0.0,0.0,0.0,1.0
d2fd332a-4e04-4c4a-9b6b-9c3d47b8ba70,2995.0,2995.0,0.0,2995.0,2995.0,0.0,0.0,0.0,1.0
d30368bc-fc34-4472-ba09-dee85c8d4ad0,1360.0,1360.0,0.0,1360.0,1360.0,0.0,0.0,0.0,1.0
d315cbee-7c72-4bfa-9faa-472defc803dc,1245.0,1245.0,0.0,1245.0,1245.0,0.0,0.0,0.0,1.0
d3242e81-5f0d-4d57-a946-1e70d8e3fe78,26900.0,26900.0,0.0,26900.0,26900.0,0.0,0.0,0.0,1.0
d328cdaa-fc53-4653-8ce8-6a14bcaa6ce1,325.0,325.0,0.0,325.0,325.0,0.0,0.0,0.0,1.0
d3354ca4-adea-4348-a38b-145d236a1013,1650.0,1650.0,0.0,1650.0,1650.0,0.0,0.0,0.0,1.0
d33fba8d-3615-4e39-8703-9edbcc7732ff,5995.0,5995.0,0.0,5995.0,5995.0,0.0,0.0,0.0,1.0
d3419ed9-bd00-444f-944e-390b6f42b1fe,3850.0,3850.0,0.0,3850.0,3850.0,0.0,0.0,0.0,1.0
d345027b-2114-4240-b961-253c44374d44,10900.0,10900.0,0.0,10900.0,10900.0,0.0,0.0,0.0,1.0
d348e354-d072-4ee6-adef-61e7e5dc0c03,110.0,110.0,0.0,110.0,110.0,0.0,0.0,0.0,1.0
d35e792a-e1f3-4c40-bce1-46762cce8d73,2000.0,2000.0,0.0,2000.0,2000.0,0.0,0.0,0.0,1.0
d35fb64b-469b-4c4c-8ff6-44b45e29bd51,3295.0,3295.0,0.0,3295.0,3295.0,0.0,0.0,0.0,1.0
d3656fe1-523c-464b-8c8c-69bb43fc5011,1045.0,1045.0,0.0,1045.0,1045.0,0.0,0.0,0.0,1.0
d36c66f2-fb91-4427-80be-994c7be8378d,2800.0,2800.0,0.0,2800.0,2800.0,0.0,0.0,0.0,1.0
d36d91c5-d956-40f6-90f3-192edfdc4f5e,1395.0,1395.0,0.0,1395.0,1395.0,0.0,0.0,0.0,1.0
d370ed58-9af7-4b67-a252-96a6f7495be7,2295.0,2295.0,0.0,2295.0,2295.0,0.0,0.0,0.0,1.0
d3714aaf-0bed-4cf5-b895-199bfec668df,220.0,220.0,0.0,220.0,220.0,0.0,0.0,0.0,1.0
d376cad1-a093-4086-811b-da7a1342680c,17900.0,17900.0,0.0,17900.0,17900.0,0.0,0.0,0.0,1.0
d3932399-f8d3-49de-a2aa-c049da5ec043,12500.0,12500.0,0.0,12500.0,12500.0,0.0,0.0,0.0,1.0
d396d13c-bed7-4836-9948-9316fac88907,465.0,465.0,0.0,465.0,465.0,0.0,0.0,0.0,1.0
d39b896d-4a89-44cb-836d-c632d9614973,6495.0,6495.0,0.0,6495.0,6495.0,0.0,0.0,0.0,1.0
d39c51bb-f29c-4b88-b369-4e469a54e495,210.0,210.0,0.0,210.0,210.0,0.0,0.0,0.0,1.0
d3a32fe0-39fb-44de-8c37-6e357714698a,165.0,165.0,0.0,165.0,165.0,0.0,0.0,0.0,1.0
d3a5381e-c61b-4764-a4ac-537915a16bf9,1995.0,1995.0,0.0,1995.0,1995.0,0.0,0.0,0.0,1.0
d3a869d3-2ef6-490b-9c17-40700d58d133,17900.0,17900.0,0.0,17900.0,17900.0,0.0,0.0,0.0,1.0
d3a8b44a-6391-4dca-9287-2cd1151c9a1b,2395.0,2395.0,0.0,2395.0,2395.0,0.0,0.0,0.0,1.0
d3adac38-3936-4595-b82c-eb50803ac32d,54900.0,54900.0,0.0,54900.0,54900.0,0.0,0.0,0.0,1.0
d3b1cab0-01c6-4f9c-baef-bedac0812f23,4280.0,4280.0,0.0,4280.0,4280.0,0.0,0.0,0.0,1.0
d3b90d6a-5f7b-42a3-a3f1-8012062ae4cf,43900.0,43900.0,0.0,43900.0,43900.0,0.0,0.0,0.0,1.0
d3bb0495-56c1-4ff0-a4a9-a8ffe55a56bf,1295.0,1295.0,0.0,1295.0,1295.0,0.0,0.0,0.0,1.0
d3cf9d5d-9b68-479f-adfe-8d3b52f2cd82,2295.0,2295.0,0.0,2295.0,2295.0,0.0,0.0,0.0,1.0
d3d8fcfd-52fd-46d9-ae25-629d9de8b37a,325.0,325.0,0.0,325.0,325.0,0.0,0.0,0.0,1.0
d3e2d9dd-3cd2-4ec6-9f93-9361b4dcf012,1095.0,1095.0,0.0,1095.0,1095.0,0.0,0.0,0.0,1.0
d3e7be75-7a9c-4253-afd8-55f812ecd30c,80.0,80.0,0.0,80.0,80.0,0.0,0.0,0.0,1.0
d3ecea92-2cdd-4358-b736-f23f04394a87,7495.0,7495.0,0.0,7495.0,7495.0,0.0,0.0,0.0,1.0
d3f0e218-e01a-46b3-9e64-d27b29cf01db,8495.0,8495.0,0.0,8495.0,8495.0,0.0,0.0,0.0,1.0
d3f9528d-dfad-4e89-b91c-d7dcfd84ab54,7795.0,7795.0,0.0,7795.0,7795.0,0.0,0.0,0.0,1.0
d3ff2c51-c34f-45b0-8741-1fdbdd9cbbbc,20900.0,20900.0,0.0,20900.0,20900.0,0.0,0.0,0.0,1.0
d40c22ff-ed7e-44f2-9a3c-c168c79d8f62,32900.0,32900.0,0.0,32900.0,32900.0,0.0,0.0,0.0,1.0
d40fb73e-b3f7-4ff9-b3b1-8407359cc9ed,395.0,395.0,0.0,395.0,395.0,0.0,0.0,0.0,1.0
d416f3d8-d0ba-4fcc-8947-44c64326f13b,1530.0,1530.0,0.0,1530.0,1530.0,0.0,0.0,0.0,1.0
d41895e7-ad46-4f36-9f3b-6f58e3cff556,7500.0,7500.0,0.0,7500.0,7500.0,0.0,0.0,0.0,1.0
d418e90a-c1cf-4d3d-a4ab-aa9e3e7e4a33,1260.0,1260.0,0.0,1260.0,1260.0,0.0,0.0,0.0,1.0
d4206d87-da17-489f-95a1-d1747325f450,8980.0,8980.0,0.0,8980.0,8980.0,0.0,0.0,0.0,1.0
d4261eb1-75b2-4250-bf5b-ac9b5996562a,14900.0,14900.0,0.0,14900.0,14900.0,0.0,0.0,0.0,1.0
d438d34c-ac23-45e4-a22a-7f85fdbd825b,545.0,545.0,0.0,545.0,545.0,0.0,0.0,0.0,1.0
d44d0914-35f7-4969-943b-bc6add4cb331,9900.0,9900.0,0.0,9900.0,9900.0,0.0,0.0,0.0,1.0
d44daf25-58f0-4d56-8828-2c3b2e6c1064,8900.0,8900.0,0.0,8900.0,8900.0,0.0,0.0,0.0,1.0
d4647582-e977-48e3-8e8d-24b66c32ca7e,11900.0,11900.0,0.0,11900.0,11900.0,0.0,0.0,0.0,1.0
d46e0f74-d45e-4e77-b32e-07037ecd9f14,7495.0,7495.0,0.0,7495.0,7495.0,0.0,0.0,0.0,1.0
d4721844-57f4-400f-8a62-d17bf6a3731a,3995.0,3995.0,0.0,3995.0,3995.0,0.0,0.0,0.0,1.0
d48436cf-5249-4cab-b29b-9838e8801df6,1295.0,1295.0,0.0,1295.0,1295.0,0.0,0.0,0.0,1.0
d48c67b6-4d72-4256-b7d6-b40c03b47519,9900.0,9900.0,0.0,9900.0,9900.0,0.0,0.0,0.0,1.0
d48d146f-a692-49ff-b730-9a5e2f7ad8bd,8995.0,8995.0,0.0,8995.0,8995.0,0.0,0.0,0.0,1.0
d495414a-ac4f-4eaf-8e66-b718647cf9c2,21500.0,21500.0,0.0,21500.0,21500.0,0.0,0.0,0.0,1.0
d497c14a-977e-4f35-abb5-c07637ac28f9,1795.0,1795.0,0.0,1795.0,1795.0,0.0,0.0,0.0,1.0
d49bb795-0dca-4cd7-bdbb-b11bb54e900e,165.0,165.0,0.0,165.0,165.0,0.0,0.0,0.0,1.0
d4a24196-069d-4cac-8606-6c01fb998e94,2900.0,2900.0,0.0,2900.0,2900.0,0.0,0.0,0.0,1.0
d4a88e13-5f3b-4ad8-a68b-4a2e8fb447cb,13900.0,13900.0,0.0,13900.0,13900.0,0.0,0.0,0.0,1.0
d4af7a09-454a-4dba-ac9d-31bf3a0c8306,10900.0,10900.0,0.0,10900.0,10900.0,0.0,0.0,0.0,1.0
d4b17675-0e84-4bc1-badb-d98eb027b098,2800.0,2800.0,0.0,2800.0,2800.0,0.0,0.0,0.0,1.0
d4b19a65-314b-4b2a-9197-b658adc6cf40,3595.0,3595.0,0.0,3595.0,3595.0,0.0,0.0,0.0,1.0
d4ccb698-96c0-4b00-b935-27e812558e0f,9900.0,9900.0,0.0,9900.0,9900.0,0.0,0.0,0.0,1.0
d4d1c2ce-a91f-4300-b112-0ba0c462c61f,6995.0,6995.0,0.0,6995.0,6995.0,0.0,0.0,0.0,1.0
d4dbe1a1-6d8d-4ac5-964d-cf6f24541ee6,1145.0,1145.0,0.0,1145.0,1145.0,0.0,0.0,0.0,1.0
d4e1aee2-1563-490d-aa6a-8b779c955ba0,2995.0,2995.0,0.0,2995.0,2995.0,0.0,0.0,0.0,1.0
d4e44272-1e53-4ceb-87c6-47772cfb2134,295.0,295.0,0.0,295.0,295.0,0.0,0.0,0.0,1.0
d4e84ae4-0c2e-48dd-9516-79ce64453073,1095.0,1095.0,0.0,1095.0,1095.0,0.0,0.0,0.0,1.0
d4f1f94a-1fc8-470f-9f06-18cdb9534af4,16900.0,16900.0,0.0,16900.0,16900.0,0.0,0.0,0.0,1.0
d4f66c4f-a4de-4d22-9eed-6eb9dca2c97e,695.0,695.0,0.0,695.0,695.0,0.0,0.0,0.0,1.0
d4fbf7e8-8990-4d2b-8034-5658b72c4cc2,1245.0,1245.0,0.0,1245.0,1245.0,0.0,0.0,0.0,1.0
d50341c6-6656-40ac-b8c4-307176a0983b,1045.0,1045.0,0.0,1045.0,1045.0,0.0,0.0,0.0,1.0
d5041d67-4f6d-481f-a748-fa125bdda81d,10900.0,10900.0,0.0,10900.0,10900.0,0.0,0.0,0.0,1.0
d505da75-9013-4ce0-84e6-da609c190273,15900.0,15900.0,0.0,15900.0,15900.0,0.0,0.0,0.0,1.0
d50af2dc-fffd-40d4-9f17-18eea47ec599,3595.0,3595.0,0.0,3595.0,3595.0,0.0,0.0,0.0,1.0
d50fce17-40a3-4048-9372-6843a5a5f292,4995.0,4995.0,0.0,4995.0,4995.0,0.0,0.0,0.0,1.0
d51013f3-7408-48da-aed4-c9bacf0ad691,3495.0,3495.0,0.0,3495.0,3495.0,0.0,0.0,0.0,1.0
d51102f9-7da4-4b81-a7f0-3fe2f441ce90,695.0,695.0,0.0,695.0,695.0,0.0,0.0,0.0,1.0
d5172488-0e03-4765-953a-c63ab3db5802,9900.0,9900.0,0.0,9900.0,9900.0,0.0,0.0,0.0,1.0
d51a6c3d-00f0-439e-b677-94ccf7574630,11900.0,11900.0,0.0,11900.0,11900.0,0.0,0.0,0.0,1.0
d51e52f3-e504-4f29-996c-278bec700981,16900.0,16900.0,0.0,16900.0,16900.0,0.0,0.0,0.0,1.0
d5244267-3a49-492a-a359-ed0cfc43a13b,2800.0,2800.0,0.0,2800.0,2800.0,0.0,0.0,0.0,1.0
d53147dc-a570-4cff-a1f0-b77f3f44f9ca,540.0,540.0,0.0,540.0,540.0,0.0,0.0,0.0,1.0
d532e4ce-c554-457a-9453-9fc7ef5d593a,4990.0,4990.0,0.0,4990.0,4990.0,0.0,0.0,0.0,1.0
d538b361-d879-4083-82c6-1a94f58616a6,995.0,995.0,0.0,995.0,995.0,0.0,0.0,0.0,1.0
d53c6e2d-da39-454f-aae1-0d15baeca7c8,31900.0,31900.0,0.0,31900.0,31900.0,0.0,0.0,0.0,1.0
d53de82b-e423-4d01-986d-0f6b089efe6e,44900.0,44900.0,0.0,44900.0,44900.0,0.0,0.0,0.0,1.0
d54390ce-088a-4ece-bb7c-e569819f552b,3500.0,3500.0,0.0,3500.0,3500.0,0.0,0.0,0.0,1.0
d5452d68-92be-42ee-b2ee-3a72ef9dde28,995.0,995.0,0.0,995.0,995.0,0.0,0.0,0.0,1.0
d5655dce-13d7-4632-b7bd-a5cabb868aa3,400.0,400.0,0.0,400.0,400.0,0.0,0.0,0.0,1.0
d5658753-4c46-459b-9616-0eaf5c1fca73,595.0,595.0,0.0,595.0,595.0,0.0,0.0,0.0,1.0
d56a6491-a197-462d-8bb0-7c47c134755b,7900.0,7900.0,0.0,7900.0,7900.0,0.0,0.0,0.0,1.0
d56dd3a8-6087-4d98-b29a-6f18d4fc3912,4295.0,4295.0,0.0,4295.0,4295.0,0.0,0.0,0.0,1.0
d573b47a-cc82-4909-bfe6-85895659e378,1395.0,1395.0,0.0,1395.0,1395.0,0.0,0.0,0.0,1.0
d586f9e6-01f1-44ca-b152-f67ee319585c,34900.0,34900.0,0.0,34900.0,34900.0,0.0,0.0,0.0,1.0
d5895865-3861-4027-ace0-c45786a85c4b,5195.0,5195.0,0.0,5195.0,5195.0,0.0,0.0,0.0,1.0
d58bf747-c0ea-4dac-9622-454e2f8e5f67,2395.0,2395.0,0.0,2395.0,2395.0,0.0,0.0,0.0,1.0
d58da0ff-b768-4d89-80e4-2f67834980c1,1949.0,1949.0,0.0,1949.0,1949.0,0.0,0.0,0.0,1.0
d595744f-9fab-4dfe-b082-bbe63d14b871,795.0,795.0,0.0,795.0,795.0,0.0,0.0,0.0,1.0
d59e62b6-219a-451f-97fc-46c39c0d93b7,1290.0,1290.0,0.0,1290.0,1290.0,0.0,0.0,0.0,1.0
d59e7424-348a-4e0e-b4e0-21814365a110,195.0,195.0,0.0,195.0,195.0,0.0,0.0,0.0,1.0
d59edd8e-d876-4052-87f8-3d1eb1d9687e,1195.0,1195.0,0.0,1195.0,1195.0,0.0,0.0,0.0,1.0
d5ace050-fa38-4e85-be42-de6cc1519539,1995.0,1995.0,0.0,1995.0,1995.0,0.0,0.0,0.0,1.0
d5af3c3d-cccd-4755-8c5b-2e749b96e87c,4295.0,4295.0,0.0,4295.0,4295.0,0.0,0.0,0.0,1.0
d5b0ae98-aace-4696-961c-b13ad569fd5b,9900.0,9900.0,0.0,9900.0,9900.0,0.0,0.0,0.0,1.0
d5bad592-30f7-46f2-84e7-a4f5592e8e97,19900.0,19900.0,0.0,19900.0,19900.0,0.0,0.0,0.0,1.0
d5bc0fed-eac5-45f2-a45c-05a3bb0eb7ec,470.0,470.0,0.0,470.0,470.0,0.0,0.0,0.0,1.0
d5c870e6-20af-4306-881a-152e9432143a,2350.0,2350.0,0.0,2350.0,2350.0,0.0,0.0,0.0,1.0
d5cfe3d7-3c3e-48b4-948d-41766a20e209,4000.0,4000.0,0.0,4000.0,4000.0,0.0,0.0,0.0,1.0
d5d024bd-57d8-428e-a72b-9c4582add574,2395.0,2395.0,0.0,2395.0,2395.0,0.0,0.0,0.0,1.0
d5d70d69-5e16-4e3a-a034-81c05da5df81,745.0,745.0,0.0,745.0,745.0,0.0,0.0,0.0,1.0
d5ed7ae2-8bcf-4e28-8506-e6e7deb26085,20900.0,20900.0,0.0,20900.0,20900.0,0.0,0.0,0.0,1.0
d5ef7b68-9854-45ae-b9b8-e52c42ae2571,195.0,195.0,0.0,195.0,195.0,0.0,0.0,0.0,1.0
d5f38a7b-1bfa-4e0d-b913-4ad6792f49df,6295.0,6295.0,0.0,6295.0,6295.0,0.0,0.0,0.0,1.0
d5f641b1-ddbf-4648-9364-4909fa25f97a,12480.0,12480.0,0.0,12480.0,12480.0,0.0,0.0,0.0,1.0
d5f8c5c7-eb9c-4b1d-8317-1643901fc1cb,390.0,390.0,0.0,390.0,390.0,0.0,0.0,0.0,1.0
d606b3d6-b276-4a98-bdda-0673103edadd,4900.0,4900.0,0.0,4900.0,4900.0,0.0,0.0,0.0,1.0
d606c7ae-e225-4e1a-87a5-ef2d5d3a4167,3800.0,3800.0,0.0,3800.0,3800.0,0.0,0.0,0.0,1.0
d60a2669-6467-484a-8feb-a5ac19626ade,3395.0,3395.0,0.0,3395.0,3395.0,0.0,0.0,0.0,1.0
d6171fa0-0cb7-4d4b-ad50-e59fbc7c75c0,14900.0,14900.0,0.0,14900.0,14900.0,0.0,0.0,0.0,1.0
d618bd3d-d275-4d79-99ef-1f456796614c,3995.0,3995.0,0.0,3995.0,3995.0,0.0,0.0,0.0,1.0
d61f65a9-4c0f-4a68-9e14-f3eb27143547,2695.0,2695.0,0.0,2695.0,2695.0,0.0,0.0,0.0,1.0
d6219b3d-48b1-4c2c-8f0f-ba0f9c49110a,375.0,375.0,0.0,375.0,375.0,0.0,0.0,0.0,1.0
d62896a4-d938-4bc9-b51b-7d83170f481b,1045.0,1045.0,0.0,1045.0,1045.0,0.0,0.0,0.0,1.0
d6400c54-cbeb-4d8f-ad92-829c1100cce9,1499.0,1499.0,0.0,1499.0,1499.0,0.0,0.0,0.0,1.0
d64402d1-574f-49ff-838a-01a7790a83a7,11500.0,11500.0,0.0,11500.0,11500.0,0.0,0.0,0.0,1.0
d64af29d-4b9b-4152-89fd-fe116ce9ffdf,2995.0,2995.0,0.0,2995.0,2995.0,0.0,0.0,0.0,1.0
d665a2f7-dc50-47ba-b99a-3982828e9f8c,8995.0,8995.0,0.0,8995.0,8995.0,0.0,0.0,0.0,1.0
d66895ce-c6ae-4666-8309-b94bf2b46d3b,6995.0,6995.0,0.0,6995.0,6995.0,0.0,0.0,0.0,1.0
d66afdc8-7da1-4112-a30a-1011472958ea,345.0,345.0,0.0,345.0,345.0,0.0,0.0,0.0,1.0
d675f4ad-b872-488a-bf09-946795aecafa,2200.0,2200.0,0.0,2200.0,2200.0,0.0,0.0,0.0,1.0
d6ab4952-1f6f-4c33-afd5-b968054a6fd7,4995.0,4995.0,0.0,4995.0,4995.0,0.0,0.0,0.0,1.0
d6afa747-4b71-48d5-9e0f-20ab26f1ec1d,26900.0,26900.0,0.0,26900.0,26900.0,0.0,0.0,0.0,1.0
d6b570e3-aa4e-4e80-b316-0469edc65dbd,12900.0,12900.0,0.0,12900.0,12900.0,0.0,0.0,0.0,1.0
d6bd3ec2-2667-41fe-b022-000e1870c573,1595.0,1595.0,0.0,1595.0,1595.0,0.0,0.0,0.0,1.0
d6c7ce84-d29a-4a88-b6cc-d68bd7bc107a,1350.0,1350.0,0.0,1350.0,1350.0,0.0,0.0,0.0,1.0
d6c9fae0-57cb-48a5-b786-4cf56037bb29,2745.0,2745.0,0.0,2745.0,2745.0,0.0,0.0,0.0,1.0
d6ce93b7-3664-46d5-81bb-053996c4ccdc,7200.0,7200.0,0.0,7200.0,7200.0,0.0,0.0,0.0,1.0
d6dccbbb-f58c-4d79-b1a6-2425972e7e1a,1295.0,1295.0,0.0,1295.0,1295.0,0.0,0.0,0.0,1.0
d6e2ee05-aea4-411b-86aa-4a58a961dd86,4495.0,4495.0,0.0,4495.0,4495.0,0.0,0.0,0.0,1.0
d6eaf459-46a3-407c-b041-2b747627a508,33900.0,33900.0,0.0,33900.0,33900.0,0.0,0.0,0.0,1.0
d6fe756d-92b2-42f9-bd00-e616dced807c,995.0,995.0,0.0,995.0,995.0,0.0,0.0,0.0,1.0
d706b4eb-40ca-4eab-9c23-19a3ec41e8d5,179.0,179.0,0.0,179.0,179.0,0.0,0.0,0.0,1.0
d70e1cd1-a56a-45ac-a5e8-bb6032e327f7,7590.0,7590.0,0.0,7590.0,7590.0,0.0,0.0,0.0,1.0
d7181ef9-72c7-4ba0-ba0b-ee6237e01a5e,420.0,420.0,0.0,420.0,420.0,0.0,0.0,0.0,1.0
d719a3ae-53d5-4c9e-940d-85abde380941,680.0,680.0,0.0,680.0,680.0,0.0,0.0,0.0,1.0
d71cc70b-e92f-4bb5-b646-20a5c5974a4b,295.0,295.0,0.0,295.0,295.0,0.0,0.0,0.0,1.0
d726d7ab-a11a-46cf-80a0-8b91f6423287,1195.0,1195.0,0.0,1195.0,1195.0,0.0,0.0,0.0,1.0
d72dbc33-d88a-41c2-b739-31c7aed6bd39,3295.0,3295.0,0.0,3295.0,3295.0,0.0,0.0,0.0,1.0
d731d168-a11b-4194-83fb-d3f06b952311,2395.0,2395.0,0.0,2395.0,2395.0,0.0,0.0,0.0,1.0
d7345648-43bb-467a-88c9-9ea4b84b04a1,15900.0,15900.0,0.0,15900.0,15900.0,0.0,0.0,0.0,1.0
d7394b96-5c03-44a8-aa60-e2d381ab7e5c,2850.0,2850.0,0.0,2850.0,2850.0,0.0,0.0,0.0,1.0
d73ef4ba-7e43-4647-98d9-1359a2ba8be0,12900.0,12900.0,0.0,12900.0,12900.0,0.0,0.0,0.0,1.0
d74a7aeb-cf5f-4a8c-9992-92b7c63e7bb0,695.0,695.0,0.0,695.0,695.0,0.0,0.0,0.0,1.0
d7513c63-fd2b-4e0f-ab0c-fa784c5e00b1,4295.0,4295.0,0.0,4295.0,4295.0,0.0,0.0,0.0,1.0
d7636110-3e04-43fc-9832-09b58388f721,1949.0,1949.0,0.0,1949.0,1949.0,0.0,0.0,0.0,1.0
d766a236-5b73-4504-aeaa-76f684efe666,3495.0,3495.0,0.0,3495.0,3495.0,0.0,0.0,0.0,1.0
d768f2d2-fa1b-4a28-a37d-db7cff944df9,110.0,110.0,0.0,110.0,110.0,0.0,0.0,0.0,1.0
d76bc764-e315-4f62-8a65-9ed858c75e0c,1095.0,1095.0,0.0,1095.0,1095.0,0.0,0.0,0.0,1.0
d7741e03-b26a-4ce7-95c1-9b2f3b501631,1499.0,1499.0,0.0,1499.0,1499.0,0.0,0.0,0.0,1.0
d78be686-0d5d-4c66-a13c-5d9704e2413e,34900.0,34900.0,0.0,34900.0,34900.0,0.0,0.0,0.0,1.0
d78edee2-2794-431d-87f1-227b5ca97618,3295.0,3295.0,0.0,3295.0,3295.0,0.0,0.0,0.0,1.0
d7a06f51-398a-4bf6-8e78-4539901afed2,5495.0,5495.0,0.0,5495.0,5495.0,0.0,0.0,0.0,1.0
d7a37987-40f8-45d6-a1b8-0b20cba21030,995.0,995.0,0.0,995.0,995.0,0.0,0.0,0.0,1.0
d7b22dd6-ea59-4d73-ae02-f9532f589ee8,8995.0,8995.0,0.0,8995.0,8995.0,0.0,0.0,0.0,1.0
d7b43dba-2e81-4184-a260-029703793f61,18900.0,18900.0,0.0,18900.0,18900.0,0.0,0.0,0.0,1.0
d7b64a00-1caf-4c42-9dba-43d1e7673553,4725.0,4725.0,0.0,4725.0,4725.0,0.0,0.0,0.0,1.0
d7b74354-3abf-4d46-ab31-506a6a15925e,1050.0,1050.0,0.0,1050.0,1050.0,0.0,0.0,0.0,1.0
d7c8afe3-ec62-49a5-8268-48b990a8ad98,3100.0,3100.0,0.0,3100.0,3100.0,0.0,0.0,0.0,1.0
d7cdd808-86bd-448e-8c91-9197747b523d,4995.0,4995.0,0.0,4995.0,4995.0,0.0,0.0,0.0,1.0
d7ced981-f229-454b-9e16-8c9eb0a844fe,3100.0,3100.0,0.0,3100.0,3100.0,0.0,0.0,0.0,1.0
d7cf4ee4-7036-4af9-acb9-0b4d675f1aed,695.0,695.0,0.0,695.0,695.0,0.0,0.0,0.0,1.0
d7d2da5f-efa0-4f70-b5a6-a10023eed6de,650.0,650.0,0.0,650.0,650.0,0.0,0.0,0.0,1.0
d7d63eec-cd0c-4d52-9118-8a8d6175c632,34900.0,34900.0,0.0,34900.0,34900.0,0.0,0.0,0.0,1.0
d7d83cc3-c026-425d-be5f-17202e010b44,12500.0,12500.0,0.0,12500.0,12500.0,0.0,0.0,0.0,1.0
d7db3004-c046-466a-b665-8240b9bd19ea,475.0,475.0,0.0,475.0,475.0,0.0,0.0,0.0,1.0
d7dda4dc-c8e5-4c2a-b8ff-7143b9e7fa6e,10900.0,10900.0,0.0,10900.0,10900.0,0.0,0.0,0.0,1.0
d7e5d7e5-758a-4ec3-9c61-91f5bfb8223a,3000.0,3000.0,0.0,3000.0,3000.0,0.0,0.0,0.0,1.0
d7f09b6b-ddd3-483f-850b-8956c6ecb27d,895.0,895.0,0.0,895.0,895.0,0.0,0.0,0.0,1.0
d7fd91c3-fdce-4c18-b999-96b4acb204f0,480.0,480.0,0.0,480.0,480.0,0.0,0.0,0.0,1.0
d7ff4210-061d-4c34-8d4b-67435580870d,3530.0,3530.0,0.0,3530.0,3530.0,0.0,0.0,0.0,1.0
d7ffb389-bedd-4924-bd7e-d5389dd4ccc5,220.0,220.0,0.0,220.0,220.0,0.0,0.0,0.0,1.0
d805f113-c99f-4b75-9c60-40825ea4f466,16900.0,16900.0,0.0,16900.0,16900.0,0.0,0.0,0.0,1.0
d8076a7f-e2f4-4709-beba-8cd18e924b8e,11900.0,11900.0,0.0,11900.0,11900.0,0.0,0.0,0.0,1.0
d80bf3e7-de57-47e5-8a83-45ca4ae30516,1195.0,1195.0,0.0,1195.0,1195.0,0.0,0.0,0.0,1.0
d80e2fbd-10bb-4ed9-9ba5-29436868ab70,12900.0,12900.0,0.0,12900.0,12900.0,0.0,0.0,0.0,1.0
d80e7ee7-838e-400c-82f4-302a3a6d9094,6995.0,6995.0,0.0,6995.0,6995.0,0.0,0.0,0.0,1.0
d80f921e-ba4f-45b6-a332-695b43c6dc32,3295.0,3295.0,0.0,3295.0,3295.0,0.0,0.0,0.0,1.0
d819a869-a158-40cd-b814-b644e2c650b2,6900.0,6900.0,0.0,6900.0,6900.0,0.0,0.0,0.0,1.0
d81a3a0c-b93a-4176-91e9-2e02b9d7bbec,895.0,895.0,0.0,895.0,895.0,0.0,0.0,0.0,1.0
d81b21cf-4751-4ba2-9776-84f7216e762e,1295.0,1295.0,0.0,1295.0,1295.0,0.0,0.0,0.0,1.0
d81e9487-512a-401e-b2b1-2282e8773887,3990.0,3990.0,0.0,3990.0,3990.0,0.0,0.0,0.0,1.0
d828ad3d-f63c-438f-826e-752bce1888c7,995.0,995.0,0.0,995.0,995.0,0.0,0.0,0.0,1.0
d829f5a8-0697-474c-abb1-c4086927d63b,9500.0,9500.0,0.0,9500.0,9500.0,0.0,0.0,0.0,1.0
d82da42a-ef9b-48c9-9cd1-480bb5c77bff,8995.0,8995.0,0.0,8995.0,8995.0,0.0,0.0,0.0,1.0
d82e6202-ddc2-441f-a68b-598dc6f598ed,345.0,345.0,0.0,345.0,345.0,0.0,0.0,0.0,1.0
d835e848-be37-4430-9f5b-457ee248df47,1195.0,1195.0,0.0,1195.0,1195.0,0.0,0.0,0.0,1.0
d83ab7a1-a003-4dac-a72b-6e2f14121dac,2995.0,2995.0,0.0,2995.0,2995.0,0.0,0.0,0.0,1.0
d83b2574-f4b8-46f5-a9ba-2bfd091c9a2b,395.0,395.0,0.0,395.0,395.0,0.0,0.0,0.0,1.0
d8445715-87f0-460f-a0aa-259e62db9eca,5280.0,5280.0,0.0,5280.0,5280.0,0.0,0.0,0.0,1.0
d848d42c-4ee3-4bec-b61f-93ef68c44878,16900.0,16900.0,0.0,16900.0,16900.0,0.0,0.0,0.0,1.0
d849ba09-4934-4223-af09-670c1ab003f6,675.0,675.0,0.0,675.0,675.0,0.0,0.0,0.0,1.0
d84ceee4-ed3a-4d48-9797-ba8314ffa726,8995.0,8995.0,0.0,8995.0,8995.0,0.0,0.0,0.0,1.0
d85b31f7-0ccd-4f5f-8f79-e8fa4e0a79d5,2695.0,2695.0,0.0,2695.0,2695.0,0.0,0.0,0.0,1.0
d866f03d-6cea-4363-9ce4-e35db4b16ae5,6495.0,6495.0,0.0,6495.0,6495.0,0.0,0.0,0.0,1.0
d872f571-32b1-4ddf-b30c-ba22825cb0bd,3295.0,3295.0,0.0,3295.0,3295.0,0.0,0.0,0.0,1.0
d87515a4-440b-4266-b4e1-26e54a037a3f,610.0,610.0,0.0,610.0,610.0,0.0,0.0,0.0,1.0
d87830d1-9b0e-4894-acdc-b84ca76778cf,2900.0,2900.0,0.0,2900.0,2900.0,0.0,0.0,0.0,1.0
d87b75bc-a62e-4541-bcb2-241305eb1cd3,2195.0,2195.0,0.0,2195.0,2195.0,0.0,0.0,0.0,1.0
d8828135-d3f6-415e-bf2b-265838b04fd0,9900.0,9900.0,0.0,9900.0,9900.0,0.0,0.0,0.0,1.0
d8926e32-3359-49d6-9698-d9f2ed0f1d8b,295.0,295.0,0.0,295.0,295.0,0.0,0.0,0.0,1.0
d8967679-7a50-483c-a5b7-cb5cc83910ed,2595.0,2595.0,0.0,2595.0,2595.0,0.0,0.0,0.0,1.0
d8a08d69-8c65-42eb-80ed-107401e25123,4300.0,4300.0,0.0,4300.0,4300.0,0.0,0.0,0.0,1.0
d8a3b7ad-138f-4dde-aee5-0da546a20aef,3995.0,3995.0,0.0,3995.0,3995.0,0.0,0.0,0.0,1.0
d8a4b28a-621b-4521-90cd-419a99139404,695.0,695.0,0.0,695.0,695.0,0.0,0.0,0.0,1.0
d8a9ddd7-760c-40c6-a89d-5ba722d9ccdb,3595.0,3595.0,0.0,3595.0,3595.0,0.0,0.0,0.0,1.0
d8af0a3b-cea5-443e-8f1d-3717f6d4c990,2995.0,2995.0,0.0,2995.0,2995.0,0.0,0.0,0.0,1.0
d8bd8128-e79f-44f4-8520-2e91c225238b,4095.0,4095.0,0.0,4095.0,4095.0,0.0,0.0,0.0,1.0
d8bf314f-055d-48a8-8a6f-df2af2308fc6,7995.0,7995.0,0.0,7995.0,7995.0,0.0,0.0,0.0,1.0
d8c68263-31e2-4ec0-80ef-537c66281f49,2720.0,2720.0,0.0,2720.0,2720.0,0.0,0.0,0.0,1.0
d8cf4495-67f2-4541-9766-0dd8bb88da03,1095.0,1095.0,0.0,1095.0,1095.0,0.0,0.0,0.0,1.0
d8d8c5d2-678d-4649-bf1b-0128462427b5,100.0,100.0,0.0,100.0,100.0,0.0,0.0,0.0,1.0
d8e48db2-47ce-4a44-9644-67b494d0a1dd,995.0,995.0,0.0,995.0,995.0,0.0,0.0,0.0,1.0
d8f1a856-6415-40fa-8061-e61362497f59,11980.0,11980.0,0.0,11980.0,11980.0,0.0,0.0,0.0,1.0
d8f4fd50-9314-4cf4-8d21-b83a14e239be,1895.0,1895.0,0.0,1895.0,1895.0,0.0,0.0,0.0,1.0
d8fe8d00-7b1d-4ca9-8114-8c9159ab6889,14500.0,14500.0,0.0,14500.0,14500.0,0.0,0.0,0.0,1.0
d9058f66-64e3-4bec-97f5-cb20e507d6b2,1095.0,1095.0,0.0,1095.0,1095.0,0.0,0.0,0.0,1.0
d90ced8f-1a6d-433e-8658-4c125d2c8b78,225.0,225.0,0.0,225.0,225.0,0.0,0.0,0.0,1.0
d90d724e-21bf-4318-92d0-ffa49181566e,1295.0,1295.0,0.0,1295.0,1295.0,0.0,0.0,0.0,1.0
d91110ea-7fc0-4c71-a26b-1ef13907f76f,1950.0,1950.0,0.0,1950.0,1950.0,0.0,0.0,0.0,1.0
d91dfba0-96d8-48e4-a84e-70696ab27a22,795.0,795.0,0.0,795.0,795.0,0.0,0.0,0.0,1.0
d9214d26-ea86-41eb-ad95-b9ba6dbd566e,295.0,295.0,0.0,295.0,295.0,0.0,0.0,0.0,1.0
d92350bf-5687-4a7d-9832-4832d07c4602,3795.0,3795.0,0.0,3795.0,3795.0,0.0,0.0,0.0,1.0
d9266708-858c-4536-b0a5-63a8d2fc65b0,80.0,80.0,0.0,80.0,80.0,0.0,0.0,0.0,1.0
d9310561-7c82-475f-9410-4c571e5701ce,6995.0,6995.0,0.0,6995.0,6995.0,0.0,0.0,0.0,1.0
d93473cc-5204-4a9a-981a-7eae7401946d,795.0,795.0,0.0,795.0,795.0,0.0,0.0,0.0,1.0
d93d7e7b-11da-49d9-b746-b839ab9e0272,4295.0,4295.0,0.0,4295.0,4295.0,0.0,0.0,0.0,1.0
d9436f26-1db8-47d3-8aef-94de11e7983d,995.0,995.0,0.0,995.0,995.0,0.0,0.0,0.0,1.0
d9482e02-fbc3-4031-946d-13a84543764e,41900.0,41900.0,0.0,41900.0,41900.0,0.0,0.0,0.0,1.0
d94939eb-1c87-4b42-a79f-74fb7105ad3c,15900.0,15900.0,0.0,15900.0,15900.0,0.0,0.0,0.0,1.0
d94bb61a-a7c9-4957-9616-d1ccf527faa5,1399.0,1399.0,0.0,1399.0,1399.0,0.0,0.0,0.0,1.0
d9561dff-beff-423a-93f9-49deba681953,3195.0,3195.0,0.0,3195.0,3195.0,0.0,0.0,0.0,1.0
d95a0a81-7e6f-4730-b815-a30a30815233,8900.0,8900.0,0.0,8900.0,8900.0,0.0,0.0,0.0,1.0
d95a15cd-6824-46a2-b225-25f6025f0a51,35.0,35.0,0.0,35.0,35.0,0.0,0.0,0.0,1.0
d95a7ebb-9bc3-4166-a844-a2cbd9482667,3695.0,3695.0,0.0,3695.0,3695.0,0.0,0.0,0.0,1.0
d9619875-54b9-4898-8a56-4ba946f6fb06,3695.0,3695.0,0.0,3695.0,3695.0,0.0,0.0,0.0,1.0
d9644490-ac55-4838-83de-234399c1114f,1695.0,1695.0,0.0,1695.0,1695.0,0.0,0.0,0.0,1.0
d965f9b1-7bf2-4f62-8aa0-588e6370c77f,1099.0,1099.0,0.0,1099.0,1099.0,0.0,0.0,0.0,1.0
d96799ca-3fd6-4cad-a90c-02ab4aa23f35,290.0,290.0,0.0,290.0,290.0,0.0,0.0,0.0,1.0
d97ce3fe-efbc-401f-a335-b9730a83d52f,4295.0,4295.0,0.0,4295.0,4295.0,0.0,0.0,0.0,1.0
d99296f5-9043-4c3a-9b81-abff670b7ce1,9900.0,9900.0,0.0,9900.0,9900.0,0.0,0.0,0.0,1.0
d994e26a-68cf-4d82-b6ad-fb0e73c8b325,65.0,65.0,0.0,65.0,65.0,0.0,0.0,0.0,1.0
d9b38775-45fb-40df-87a9-50b89a902a49,2695.0,2695.0,0.0,2695.0,2695.0,0.0,0.0,0.0,1.0
d9b81f60-8602-465b-8094-2c03df7dc6c5,1095.0,1095.0,0.0,1095.0,1095.0,0.0,0.0,0.0,1.0
d9cc26c7-4d3f-46e6-9df2-7b49f6c0b54f,5995.0,5995.0,0.0,5995.0,5995.0,0.0,0.0,0.0,1.0
d9ce69f1-c62d-4fcc-a35e-d9526f41b29d,3495.0,3495.0,0.0,3495.0,3495.0,0.0,0.0,0.0,1.0
d9d5530c-3961-4786-bc15-5052372dda19,225.0,225.0,0.0,225.0,225.0,0.0,0.0,0.0,1.0
d9deb004-c5a9-4604-adeb-32391f0e7fca,1950.0,1950.0,0.0,1950.0,1950.0,0.0,0.0,0.0,1.0
d9df27e4-368e-42c4-8eae-f722bf7fa417,14900.0,14900.0,0.0,14900.0,14900.0,0.0,0.0,0.0,1.0
d9e2988e-25f6-45e8-9027-1b2560009b96,6995.0,6995.0,0.0,6995.0,6995.0,0.0,0.0,0.0,1.0
d9e324ce-dd92-4d13-b944-b763ff62ffc4,1995.0,1995.0,0.0,1995.0,1995.0,0.0,0.0,0.0,1.0
d9e8fdc1-cc12-4b8f-b796-8820c574272a,16900.0,16900.0,0.0,16900.0,16900.0,0.0,0.0,0.0,1.0
d9ec4b9e-2237-4aed-a0d0-112b8d7e8b78,1595.0,1595.0,0.0,1595.0,1595.0,0.0,0.0,0.0,1.0
d9eca115-cd70-4bb2-b2f6-eb9f38b905e7,635.0,635.0,0.0,635.0,635.0,0.0,0.0,0.0,1.0
d9ee1e14-1b96-4f1a-b529-8ecd27b07077,95.0,95.0,0.0,95.0,95.0,0.0,0.0,0.0,1.0
d9f27746-b256-4ab9-a7a8-d22b982dc905,960.0,960.0,0.0,960.0,960.0,0.0,0.0,0.0,1.0
da01d037-121b-45d9-ad29-7fde79a19bbf,37900.0,37900.0,0.0,37900.0,37900.0,0.0,0.0,0.0,1.0
da157b9f-477e-4f2a-baed-45506c782dfe,695.0,695.0,0.0,695.0,695.0,0.0,0.0,0.0,1.0
da1b19b2-f080-4cbb-af7e-1d483e0acfa8,10500.0,10500.0,0.0,10500.0,10500.0,0.0,0.0,0.0,1.0
da257979-7728-4ad7-91d2-9b03e07cd5a2,40900.0,40900.0,0.0,40900.0,40900.0,0.0,0.0,0.0,1.0
da2a5c33-605d-4f86-9fcb-984180b6912b,220.0,220.0,0.0,220.0,220.0,0.0,0.0,0.0,1.0
da40bb43-6b85-4709-8d81-f6159a4e30dc,2999.0,2999.0,0.0,2999.0,2999.0,0.0,0.0,0.0,1.0
da4276d1-e721-4e45-bca7-2940a5283680,5340.0,5340.0,0.0,5340.0,5340.0,0.0,0.0,0.0,1.0
da44b9da-6a17-4fe6-9061-3b1b70a65780,3699.0,3699.0,0.0,3699.0,3699.0,0.0,0.0,0.0,1.0
da4656fd-12f9-4641-9d88-48849a6ef3f9,5250.0,5250.0,0.0,5250.0,5250.0,0.0,0.0,0.0,1.0
da4ef11d-b8de-4c28-bc76-fc81b26caddc,5295.0,5295.0,0.0,5295.0,5295.0,0.0,0.0,0.0,1.0
da5541cd-27c2-45f1-9805-26e215fc703f,2095.0,2095.0,0.0,2095.0,2095.0,0.0,0.0,0.0,1.0
da5d0fe9-c480-478d-b5ef-6329e5ca3e08,13980.0,13980.0,0.0,13980.0,13980.0,0.0,0.0,0.0,1.0
da627141-edc8-47fa-8ffe-3bf4c9170c3f,17900.0,17900.0,0.0,17900.0,17900.0,0.0,0.0,0.0,1.0
da660661-dc4c-4186-83f3-8bda9921e190,2295.0,2295.0,0.0,2295.0,2295.0,0.0,0.0,0.0,1.0
da6739e0-5fb8-460a-8da6-504d4dc94e12,10900.0,10900.0,0.0,10900.0,10900.0,0.0,0.0,0.0,1.0
da6b8e47-5b76-4617-9a38-57ccc1bcfa25,595.0,595.0,0.0,595.0,595.0,0.0,0.0,0.0,1.0
da735816-68a2-41e3-ad1d-704c2b21decd,8995.0,8995.0,0.0,8995.0,8995.0,0.0,0.0,0.0,1.0
da7428b6-a8c7-4af4-8180-9626357c472a,1949.0,1949.0,0.0,1949.0,1949.0,0.0,0.0,0.0,1.0
da764f01-28c1-4d6b-9d49-caed99741d9b,2350.0,2350.0,0.0,2350.0,2350.0,0.0,0.0,0.0,1.0
da7ce23c-6d7f-4fa5-97f1-65853e293282,32900.0,32900.0,0.0,32900.0,32900.0,0.0,0.0,0.0,1.0
da88432b-eea4-47e3-81df-ee34019e6a7e,5140.0,5140.0,0.0,5140.0,5140.0,0.0,0.0,0.0,1.0
daa25e4b-1c69-40cf-878d-e3785e92cd0f,285.0,285.0,0.0,285.0,285.0,0.0,0.0,0.0,1.0
daa8e7b4-a84b-4220-b588-8cd0d6208c7b,32900.0,32900.0,0.0,32900.0,32900.0,0.0,0.0,0.0,1.0
daafaac3-7234-4e05-b18d-14b72e960900,5695.0,5695.0,0.0,5695.0,5695.0,0.0,0.0,0.0,1.0
dab4ab4a-c75b-41ca-92e2-45c6c57dfefa,10500.0,10500.0,0.0,10500.0,10500.0,0.0,0.0,0.0,1.0
dad378f0-d785-4daf-b603-0d21abc51e29,135.0,135.0,0.0,135.0,135.0,0.0,0.0,0.0,1.0
dad7878b-5dac-4772-b999-e802465ea799,1295.0,1295.0,0.0,1295.0,1295.0,0.0,0.0,0.0,1.0
dadf3488-9ec5-4ec3-8323-ec0361e7cac0,1795.0,1795.0,0.0,1795.0,1795.0,0.0,0.0,0.0,1.0
dae9b0ec-cea6-40b5-9bff-1405a3ce7e55,1795.0,1795.0,0.0,1795.0,1795.0,0.0,0.0,0.0,1.0
daea0c0d-2c0f-45ec-a64e-d2a45a74c9e1,109.0,109.0,0.0,109.0,109.0,0.0,0.0,0.0,1.0
dafd5eb3-7365-4575-bc46-943280a7c622,590.0,590.0,0.0,590.0,590.0,0.0,0.0,0.0,1.0
dafeea39-7f00-499f-bac3-a14b65f1c7f1,12900.0,12900.0,0.0,12900.0,12900.0,0.0,0.0,0.0,1.0
db08a7a3-b70b-4ed0-8ae1-b4fefa11b341,5495.0,5495.0,0.0,5495.0,5495.0,0.0,0.0,0.0,1.0
db0e8b39-f84f-4df6-b016-1540704a3a66,3040.0,3040.0,0.0,3040.0,3040.0,0.0,0.0,0.0,1.0
db18d8c3-7ada-4919-96a4-25616e8e66b7,3595.0,3595.0,0.0,3595.0,3595.0,0.0,0.0,0.0,1.0
db2664af-e70b-4c26-b508-811076ee9d63,3995.0,3995.0,0.0,3995.0,3995.0,0.0,0.0,0.0,1.0
db2bb049-9327-4ab2-b33f-327653d25a42,15900.0,15900.0,0.0,15900.0,15900.0,0.0,0.0,0.0,1.0
db2f76b7-8856-49de-8353-2407572ddbeb,1445.0,1445.0,0.0,1445.0,1445.0,0.0,0.0,0.0,1.0
db327e58-6fc6-4d34-b293-8c73d92507c6,1795.0,1795.0,0.0,1795.0,1795.0,0.0,0.0,0.0,1.0
db35c830-6b2a-4843-be68-76eb707d76af,1980.0,1980.0,0.0,1980.0,1980.0,0.0,0.0,0.0,1.0
db39c779-1d1c-4017-93f8-9ac2877295f5,1495.0,1495.0,0.0,1495.0,1495.0,0.0,0.0,0.0,1.0
db41aeba-6d1e-4876-94e1-cdbd288e241f,14500.0,14500.0,0.0,14500.0,14500.0,0.0,0.0,0.0,1.0
db48bb57-eb02-4668-8f4d-bab2b732beb7,750.0,750.0,0.0,750.0,750.0,0.0,0.0,0.0,1.0
db4c5a93-1144-4cc2-a8f7-34a630393c9b,23900.0,23900.0,0.0,23900.0,23900.0,0.0,0.0,0.0,1.0
db4d3935-1bd6-4250-a546-78884b626de8,47.0,47.0,0.0,47.0,47.0,0.0,0.0,0.0,1.0
db56eec3-5165-449e-8fc9-5934f2e06af2,2995.0,2995.0,0.0,2995.0,2995.0,0.0,0.0,0.0,1.0
db642806-7f32-491e-9824-a5792b7e3bd4,3795.0,3795.0,0.0,3795.0,3795.0,0.0,0.0,0.0,1.0
db64c8e0-dbd2-43ba-87ea-d09a73888c50,6495.0,6495.0,0.0,6495.0,6495.0,0.0,0.0,0.0,1.0
db6897ca-0343-4d08-98b6-1c7fb460c2c8,10700.0,10700.0,0.0,10700.0,10700.0,0.0,0.0,0.0,1.0
db72c1be-2a9a-4c6e-8795-ef2424109a11,860.0,860.0,0.0,860.0,860.0,0.0,0.0,0.0,1.0
dba31de8-6b04-45c1-9b84-976037bbf4b3,12480.0,12480.0,0.0,12480.0,12480.0,0.0,0.0,0.0,1.0
dbaf5920-2c97-4845-9143-46bbc2adb87b,2850.0,2850.0,0.0,2850.0,2850.0,0.0,0.0,0.0,1.0
dbba5e07-95fb-4f33-8316-7f02ee26594d,3250.0,3250.0,0.0,3250.0,3250.0,0.0,0.0,0.0,1.0
dbc115d0-e2bc-4670-9726-995fbc9f0a9f,45900.0,45900.0,0.0,45900.0,45900.0,0.0,0.0,0.0,1.0
dbc41f10-5797-4066-8cb1-c4fb83310fc1,275.0,275.0,0.0,275.0,275.0,0.0,0.0,0.0,1.0
dbc4bdcb-955f-44c9-900e-f9e63094d9de,285.0,285.0,0.0,285.0,285.0,0.0,0.0,0.0,1.0
dbca0270-6ddb-49b9-8d70-7f82834335a3,5000.0,5000.0,0.0,5000.0,5000.0,0.0,0.0,0.0,1.0
dbcd7122-dc4f-489f-9f10-82a305bdf171,1650.0,1650.0,0.0,1650.0,1650.0,0.0,0.0,0.0,1.0
dbcf1e91-3c09-4703-9e47-8eb7fe1bcbb4,4050.0,4050.0,0.0,4050.0,4050.0,0.0,0.0,0.0,1.0
dbe78f64-1f3e-42d9-a34e-a1b644b3bd1e,12900.0,12900.0,0.0,12900.0,12900.0,0.0,0.0,0.0,1.0
dbeae0f6-d8de-414e-9fc8-49e508a559ac,2095.0,2095.0,0.0,2095.0,2095.0,0.0,0.0,0.0,1.0
dc0452d2-6d3e-4278-a6a8-62cc28516504,6740.0,6740.0,0.0,6740.0,6740.0,0.0,0.0,0.0,1.0
dc0950e7-4529-426d-b1c6-5f7ed7706a83,1595.0,1595.0,0.0,1595.0,1595.0,0.0,0.0,0.0,1.0
dc15721c-30ce-4b88-bb47-131592d1f90a,54.0,54.0,0.0,54.0,54.0,0.0,0.0,0.0,1.0
dc19a19c-f29e-439a-af4f-7b71ab70bc82,895.0,895.0,0.0,895.0,895.0,0.0,0.0,0.0,1.0
dc217053-1599-4395-ab93-f7bd69db4f13,5295.0,5295.0,0.0,5295.0,5295.0,0.0,0.0,0.0,1.0
dc22d1c1-3d22-443a-816d-572f5011f20e,169.0,169.0,0.0,169.0,169.0,0.0,0.0,0.0,1.0
dc23af72-3127-41db-aee2-ac72b92a6eca,17500.0,17500.0,0.0,17500.0,17500.0,0.0,0.0,0.0,1.0
dc2696fb-0058-49a6-b0a7-8fec2c8105f2,995.0,995.0,0.0,995.0,995.0,0.0,0.0,0.0,1.0
dc29ee51-975e-48aa-af58-5fa7f411d6ff,31900.0,31900.0,0.0,31900.0,31900.0,0.0,0.0,0.0,1.0
dc2cec4c-90c9-4109-a522-bd30459f18df,16900.0,16900.0,0.0,16900.0,16900.0,0.0,0.0,0.0,1.0
dc44cf11-b805-4fb1-9b4a-0110e8094996,845.0,845.0,0.0,845.0,845.0,0.0,0.0,0.0,1.0
dc5227db-e7b6-4605-b16d-0c83c65d05c9,18900.0,18900.0,0.0,18900.0,18900.0,0.0,0.0,0.0,1.0
dc556727-2a91-4d77-bd3a-4e130090e244,2995.0,2995.0,0.0,2995.0,2995.0,0.0,0.0,0.0,1.0
dc585908-c3cf-4191-a61e-32cae592bc9d,2299.0,2299.0,0.0,2299.0,2299.0,0.0,0.0,0.0,1.0
dc668d71-b95b-4e32-9bf8-feed847ffa76,15500.0,15500.0,0.0,15500.0,15500.0,0.0,0.0,0.0,1.0
dc6d028a-59be-41fe-8446-6dc03d0010d1,1500.0,1500.0,0.0,1500.0,1500.0,0.0,0.0,0.0,1.0
dc7375b0-70e1-4afe-b492-f0d1017d9c98,5995.0,5995.0,0.0,5995.0,5995.0,0.0,0.0,0.0,1.0
dc73acc7-bcf8-4365-ad46-855df0de8389,9900.0,9900.0,0.0,9900.0,9900.0,0.0,0.0,0.0,1.0
dc7531ac-ee9d-491c-a371-aab93b47065e,845.0,845.0,0.0,845.0,845.0,0.0,0.0,0.0,1.0
dc78dd2d-d950-4464-a6a4-c5e3a95d4769,845.0,845.0,0.0,845.0,845.0,0.0,0.0,0.0,1.0
dc98128d-b43c-4bee-bdc2-d3a74327666d,1999.0,1999.0,0.0,1999.0,1999.0,0.0,0.0,0.0,1.0
dc98be05-f464-4bac-8b6c-ab2fa01d2bd6,21900.0,21900.0,0.0,21900.0,21900.0,0.0,0.0,0.0,1.0
dc9d56a0-2f77-4b4b-a5a3-3f5f62053813,899.0,899.0,0.0,899.0,899.0,0.0,0.0,0.0,1.0
dcb171fd-3cd8-46e0-b3c2-ee449e0f6689,10900.0,10900.0,0.0,10900.0,10900.0,0.0,0.0,0.0,1.0
dcb30d5c-ab0f-4589-8296-aaa8122c5f09,150.0,150.0,0.0,150.0,150.0,0.0,0.0,0.0,1.0
dcb95cc7-bc18-4caa-a25f-7a39050de715,3595.0,3595.0,0.0,3595.0,3595.0,0.0,0.0,0.0,1.0
dccccac0-9844-4ff2-8fb3-d6279c8bae79,3080.0,3080.0,0.0,3080.0,3080.0,0.0,0.0,0.0,1.0
dcd0fc9e-391f-460b-8bdb-58ee36aa35b7,4200.0,4200.0,0.0,4200.0,4200.0,0.0,0.0,0.0,1.0
dcdd63ca-5c51-4195-b522-a7ed021a78ab,1395.0,1395.0,0.0,1395.0,1395.0,0.0,0.0,0.0,1.0
dce688d9-976f-4397-8732-148d554675a5,2795.0,2795.0,0.0,2795.0,2795.0,0.0,0.0,0.0,1.0
dce6c45b-65f0-407f-ae6b-68bf3de516e7,1995.0,1995.0,0.0,1995.0,1995.0,0.0,0.0,0.0,1.0
dcf38153-3dc8-48b6-813f-66421b3295a9,14900.0,14900.0,0.0,14900.0,14900.0,0.0,0.0,0.0,1.0
dd00e198-7c18-4baf-8fc5-b3b559d8bca4,2345.0,2345.0,0.0,2345.0,2345.0,0.0,0.0,0.0,1.0
dd04045f-38b7-4bc6-bc13-c5c56291855c,6000.0,6000.0,0.0,6000.0,6000.0,0.0,0.0,0.0,1.0
dd10a90f-0e5c-45f9-ac16-c1431412c828,2095.0,2095.0,0.0,2095.0,2095.0,0.0,0.0,0.0,1.0
dd192ce2-b89b-49d3-a4fa-66579006d00e,1995.0,1995.0,0.0,1995.0,1995.0,0.0,0.0,0.0,1.0
dd1975e2-dc8c-4651-8ddd-c88f7c51a65e,1595.0,1595.0,0.0,1595.0,1595.0,0.0,0.0,0.0,1.0
dd1ceb1a-5a8d-4004-beea-4c07841a8025,645.0,645.0,0.0,645.0,645.0,0.0,0.0,0.0,1.0
dd1f2812-2263-4be0-9493-7c4dcbd78567,4790.0,4790.0,0.0,4790.0,4790.0,0.0,0.0,0.0,1.0
dd21018e-5747-413e-8d00-8709d7f44479,4795.0,4795.0,0.0,4795.0,4795.0,0.0,0.0,0.0,1.0
dd21c0ec-32a6-433c-bc50-59afb5314124,1495.0,1495.0,0.0,1495.0,1495.0,0.0,0.0,0.0,1.0
dd26aab3-2b0a-40ec-9bed-f7c0d6ddcd3f,1190.0,1190.0,0.0,1190.0,1190.0,0.0,0.0,0.0,1.0
dd26f0a7-2549-46e2-a822-d4018fdfce33,695.0,695.0,0.0,695.0,695.0,0.0,0.0,0.0,1.0
dd2c42dd-902f-42bc-8931-328a4a4e587f,1045.0,1045.0,0.0,1045.0,1045.0,0.0,0.0,0.0,1.0
dd33bb1e-8a6d-413f-ac98-050c45a491b5,3995.0,3995.0,0.0,3995.0,3995.0,0.0,0.0,0.0,1.0
dd3d0a30-48b3-4fc3-8cec-3f56cbd0da3f,7900.0,7900.0,0.0,7900.0,7900.0,0.0,0.0,0.0,1.0
dd3e307e-15e6-499d-9647-e5166344c95c,11500.0,11500.0,0.0,11500.0,11500.0,0.0,0.0,0.0,1.0
dd422468-ae1c-4eff-8f86-3ad10b242562,3995.0,3995.0,0.0,3995.0,3995.0,0.0,0.0,0.0,1.0
dd476444-d1c5-4f90-a4d7-6b1a0f74b4af,495.0,495.0,0.0,495.0,495.0,0.0,0.0,0.0,1.0
dd4ddd72-fbfb-4cf0-bada-1b0bdb6f6e04,13900.0,13900.0,0.0,13900.0,13900.0,0.0,0.0,0.0,1.0
dd4edb85-d589-420c-a70c-c7ed8790a7d9,1375.0,1375.0,0.0,1375.0,1375.0,0.0,0.0,0.0,1.0
dd5ab603-d827-40f5-a11b-e1234dc037bc,1495.0,1495.0,0.0,1495.0,1495.0,0.0,0.0,0.0,1.0
dd5b06fe-de34-4ab1-8d19-c12854de8f35,1210.0,1210.0,0.0,1210.0,1210.0,0.0,0.0,0.0,1.0
dd5bc7ea-d14b-49a6-80e7-fc7a2d5cb17b,3695.0,3695.0,0.0,3695.0,3695.0,0.0,0.0,0.0,1.0
dd608274-cd75-4961-a579-e893fbdf498a,3995.0,3995.0,0.0,3995.0,3995.0,0.0,0.0,0.0,1.0
dd64dcb9-bee0-4632-8e00-b25bd2da99d3,13900.0,13900.0,0.0,13900.0,13900.0,0.0,0.0,0.0,1.0
dd7045d9-fbc7-491a-9843-1a1c53fd976b,375.0,375.0,0.0,375.0,375.0,0.0,0.0,0.0,1.0
dd7c9dac-c27e-422c-87d4-2765b88aa1cb,15900.0,15900.0,0.0,15900.0,15900.0,0.0,0.0,0.0,1.0
dd82ad59-df92-4942-866c-d72a83f19950,495.0,495.0,0.0,495.0,495.0,0.0,0.0,0.0,1.0
dd83fe15-0164-4f35-8160-23c13e849f2d,15500.0,15500.0,0.0,15500.0,15500.0,0.0,0.0,0.0,1.0
dd845867-2481-4937-acf8-c726bf33854a,990.0,990.0,0.0,990.0,990.0,0.0,0.0,0.0,1.0
dd896cfc-c98d-43d9-bfe3-b0641f181781,16900.0,16900.0,0.0,16900.0,16900.0,0.0,0.0,0.0,1.0
dd906099-3444-4bd7-98f6-8cdbbc338943,2960.0,2960.0,0.0,2960.0,2960.0,0.0,0.0,0.0,1.0
dd97a0fa-c0ac-4163-9bd8-4e1372371f7f,12900.0,12900.0,0.0,12900.0,12900.0,0.0,0.0,0.0,1.0
dd9dfd17-bfaf-437d-83d6-295bb3ce8a0f,2445.0,2445.0,0.0,2445.0,2445.0,0.0,0.0,0.0,1.0
ddac4f9e-d75e-4299-9262-f83b2580e0b6,15900.0,15900.0,0.0,15900.0,15900.0,0.0,0.0,0.0,1.0
ddad30ce-dd1d-4900-8e4a-10c010ef3aae,1445.0,1445.0,0.0,1445.0,1445.0,0.0,0.0,0.0,1.0
ddb236f0-745a-4adc-971a-2a3bf3cbd207,3995.0,3995.0,0.0,3995.0,3995.0,0.0,0.0,0.0,1.0
ddb404e8-1810-4675-aaac-7b25a404780d,2095.0,2095.0,0.0,2095.0,2095.0,0.0,0.0,0.0,1.0
ddb72590-27f2-4fbd-a7d6-5d7045b467ee,1070.0,1070.0,0.0,1070.0,1070.0,0.0,0.0,0.0,1.0
ddc9654c-e967-416c-b2c9-d207774f10c0,4895.0,4895.0,0.0,4895.0,4895.0,0.0,0.0,0.0,1.0
ddca65c7-d2ce-434f-83e4-65a932a81450,8995.0,8995.0,0.0,8995.0,8995.0,0.0,0.0,0.0,1.0
ddcccb75-c901-4434-b518-9b7c0a792483,39900.0,39900.0,0.0,39900.0,39900.0,0.0,0.0,0.0,1.0
ddcf62b2-98e8-4a48-988e-8f64734fbb5b,15900.0,15900.0,0.0,15900.0,15900.0,0.0,0.0,0.0,1.0
dddc41ee-f6b6-4def-9da4-35a15d490ed0,7995.0,7995.0,0.0,7995.0,7995.0,0.0,0.0,0.0,1.0
ddf99dec-a1ab-4eb0-87c5-5a479bd5e7c6,1795.0,1795.0,0.0,1795.0,1795.0,0.0,0.0,0.0,1.0
de088df1-a69d-4f49-918e-97b64a187350,3995.0,3995.0,0.0,3995.0,3995.0,0.0,0.0,0.0,1.0
de0bfaf3-1290-4515-b88a-58c3b71cf050,2649.0,2649.0,0.0,2649.0,2649.0,0.0,0.0,0.0,1.0
de0fd50a-d638-4b8e-b371-fdba55431e11,1895.0,1895.0,0.0,1895.0,1895.0,0.0,0.0,0.0,1.0
de15d9c3-7175-4c19-ace2-f195a95d31eb,5995.0,5995.0,0.0,5995.0,5995.0,0.0,0.0,0.0,1.0
de1dbcf9-cafa-45a6-869e-369efd10bb77,1995.0,1995.0,0.0,1995.0,1995.0,0.0,0.0,0.0,1.0
de207068-a049-460c-b343-1690afe5066b,9900.0,9900.0,0.0,9900.0,9900.0,0.0,0.0,0.0,1.0
de20fc54-ea2e-4b7f-9f7c-e7353c829835,8995.0,8995.0,0.0,8995.0,8995.0,0.0,0.0,0.0,1.0
de32c17a-0196-419b-a636-2208d5045926,7900.0,7900.0,0.0,7900.0,7900.0,0.0,0.0,0.0,1.0
de33eae5-12fe-4095-8203-4e2580e732a0,6495.0,6495.0,0.0,6495.0,6495.0,0.0,0.0,0.0,1.0
de3b05ee-b23a-4a57-97b7-4eba3f6fa296,1195.0,1195.0,0.0,1195.0,1195.0,0.0,0.0,0.0,1.0
de3c728e-dbdd-4155-b50e-56797201477e,3095.0,3095.0,0.0,3095.0,3095.0,0.0,0.0,0.0,1.0
de4be73e-58ef-4907-a96e-fade82729753,2900.0,2900.0,0.0,2900.0,2900.0,0.0,0.0,0.0,1.0
de56e43c-9876-42f1-8a71-1794c98fe77c,17900.0,17900.0,0.0,17900.0,17900.0,0.0,0.0,0.0,1.0
de584996-e8e7-43c0-94d7-d5345e114110,15900.0,15900.0,0.0,15900.0,15900.0,0.0,0.0,0.0,1.0
de5862bd-b3e7-48ee-b633-29f18d6a0c6f,730.0,730.0,0.0,730.0,730.0,0.0,0.0,0.0,1.0
de5de226-808d-4c33-93d9-540eac0853ed,6395.0,6395.0,0.0,6395.0,6395.0,0.0,0.0,0.0,1.0
de6e62ba-ff21-4b25-a955-d6264b97c698,16900.0,16900.0,0.0,16900.0,16900.0,0.0,0.0,0.0,1.0
de73efe2-ef94-4b48-8581-c70057118c53,795.0,795.0,0.0,795.0,795.0,0.0,0.0,0.0,1.0
de7f870e-1f82-4e9d-8969-4524c7e292a5,20900.0,20900.0,0.0,20900.0,20900.0,0.0,0.0,0.0,1.0
de8f75b5-7f9d-48c9-8469-07a651191eaf,18500.0,18500.0,0.0,18500.0,18500.0,0.0,0.0,0.0,1.0
de8fbcc3-eba5-4dc0-a863-803469144c10,2230.0,2230.0,0.0,2230.0,2230.0,0.0,0.0,0.0,1.0
de958e3c-cf32-4595-921e-ce2e184c1c04,29900.0,29900.0,0.0,29900.0,29900.0,0.0,0.0,0.0,1.0
de9b8e2e-fcd6-405c-beca-cc34915b0975,10900.0,10900.0,0.0,10900.0,10900.0,0.0,0.0,0.0,1.0
dea104e1-cb6d-4cdf-a773-5f15e2040dd0,3495.0,3495.0,0.0,3495.0,3495.0,0.0,0.0,0.0,1.0
dea5f726-1dac-4c25-b17e-cafb6c6d7b55,4340.0,4340.0,0.0,4340.0,4340.0,0.0,0.0,0.0,1.0
dea63ceb-48ab-4c52-b1cc-e9f54cec39ed,1295.0,1295.0,0.0,1295.0,1295.0,0.0,0.0,0.0,1.0
deabad37-2dfa-4e82-857f-29f8c5cf8c9e,2495.0,2495.0,0.0,2495.0,2495.0,0.0,0.0,0.0,1.0
decd44ac-1334-454d-97f8-c0cb176d07c3,2015.0,2015.0,0.0,2015.0,2015.0,0.0,0.0,0.0,1.0
ded15720-1198-4ede-bde4-3fd37e188c54,10900.0,10900.0,0.0,10900.0,10900.0,0.0,0.0,0.0,1.0
deebd9cb-e934-4df1-bed6-e4263cfdb5f8,8295.0,8295.0,0.0,8295.0,8295.0,0.0,0.0,0.0,1.0
def64747-29fd-422f-a08f-ac955f7196f6,2850.0,2850.0,0.0,2850.0,2850.0,0.0,0.0,0.0,1.0
def9dd11-6620-4e1e-b20c-d58d3457eec0,15900.0,15900.0,0.0,15900.0,15900.0,0.0,0.0,0.0,1.0
defccf0c-187b-4bf3-b8d7-25bff9e74546,3995.0,3995.0,0.0,3995.0,3995.0,0.0,0.0,0.0,1.0
defe4643-45ce-4d9d-b98e-4aa92fbaaa89,7995.0,7995.0,0.0,7995.0,7995.0,0.0,0.0,0.0,1.0
df022ec4-ad5e-4980-a1fe-3c2c2af7cb37,545.0,545.0,0.0,545.0,545.0,0.0,0.0,0.0,1.0
df05a6ce-0ce2-4e29-8b91-9559bfed2398,2230.0,2230.0,0.0,2230.0,2230.0,0.0,0.0,0.0,1.0
df1e7bde-c74c-4df2-8b17-2dfc23f66bc1,275.0,275.0,0.0,275.0,275.0,0.0,0.0,0.0,1.0
df253cf2-9200-40be-b80c-0d29fc934cc4,19900.0,19900.0,0.0,19900.0,19900.0,0.0,0.0,0.0,1.0
df276d7a-0924-449b-8396-0043e459d6c2,2945.0,2945.0,0.0,2945.0,2945.0,0.0,0.0,0.0,1.0
df3041fd-6fb2-4243-97c9-fdd5b41c03d3,995.0,995.0,0.0,995.0,995.0,0.0,0.0,0.0,1.0
df362995-c1ab-4f53-8395-2b59458e6058,1595.0,1595.0,0.0,1595.0,1595.0,0.0,0.0,0.0,1.0
df3c2687-8232-4811-b113-b96a66d12a2b,15900.0,15900.0,0.0,15900.0,15900.0,0.0,0.0,0.0,1.0
df3d4401-e055-4469-8ed1-763a36219b56,4500.0,4500.0,0.0,4500.0,4500.0,0.0,0.0,0.0,1.0
df3f4261-e381-4629-a622-2e6a12fcf154,6495.0,6495.0,0.0,6495.0,6495.0,0.0,0.0,0.0,1.0
df3fc769-1ef9-4704-a938-42af7db98bb4,9900.0,9900.0,0.0,9900.0,9900.0,0.0,0.0,0.0,1.0
df47a980-b24f-42ed-b93f-b02bdddf9b0f,370.0,370.0,0.0,370.0,370.0,0.0,0.0,0.0,1.0
df499b1f-598a-4deb-883a-15717ca45dfc,525.0,525.0,0.0,525.0,525.0,0.0,0.0,0.0,1.0
df4c8987-49a4-4f06-9963-92ec5f0fc8dd,5670.0,5670.0,0.0,5670.0,5670.0,0.0,0.0,0.0,1.0
df6094a6-360e-4bbe-adfe-f8d929400de9,6495.0,6495.0,0.0,6495.0,6495.0,0.0,0.0,0.0,1.0
df623ad3-5e39-4113-8d54-b76474482dc3,3000.0,3000.0,0.0,3000.0,3000.0,0.0,0.0,0.0,1.0
df62ace9-6e63-440c-b788-b367da6b0d2b,34900.0,34900.0,0.0,34900.0,34900.0,0.0,0.0,0.0,1.0
df7123ae-20fc-43e2-b739-ac913d75176d,23900.0,23900.0,0.0,23900.0,23900.0,0.0,0.0,0.0,1.0
df76452c-ef6e-4d34-b1e4-3f319398e7a1,48900.0,48900.0,0.0,48900.0,48900.0,0.0,0.0,0.0,1.0
df7efd4d-c383-4a03-9ea2-9cd1bd893c50,2695.0,2695.0,0.0,2695.0,2695.0,0.0,0.0,0.0,1.0
df81b40f-e586-4ae4-b54d-d47a565d737b,495.0,495.0,0.0,495.0,495.0,0.0,0.0,0.0,1.0
df81da5f-ad14-46df-ac46-10769befe8df,6795.0,6795.0,0.0,6795.0,6795.0,0.0,0.0,0.0,1.0
df82a9bc-1be0-49df-8e7f-f4f56967dd08,1995.0,1995.0,0.0,1995.0,1995.0,0.0,0.0,0.0,1.0
df88ae32-79ce-4d3a-a057-1d5a7f03fd8c,2300.0,2300.0,0.0,2300.0,2300.0,0.0,0.0,0.0,1.0
df8a8cc1-b61e-4c13-874d-afd806f03b22,595.0,595.0,0.0,595.0,595.0,0.0,0.0,0.0,1.0
df92d6d7-485e-4560-8b9a-ae6ed7e87eea,4695.0,4695.0,0.0,4695.0,4695.0,0.0,0.0,0.0,1.0
df9ad90b-289e-4149-8ac4-a41aa8ced354,16900.0,16900.0,0.0,16900.0,16900.0,0.0,0.0,0.0,1.0
df9b5b50-663d-494b-9e93-abd0dc421d5c,650.0,650.0,0.0,650.0,650.0,0.0,0.0,0.0,1.0
dfa3ddcd-95e4-4421-a73f-87b53afe6373,2099.0,2099.0,0.0,2099.0,2099.0,0.0,0.0,0.0,1.0
dfa94ed1-3734-4c0f-a50d-7ebf13757659,4745.0,4745.0,0.0,4745.0,4745.0,0.0,0.0,0.0,1.0
dfb58b34-2fbb-46b8-bb1c-c2f254ca7577,8995.0,8995.0,0.0,8995.0,8995.0,0.0,0.0,0.0,1.0
dfb6038b-d9e3-4d5e-b468-d2539692c0f7,12900.0,12900.0,0.0,12900.0,12900.0,0.0,0.0,0.0,1.0
dfbaa923-176b-49c4-b045-fca521efe350,1499.0,1499.0,0.0,1499.0,1499.0,0.0,0.0,0.0,1.0
dfbdf7c6-484f-4679-b502-81dd841c85c6,2195.0,2195.0,0.0,2195.0,2195.0,0.0,0.0,0.0,1.0
dfc64461-2d19-44dc-8da6-770e9401d8c8,2095.0,2095.0,0.0,2095.0,2095.0,0.0,0.0,0.0,1.0
dfcac527-989d-4604-903c-8b1e3288a46e,1495.0,1495.0,0.0,1495.0,1495.0,0.0,0.0,0.0,1.0
dfd29ce1-68f0-49c9-82a8-57b9b19b85e4,2995.0,2995.0,0.0,2995.0,2995.0,0.0,0.0,0.0,1.0
dfd39702-842a-409b-acc0-ab0b9c3150a5,4900.0,4900.0,0.0,4900.0,4900.0,0.0,0.0,0.0,1.0
dfe104a5-ca14-4a3b-81df-aa588e1c6b0b,13900.0,13900.0,0.0,13900.0,13900.0,0.0,0.0,0.0,1.0
dfed32c7-a161-4a20-b168-1237163e1565,695.0,695.0,0.0,695.0,695.0,0.0,0.0,0.0,1.0
dfefa3a2-6f87-4a34-b3d9-51ca7d0cb9f3,80.0,80.0,0.0,80.0,80.0,0.0,0.0,0.0,1.0
dff2b714-5798-4121-ac84-59aa4e670cdf,395.0,395.0,0.0,395.0,395.0,0.0,0.0,0.0,1.0
dffcf785-1b99-44e1-a013-1fbb3a3535e6,800.0,800.0,0.0,800.0,800.0,0.0,0.0,0.0,1.0
e007963e-d3ec-492b-bad8-e19b93e510b3,13900.0,13900.0,0.0,13900.0,13900.0,0.0,0.0,0.0,1.0
e00eccb6-036d-4a3e-afed-b7e81560319c,6295.0,6295.0,0.0,6295.0,6295.0,0.0,0.0,0.0,1.0
e0145a98-b82b-4c61-948e-15c4ade65a90,8900.0,8900.0,0.0,8900.0,8900.0,0.0,0.0,0.0,1.0
e01e0ac5-da80-458d-8509-7d506b58cfbc,4500.0,4500.0,0.0,4500.0,4500.0,0.0,0.0,0.0,1.0
e02634ab-6110-4f78-8578-5fbf43e9d554,9900.0,9900.0,0.0,9900.0,9900.0,0.0,0.0,0.0,1.0
e02b2e8c-54bf-4a9c-b9a2-7b2dc8f7c9ad,265.0,265.0,0.0,265.0,265.0,0.0,0.0,0.0,1.0
e02b4533-98f0-4ac1-ab4d-0170a1b1add1,8900.0,8900.0,0.0,8900.0,8900.0,0.0,0.0,0.0,1.0
e02de85f-9b72-4505-b494-06417b45f4b8,4795.0,4795.0,0.0,4795.0,4795.0,0.0,0.0,0.0,1.0
e03184c5-480c-459b-9179-1f77f996e651,2820.0,2820.0,0.0,2820.0,2820.0,0.0,0.0,0.0,1.0
e0337631-0b29-4c5b-b069-87847c5c6be2,5495.0,5495.0,0.0,5495.0,5495.0,0.0,0.0,0.0,1.0
e03cceea-a67e-4ab7-9080-d8e23bc9606c,8500.0,8500.0,0.0,8500.0,8500.0,0.0,0.0,0.0,1.0
e04c69d9-9606-41aa-9ae4-d5c2475d5223,495.0,495.0,0.0,495.0,495.0,0.0,0.0,0.0,1.0
e04d7b2b-6e5d-4e0f-b32d-1730b5218e47,11900.0,11900.0,0.0,11900.0,11900.0,0.0,0.0,0.0,1.0
e04dd84f-5d30-4b89-81f3-4ddfd82d371b,4500.0,4500.0,0.0,4500.0,4500.0,0.0,0.0,0.0,1.0
e04e2592-0d4f-473e-89da-9c7513a502c3,4395.0,4395.0,0.0,4395.0,4395.0,0.0,0.0,0.0,1.0
e051e3a4-78f0-45f2-9178-84d9cc11da2d,2999.0,2999.0,0.0,2999.0,2999.0,0.0,0.0,0.0,1.0
e0696f99-21cf-430e-9b22-01281066ebbf,3995.0,3995.0,0.0,3995.0,3995.0,0.0,0.0,0.0,1.0
e06bd36c-79ef-4575-978f-154d811ffa82,11500.0,11500.0,0.0,11500.0,11500.0,0.0,0.0,0.0,1.0
e06c7933-39a8-4735-89b3-eb2219d3afd9,4495.0,4495.0,0.0,4495.0,4495.0,0.0,0.0,0.0,1.0
e0718b90-30d2-41ff-b641-5d0506e4993b,17500.0,17500.0,0.0,17500.0,17500.0,0.0,0.0,0.0,1.0
e071c94f-b114-43ed-8ca3-b43eda9c9051,30900.0,30900.0,0.0,30900.0,30900.0,0.0,0.0,0.0,1.0
e07ee1ec-e2fc-4faa-89f6-967b939e84ea,645.0,645.0,0.0,645.0,645.0,0.0,0.0,0.0,1.0
e07efedc-1a59-4dd5-bbe7-11d5c8d0434d,415.0,415.0,0.0,415.0,415.0,0.0,0.0,0.0,1.0
e08c88a4-0661-42c3-b5a8-854bec061770,745.0,745.0,0.0,745.0,745.0,0.0,0.0,0.0,1.0
e08d153e-00e4-42bc-b822-f3719020b867,695.0,695.0,0.0,695.0,695.0,0.0,0.0,0.0,1.0
e094130d-dae0-4e9e-898d-23dffc30e230,160.0,160.0,0.0,160.0,160.0,0.0,0.0,0.0,1.0
e09d1296-3fb8-43aa-952d-c9afa98daba3,18000.0,18000.0,0.0,18000.0,18000.0,0.0,0.0,0.0,1.0
e09e34c3-4a84-41fe-ba6b-30d16507125d,31900.0,31900.0,0.0,31900.0,31900.0,0.0,0.0,0.0,1.0
e09f51d1-cead-4a36-99e7-24b73d9d29c5,2295.0,2295.0,0.0,2295.0,2295.0,0.0,0.0,0.0,1.0
e09f79c6-030e-47ab-96a5-09b4b7acd13f,33900.0,33900.0,0.0,33900.0,33900.0,0.0,0.0,0.0,1.0
e0a23623-49cf-4289-b3f4-e732c4455e95,860.0,860.0,0.0,860.0,860.0,0.0,0.0,0.0,1.0
e0a92bd4-4e3c-421f-955f-08eaf65af185,4995.0,4995.0,0.0,4995.0,4995.0,0.0,0.0,0.0,1.0
e0b535f5-e272-42f9-bc3d-0451201da268,2585.0,2585.0,0.0,2585.0,2585.0,0.0,0.0,0.0,1.0
e0cef679-3c77-4e82-b50a-566f06e825d1,2030.0,2030.0,0.0,2030.0,2030.0,0.0,0.0,0.0,1.0
e0d08b53-98f4-478a-944b-2bbfc99c0968,62900.0,62900.0,0.0,62900.0,62900.0,0.0,0.0,0.0,1.0
e0d1c66e-0da8-4fd2-931c-2a26be0c045c,6100.0,6100.0,0.0,6100.0,6100.0,0.0,0.0,0.0,1.0
e0d4cc70-fcf6-44b7-9cba-0c1f26cebf70,4995.0,4995.0,0.0,4995.0,4995.0,0.0,0.0,0.0,1.0
e0d6e14e-3cb8-4261-bc5c-c47b100154f8,22500.0,22500.0,0.0,22500.0,22500.0,0.0,0.0,0.0,1.0
e0dbfd21-e6cf-4900-a56b-f82f083e9cd1,15900.0,15900.0,0.0,15900.0,15900.0,0.0,0.0,0.0,1.0
e0e0bd63-4227-4519-b2bf-fc026e9f4e0b,1400.0,1400.0,0.0,1400.0,1400.0,0.0,0.0,0.0,1.0
e0e63cd5-991b-464c-a066-b05e61f88864,495.0,495.0,0.0,495.0,495.0,0.0,0.0,0.0,1.0
e0eed718-adda-48af-a8e4-ea21ea8c1a34,999.0,999.0,0.0,999.0,999.0,0.0,0.0,0.0,1.0
e0f69050-45ea-4550-a60e-559e0832f585,39000.0,39000.0,0.0,39000.0,39000.0,0.0,0.0,0.0,1.0
e0f8772c-9276-4d3b-bf28-4a060342d016,485.0,485.0,0.0,485.0,485.0,0.0,0.0,0.0,1.0
e0ffc395-c68d-46d6-9ba8-b9d2729d21af,225.0,225.0,0.0,225.0,225.0,0.0,0.0,0.0,1.0
e10959db-efa1-4a3f-856f-5e6b8dbd4d8e,1195.0,1195.0,0.0,1195.0,1195.0,0.0,0.0,0.0,1.0
e109b56e-1e92-47e9-aa9b-2ea12e1608e0,5995.0,5995.0,0.0,5995.0,5995.0,0.0,0.0,0.0,1.0
e119698d-2e90-488c-906e-2be297d33e4c,2895.0,2895.0,0.0,2895.0,2895.0,0.0,0.0,0.0,1.0
e11a8633-d838-4aba-aaa9-5c7bf3644ea0,5495.0,5495.0,0.0,5495.0,5495.0,0.0,0.0,0.0,1.0
e11a9a49-79ec-40d6-a452-a81af9761f27,4390.0,4390.0,0.0,4390.0,4390.0,0.0,0.0,0.0,1.0
e11efacd-5562-4bbb-bb39-030ebc1af169,4495.0,4495.0,0.0,4495.0,4495.0,0.0,0.0,0.0,1.0
e12075b7-00ef-403e-9988-c7211349eb3e,1095.0,1095.0,0.0,1095.0,1095.0,0.0,0.0,0.0,1.0
e12ca228-f5f0-47d4-884f-1389206d0bca,2095.0,2095.0,0.0,2095.0,2095.0,0.0,0.0,0.0,1.0
e12e8c0b-d2a7-4f7a-afac-2fea226f37cb,1650.0,1650.0,0.0,1650.0,1650.0,0.0,0.0,0.0,1.0
e12ee51d-b77d-4f28-8180-7ef337dd3860,119.0,119.0,0.0,119.0,119.0,0.0,0.0,0.0,1.0
e135f924-578d-4f7d-bedc-427da3bce810,225.0,225.0,0.0,225.0,225.0,0.0,0.0,0.0,1.0
e139bf19-5c87-40d0-b9d1-8209a6bbbef8,3395.0,3395.0,0.0,3395.0,3395.0,0.0,0.0,0.0,1.0
e14ade91-9a02-42d2-a7ca-d909397c8274,2100.0,2100.0,0.0,2100.0,2100.0,0.0,0.0,0.0,1.0
e1558892-2bf1-48db-a0c8-f91bcd140811,399.0,399.0,0.0,399.0,399.0,0.0,0.0,0.0,1.0
e15d388b-5585-420b-9e20-c36c9ec9adef,2300.0,2300.0,0.0,2300.0,2300.0,0.0,0.0,0.0,1.0
e15ebe1d-c296-42b4-b59c-3af16e782cdf,1995.0,1995.0,141.4213562373095,1895.0,2095.0,100.0,0.07088789786331304,200.0,1.1055408970976253
e1617be4-333d-4229-8b15-66e2f0a39674,3695.0,3695.0,0.0,3695.0,3695.0,0.0,0.0,0.0,1.0
e1638a6f-a788-4f97-8cf5-919df050e02d,11900.0,11900.0,0.0,11900.0,11900.0,0.0,0.0,0.0,1.0
e168c110-639e-46e5-a736-3496e7d1c7cf,1145.0,1145.0,0.0,1145.0,1145.0,0.0,0.0,0.0,1.0
e169ab7a-9bac-4ceb-afe7-638ea8024cd7,595.0,595.0,0.0,595.0,595.0,0.0,0.0,0.0,1.0
e16bd4ec-4701-4636-bd28-73e9276ffab3,1295.0,1295.0,0.0,1295.0,1295.0,0.0,0.0,0.0,1.0
e172fa6d-1a4d-496c-830c-db69976f66d9,10900.0,10900.0,0.0,10900.0,10900.0,0.0,0.0,0.0,1.0
e173db04-23d5-4ccf-b23d-90b19ddb5c03,3995.0,3995.0,0.0,3995.0,3995.0,0.0,0.0,0.0,1.0
e1795fa8-6e11-457d-b264-8e5fb4ba469f,5900.0,5900.0,0.0,5900.0,5900.0,0.0,0.0,0.0,1.0
e18bf300-56af-44c0-91d4-93af11f3008b,395.0,395.0,0.0,395.0,395.0,0.0,0.0,0.0,1.0
e18fb2b5-f81a-4acb-9254-aa567924880d,8500.0,8500.0,0.0,8500.0,8500.0,0.0,0.0,0.0,1.0
e1928bcd-da78-4ec8-b4ce-2d9ed5f3b5d6,1695.0,1695.0,0.0,1695.0,1695.0,0.0,0.0,0.0,1.0
e1a4eb34-988f-484a-9342-2e1e5dbfed7c,13900.0,13900.0,0.0,13900.0,13900.0,0.0,0.0,0.0,1.0
e1a5d2ef-a579-4d99-b99c-08823701331e,5495.0,5495.0,0.0,5495.0,5495.0,0.0,0.0,0.0,1.0
e1a82c89-8494-421b-b586-9e3d1e187e07,545.0,545.0,0.0,545.0,545.0,0.0,0.0,0.0,1.0
e1b3b03a-7608-45f1-83ba-7bb92fc066db,1795.0,1795.0,0.0,1795.0,1795.0,0.0,0.0,0.0,1.0
e1bf515c-7243-4d5a-9ed9-99cc415efafa,13900.0,13900.0,0.0,13900.0,13900.0,0.0,0.0,0.0,1.0
e1c52ea2-342b-4755-81eb-34e7de319a9a,845.0,845.0,0.0,845.0,845.0,0.0,0.0,0.0,1.0
e1c920de-b9ec-4e41-97e9-c3f867ed32c3,3300.0,3300.0,0.0,3300.0,3300.0,0.0,0.0,0.0,1.0
e1d50f56-cc94-43bf-abdb-cfada729b1ac,6900.0,6900.0,0.0,6900.0,6900.0,0.0,0.0,0.0,1.0
e1d96f1a-fa70-48ac-b4de-f1c10ef59564,3695.0,3695.0,0.0,3695.0,3695.0,0.0,0.0,0.0,1.0
e1e25d37-a402-4960-962c-de57dd0f867b,20900.0,20900.0,0.0,20900.0,20900.0,0.0,0.0,0.0,1.0
e1e58516-2551-4ab2-9c98-08f5da1541f6,3000.0,3000.0,0.0,3000.0,3000.0,0.0,0.0,0.0,1.0
e1ea018b-8c81-4aca-8176-7374fd6c2d56,3399.0,3399.0,0.0,3399.0,3399.0,0.0,0.0,0.0,1.0
e1ec0aa9-3acc-4f56-a1d2-f654f4729553,3215.0,3215.0,0.0,3215.0,3215.0,0.0,0.0,0.0,1.0
e1eda458-42f5-4674-8eee-933ca16fdf92,2795.0,2795.0,0.0,2795.0,2795.0,0.0,0.0,0.0,1.0
e1f78ea6-8d7e-4fba-bb64-9a73b40cab13,31900.0,31900.0,0.0,31900.0,31900.0,0.0,0.0,0.0,1.0
e1fbfa26-178f-4f95-91d1-2a61636ad922,90.0,90.0,0.0,90.0,90.0,0.0,0.0,0.0,1.0
e200ca63-4fd0-42f3-8ce0-515b52d2b952,1695.0,1695.0,0.0,1695.0,1695.0,0.0,0.0,0.0,1.0
e20a6aff-4230-4afb-8399-476b2370e6d2,345.0,345.0,0.0,345.0,345.0,0.0,0.0,0.0,1.0
e20de207-4038-4e8e-b4d5-8174c6ddcf62,845.0,845.0,0.0,845.0,845.0,0.0,0.0,0.0,1.0
e2137de9-31e9-4879-91d0-1c60a498cf48,10500.0,10500.0,0.0,10500.0,10500.0,0.0,0.0,0.0,1.0
e219f269-08fc-4f55-bd77-4d3601a169d3,2795.0,2795.0,0.0,2795.0,2795.0,0.0,0.0,0.0,1.0
e21a2e5f-288f-4753-a4a0-990a91e09ebc,1050.0,1050.0,0.0,1050.0,1050.0,0.0,0.0,0.0,1.0
e21d64c1-df6c-4870-8d49-2841a6a2181b,6900.0,6900.0,0.0,6900.0,6900.0,0.0,0.0,0.0,1.0
e21dc65c-0c9d-4c81-a2a3-442085ca3955,4915.0,4915.0,0.0,4915.0,4915.0,0.0,0.0,0.0,1.0
e2207188-82b4-4e5c-a819-30fe344a02d6,2495.0,2495.0,0.0,2495.0,2495.0,0.0,0.0,0.0,1.0
e2268ef4-5601-4427-90cb-b664a8fb866d,7900.0,7900.0,0.0,7900.0,7900.0,0.0,0.0,0.0,1.0
e228bf07-fa0b-4e8e-866c-fb7dfa9dda5e,645.0,645.0,0.0,645.0,645.0,0.0,0.0,0.0,1.0
e22a9581-340c-474b-907f-24a41cc03d89,1795.0,1795.0,0.0,1795.0,1795.0,0.0,0.0,0.0,1.0
e22b1667-9ffd-41c8-978a-0d20cfdc7152,1045.0,1045.0,0.0,1045.0,1045.0,0.0,0.0,0.0,1.0
e23032a0-235c-4684-a7be-9bb58af52f43,1295.0,1295.0,0.0,1295.0,1295.0,0.0,0.0,0.0,1.0
e2320d7f-cac3-4172-a675-3216d549fbaf,7995.0,7995.0,0.0,7995.0,7995.0,0.0,0.0,0.0,1.0
e235bda7-2aea-4052-b804-7a1f3129f13d,795.0,795.0,0.0,795.0,795.0,0.0,0.0,0.0,1.0
e2373f8a-90ec-4d8f-a619-60c551ccc230,4700.0,4700.0,0.0,4700.0,4700.0,0.0,0.0,0.0,1.0
e23b6c31-1214-4a41-a70d-cb490de4a139,5140.0,5140.0,0.0,5140.0,5140.0,0.0,0.0,0.0,1.0
e2427d30-9b59-4e1e-8708-f021d8dd038b,2795.0,2795.0,0.0,2795.0,2795.0,0.0,0.0,0.0,1.0
e2449680-8ead-4c83-990a-6adb00f3517f,9900.0,9900.0,0.0,9900.0,9900.0,0.0,0.0,0.0,1.0
e24e107f-8a78-4d56-8b9b-3b1f24fcd21c,8600.0,8600.0,0.0,8600.0,8600.0,0.0,0.0,0.0,1.0
e250c7fe-5451-4f16-a12c-305711a4c0a7,590.0,590.0,0.0,590.0,590.0,0.0,0.0,0.0,1.0
e2528043-6b3f-45ce-be08-d73c602ef1ba,2850.0,2850.0,0.0,2850.0,2850.0,0.0,0.0,0.0,1.0
e253b7ee-aea2-4f43-b4ba-333442a52541,9500.0,9500.0,0.0,9500.0,9500.0,0.0,0.0,0.0,1.0
e2582120-e8e6-4c75-b07f-ab9162b27074,1095.0,1095.0,0.0,1095.0,1095.0,0.0,0.0,0.0,1.0
e25a11da-0fc6-4af6-ab20-5e0e4983a89b,1095.0,1095.0,0.0,1095.0,1095.0,0.0,0.0,0.0,1.0
e25e438b-9b9f-4788-9fc9-b9084a800caf,15900.0,15900.0,0.0,15900.0,15900.0,0.0,0.0,0.0,1.0
e2615a51-8669-4fb9-8ca1-36e6bbd0affa,2800.0,2800.0,0.0,2800.0,2800.0,0.0,0.0,0.0,1.0
e261bec8-64a2-4785-a828-cb7e73ce2fa7,27900.0,27900.0,0.0,27900.0,27900.0,0.0,0.0,0.0,1.0
e26c76ac-51a6-460c-8e72-9a17c203b5bf,2050.0,2050.0,0.0,2050.0,2050.0,0.0,0.0,0.0,1.0
e2756f49-c7ca-4d21-a2ea-c194ea8f3391,6995.0,6995.0,0.0,6995.0,6995.0,0.0,0.0,0.0,1.0
e27908e2-b3fe-4a10-baf7-1dc2174d6d17,1099.0,1099.0,0.0,1099.0,1099.0,0.0,0.0,0.0,1.0
e27b1ca5-917d-4fdd-be2a-8dfb3ce2d70c,1795.0,1795.0,0.0,1795.0,1795.0,0.0,0.0,0.0,1.0
e28401ed-360f-4caf-8efd-ef41909cfae5,3595.0,3595.0,0.0,3595.0,3595.0,0.0,0.0,0.0,1.0
e29cb903-4da9-4d77-af9a-ee5e4f72db8c,3495.0,3495.0,0.0,3495.0,3495.0,0.0,0.0,0.0,1.0
e29d5fde-0274-4127-bba8-3edcfd3967c7,3600.0,3600.0,0.0,3600.0,3600.0,0.0,0.0,0.0,1.0
e29f5e7f-dc94-481e-b045-8d4a5e0071ef,5995.0,5995.0,0.0,5995.0,5995.0,0.0,0.0,0.0,1.0
e2a383af-397a-4c65-b8ee-fcba68547c8a,2795.0,2795.0,0.0,2795.0,2795.0,0.0,0.0,0.0,1.0
e2a92974-1412-4355-84f7-c00a29cb25ce,840.0,840.0,0.0,840.0,840.0,0.0,0.0,0.0,1.0
e2ab54c5-87cf-46e7-8d0a-16d9c870dc44,2995.0,2995.0,0.0,2995.0,2995.0,0.0,0.0,0.0,1.0
e2b6559b-bcdf-4f4f-8a7c-9ad7d8ebd1ed,42900.0,42900.0,0.0,42900.0,42900.0,0.0,0.0,0.0,1.0
e2bf8b30-63a3-4bb3-a0c0-ac3e7750bfad,1395.0,1395.0,0.0,1395.0,1395.0,0.0,0.0,0.0,1.0
e2c48fb6-e7b4-4f79-a6bc-bea67c09ca93,4995.0,4995.0,0.0,4995.0,4995.0,0.0,0.0,0.0,1.0
e2c9320e-029e-491c-ad86-4a21db7e5b05,4395.0,4395.0,0.0,4395.0,4395.0,0.0,0.0,0.0,1.0
e2d3b07c-f679-4e0d-8b8f-dce0073c1e59,350.0,350.0,0.0,350.0,350.0,0.0,0.0,0.0,1.0
e2d5924e-ab60-4a7b-8898-18a495de7b6e,995.0,995.0,0.0,995.0,995.0,0.0,0.0,0.0,1.0
e2dd86d0-7ef5-47e0-9eee-6239217d0115,22900.0,22900.0,0.0,22900.0,22900.0,0.0,0.0,0.0,1.0
e2ebdb08-95d4-4f4f-a0f2-c3898d681d56,2600.0,2600.0,0.0,2600.0,2600.0,0.0,0.0,0.0,1.0
e2ecf3c5-3d77-4d93-b86e-06b0b6a79fb7,4995.0,4995.0,0.0,4995.0,4995.0,0.0,0.0,0.0,1.0
e2fd081c-38b1-4cf8-9a37-cc864f7038f2,950.0,950.0,0.0,950.0,950.0,0.0,0.0,0.0,1.0
e308df88-58c1-42cf-906e-94de3b683de3,1535.0,1535.0,0.0,1535.0,1535.0,0.0,0.0,0.0,1.0
e30d46f0-a4b8-4f93-8aa3-d019d27e8f96,10900.0,10900.0,0.0,10900.0,10900.0,0.0,0.0,0.0,1.0
e312510d-6b25-4c62-814e-2632ee50fbd0,1895.0,1895.0,0.0,1895.0,1895.0,0.0,0.0,0.0,1.0
e32295d6-59f7-48b1-9fd8-3983e9b555f3,7995.0,7995.0,0.0,7995.0,7995.0,0.0,0.0,0.0,1.0
e32cac27-f7f2-406b-8d0d-77ca25c09a6c,475.0,475.0,0.0,475.0,475.0,0.0,0.0,0.0,1.0
e3387a2c-a8c6-4d71-9802-bebfb4d4bce7,3695.0,3695.0,0.0,3695.0,3695.0,0.0,0.0,0.0,1.0
e34366d3-efd6-45d6-8e73-3b96af91f0a3,695.0,695.0,0.0,695.0,695.0,0.0,0.0,0.0,1.0
e3437814-90fc-4ebc-ba01-0bdbfb4b50a0,395.0,395.0,0.0,395.0,395.0,0.0,0.0,0.0,1.0
e346b180-5590-44e8-93b0-002a9bba5de6,19900.0,19900.0,0.0,19900.0,19900.0,0.0,0.0,0.0,1.0
e3597e0a-1596-41f9-aecb-99cb7e53917b,5495.0,5495.0,0.0,5495.0,5495.0,0.0,0.0,0.0,1.0
e35c978a-41c1-46ac-a6b7-d4f81d362666,3195.0,3195.0,0.0,3195.0,3195.0,0.0,0.0,0.0,1.0
e370516c-3192-4f7d-abec-25440abfb365,17500.0,17500.0,0.0,17500.0,17500.0,0.0,0.0,0.0,1.0
e3748882-1932-498d-aee6-b0474ae75fa9,5495.0,5495.0,0.0,5495.0,5495.0,0.0,0.0,0.0,1.0
e379c802-b81d-47b7-b130-5c656eaf02f5,1995.0,1995.0,0.0,1995.0,1995.0,0.0,0.0,0.0,1.0
e37dc72c-a1f5-4502-a5ea-b5500be9286c,9900.0,9900.0,0.0,9900.0,9900.0,0.0,0.0,0.0,1.0
e384de64-f2e6-4504-9402-a4216ae21407,7995.0,7995.0,0.0,7995.0,7995.0,0.0,0.0,0.0,1.0
e38e6f5e-1a15-49b4-9b54-0285e0e2ee83,24900.0,24900.0,0.0,24900.0,24900.0,0.0,0.0,0.0,1.0
e3903c0d-3d29-485d-8441-6d16d7393869,13900.0,13900.0,0.0,13900.0,13900.0,0.0,0.0,0.0,1.0
e3915d7a-cc25-4036-8788-b0642b9349fd,12900.0,12900.0,0.0,12900.0,12900.0,0.0,0.0,0.0,1.0
e398f485-6b06-4a41-9887-67069dcf5abe,3865.0,3865.0,0.0,3865.0,3865.0,0.0,0.0,0.0,1.0
e39e5cd8-a255-4565-b9e9-9da556d7dd8d,1499.0,1499.0,0.0,1499.0,1499.0,0.0,0.0,0.0,1.0
e3a07e9c-d2d5-4c54-8233-72ad3c30954e,36900.0,36900.0,0.0,36900.0,36900.0,0.0,0.0,0.0,1.0
e3a45ff6-4c5d-4030-b6d0-a6776ad4fd47,1795.0,1795.0,0.0,1795.0,1795.0,0.0,0.0,0.0,1.0
e3a51d68-88e6-44cd-a209-15b7d6f6c865,225.0,225.0,0.0,225.0,225.0,0.0,0.0,0.0,1.0
e3aa793c-53ab-4cba-a059-435684f4fad1,25.0,25.0,0.0,25.0,25.0,0.0,0.0,0.0,1.0
e3aec502-e3f3-42f0-b4f7-3f0c09a9df35,1095.0,1095.0,0.0,1095.0,1095.0,0.0,0.0,0.0,1.0
e3b0c74e-7826-434b-b1e0-dde3f4c35908,6900.0,6900.0,0.0,6900.0,6900.0,0.0,0.0,0.0,1.0
e3b114ca-1275-4a73-96b8-14446b7a5381,860.0,860.0,0.0,860.0,860.0,0.0,0.0,0.0,1.0
e3b376d2-d033-4e68-88d5-539cc5808d8f,16900.0,16900.0,0.0,16900.0,16900.0,0.0,0.0,0.0,1.0
e3b812a8-5edd-4f44-a5d8-be4595c260f1,19900.0,19900.0,0.0,19900.0,19900.0,0.0,0.0,0.0,1.0
e3baec94-6979-4c6d-9f3b-6a129ba86176,3995.0,3995.0,0.0,3995.0,3995.0,0.0,0.0,0.0,1.0
e3c1b2b8-d5f8-4f3a-bf0a-df6aab815ed2,4295.0,4295.0,0.0,4295.0,4295.0,0.0,0.0,0.0,1.0
e3c4435a-fc01-4b95-89e0-85b7d9a78068,5295.0,5295.0,0.0,5295.0,5295.0,0.0,0.0,0.0,1.0
e3cfbc87-59b8-4a58-b7e6-767c7f3c4319,47.0,47.0,0.0,47.0,47.0,0.0,0.0,0.0,1.0
e3cfd436-208a-43aa-8823-e778df8714e4,225.0,225.0,0.0,225.0,225.0,0.0,0.0,0.0,1.0
e3d133ea-b4c5-44c3-bc55-530ae528d03c,850.0,850.0,0.0,850.0,850.0,0.0,0.0,0.0,1.0
e3d61847-8e6e-402e-a8c8-8c382f7c5f33,13900.0,13900.0,0.0,13900.0,13900.0,0.0,0.0,0.0,1.0
e3db1b5f-0605-44db-a926-b4708005061c,3995.0,3995.0,0.0,3995.0,3995.0,0.0,0.0,0.0,1.0
e3df4a5f-c0c3-4ffa-ad26-24136529d6c8,21900.0,21900.0,0.0,21900.0,21900.0,0.0,0.0,0.0,1.0
e3ea4b90-0e8b-4d77-a236-354cc52fd9b4,595.0,595.0,0.0,595.0,595.0,0.0,0.0,0.0,1.0
e3f11158-feab-46b4-a46d-59d668b03448,465.0,465.0,0.0,465.0,465.0,0.0,0.0,0.0,1.0
e3f1bee4-e48f-41fe-a614-f9ac4f8c4d7e,1999.0,1999.0,0.0,1999.0,1999.0,0.0,0.0,0.0,1.0
e40cb122-1871-4de5-89a7-cb3ba1e9cdc3,1245.0,1245.0,0.0,1245.0,1245.0,0.0,0.0,0.0,1.0
e421ab9b-1d2f-4cdb-b8a2-c33b31803490,1895.0,1895.0,0.0,1895.0,1895.0,0.0,0.0,0.0,1.0
e42d5ff6-f983-4f80-8304-adefb201284a,1895.0,1895.0,0.0,1895.0,1895.0,0.0,0.0,0.0,1.0
e4386613-d35f-4b79-b4ab-587e8a16c7d0,3000.0,3000.0,0.0,3000.0,3000.0,0.0,0.0,0.0,1.0
e439a094-9cb1-4ad8-ab09-af0a1dc4494a,2850.0,2850.0,0.0,2850.0,2850.0,0.0,0.0,0.0,1.0
e45116ae-3b93-41c8-91f2-4c71070ffbe4,12900.0,12900.0,0.0,12900.0,12900.0,0.0,0.0,0.0,1.0
e453f7de-a7a4-468e-9fc6-fb1c9be15dec,8500.0,8500.0,0.0,8500.0,8500.0,0.0,0.0,0.0,1.0
e454231a-a9cb-4a55-971c-6510242d5607,3040.0,3040.0,0.0,3040.0,3040.0,0.0,0.0,0.0,1.0
e45da3e2-dc9f-4fd8-9329-aa3a7c01c0c4,845.0,845.0,0.0,845.0,845.0,0.0,0.0,0.0,1.0
e462e6c4-c4ff-4bf7-a0a0-ada8fb28147c,1595.0,1595.0,0.0,1595.0,1595.0,0.0,0.0,0.0,1.0
e4642ee1-dca1-402f-87ea-aaa4fb2fca10,2445.0,2445.0,0.0,2445.0,2445.0,0.0,0.0,0.0,1.0
e466bd03-7a67-4a1d-89b7-91e0c1ccda29,1530.0,1530.0,0.0,1530.0,1530.0,0.0,0.0,0.0,1.0
e4673bbf-9728-483b-8d41-705b4aca786d,8495.0,8495.0,0.0,8495.0,8495.0,0.0,0.0,0.0,1.0
e46a9876-dab4-4dfd-b07c-111507f4b940,380.0,380.0,0.0,380.0,380.0,0.0,0.0,0.0,1.0
e477cbf5-bfa7-4dd8-a858-c02e8ce26ef0,375.0,375.0,0.0,375.0,375.0,0.0,0.0,0.0,1.0
e47c81f3-6a0e-418f-b228-97288817783d,1525.0,1525.0,0.0,1525.0,1525.0,0.0,0.0,0.0,1.0
e4835518-51cd-42af-8659-2dd50cf93636,2499.0,2499.0,0.0,2499.0,2499.0,0.0,0.0,0.0,1.0
e48fbdbf-72ed-487b-989f-563e03cb37f2,70.0,70.0,0.0,70.0,70.0,0.0,0.0,0.0,1.0
e491fc39-de3f-4d3a-a6bb-7fb5093d1817,10500.0,10500.0,0.0,10500.0,10500.0,0.0,0.0,0.0,1.0
e49366a6-8f0a-469c-aef6-f39cdbcdae96,1399.0,1399.0,0.0,1399.0,1399.0,0.0,0.0,0.0,1.0
e4991d2a-369d-4fac-afa8-c2f1aad368a7,13900.0,13900.0,0.0,13900.0,13900.0,0.0,0.0,0.0,1.0
e49a60c5-3b30-423b-9997-2963ffed864c,3800.0,3800.0,0.0,3800.0,3800.0,0.0,0.0,0.0,1.0
e49b96f8-007f-4e36-9f93-04be47f2538b,6.0,6.0,0.0,6.0,6.0,0.0,0.0,0.0,1.0
e4a189da-e0f7-4748-8430-ebf2a6e283ab,2395.0,2395.0,0.0,2395.0,2395.0,0.0,0.0,0.0,1.0
e4a9bfd6-9de8-4967-9109-859cda22a262,1995.0,1995.0,0.0,1995.0,1995.0,0.0,0.0,0.0,1.0
e4abc12c-4081-49a8-b419-930ab7506b94,11900.0,11900.0,0.0,11900.0,11900.0,0.0,0.0,0.0,1.0
e4aeab6b-5e6d-4070-a7d4-b5dd72887374,2695.0,2695.0,0.0,2695.0,2695.0,0.0,0.0,0.0,1.0
e4c2b5dd-e52a-4b70-8e87-c1d9da20cbd3,375.0,375.0,0.0,375.0,375.0,0.0,0.0,0.0,1.0
e4c4fbfb-4629-4aff-a4a0-5ef9e8b8d60b,27900.0,27900.0,0.0,27900.0,27900.0,0.0,0.0,0.0,1.0
e4d3d5f3-7e5b-40da-a996-e86f79072eec,650.0,650.0,0.0,650.0,650.0,0.0,0.0,0.0,1.0
e4dae7bc-cfcd-4374-8fcd-4b53ff40e446,13500.0,13500.0,0.0,13500.0,13500.0,0.0,0.0,0.0,1.0
e4e6cf9a-c289-4d30-89cd-bc9896ae0786,995.0,995.0,0.0,995.0,995.0,0.0,0.0,0.0,1.0
e4ed3160-b65f-4826-8b69-6903de392846,2500.0,2500.0,0.0,2500.0,2500.0,0.0,0.0,0.0,1.0
e4fe3b7f-bedd-4ef1-9553-bdba5931e649,5280.0,5280.0,0.0,5280.0,5280.0,0.0,0.0,0.0,1.0
e5005725-9493-4413-9dd4-08f05ee50fa6,495.0,495.0,0.0,495.0,495.0,0.0,0.0,0.0,1.0
e5071b81-e9e6-45c0-8415-e2189d5185bd,12900.0,12900.0,0.0,12900.0,12900.0,0.0,0.0,0.0,1.0
e50fd660-2643-4e83-b20f-db136e9d1adf,850.0,850.0,0.0,850.0,850.0,0.0,0.0,0.0,1.0
e515086f-d123-4513-b7cd-429b0c108a2a,995.0,995.0,0.0,995.0,995.0,0.0,0.0,0.0,1.0
e5161537-678b-4c8e-917f-ad272c46b0be,80.0,80.0,0.0,80.0,80.0,0.0,0.0,0.0,1.0
e516b189-4a76-4cf3-bb4f-4ac56fc869f2,1595.0,1595.0,0.0,1595.0,1595.0,0.0,0.0,0.0,1.0
e517c7ee-20e3-4df8-9205-6f4fb6759147,2295.0,2295.0,0.0,2295.0,2295.0,0.0,0.0,0.0,1.0
e51809f9-d569-48d3-be0f-38d4b707bc78,695.0,695.0,0.0,695.0,695.0,0.0,0.0,0.0,1.0
e51a954b-f993-4c50-8e62-22264f708f37,16900.0,16900.0,0.0,16900.0,16900.0,0.0,0.0,0.0,1.0
e51ccb4b-b557-461a-b4eb-1d4ed4f4d479,280.0,280.0,0.0,280.0,280.0,0.0,0.0,0.0,1.0
e51e0613-fc93-46f2-afc2-07e49b687f0f,9900.0,9900.0,0.0,9900.0,9900.0,0.0,0.0,0.0,1.0
e52044c0-698b-4e22-987a-0aa09d661518,8900.0,8900.0,0.0,8900.0,8900.0,0.0,0.0,0.0,1.0
e53c0ea8-98fb-4bb5-b1c6-22d87ccfe101,1750.0,1750.0,0.0,1750.0,1750.0,0.0,0.0,0.0,1.0
e53d772d-5a4d-4d06-b890-b5246b01750c,4495.0,4495.0,0.0,4495.0,4495.0,0.0,0.0,0.0,1.0
e53e277f-eabd-4304-9dd0-490daa9a10b8,54900.0,54900.0,0.0,54900.0,54900.0,0.0,0.0,0.0,1.0
e53f556f-0c41-42db-a53a-19bdd5595a11,31900.0,31900.0,0.0,31900.0,31900.0,0.0,0.0,0.0,1.0
e5437487-aab7-42ef-b898-78e70c3f64f0,995.0,995.0,0.0,995.0,995.0,0.0,0.0,0.0,1.0
e5441e49-dc44-4991-8183-42c50cbabd0a,1245.0,1245.0,0.0,1245.0,1245.0,0.0,0.0,0.0,1.0
e54b4820-5f65-4c8b-bd89-4daea6024dbc,30900.0,30900.0,0.0,30900.0,30900.0,0.0,0.0,0.0,1.0
e55069a8-33b0-409f-b134-3b53496eae52,2695.0,2695.0,0.0,2695.0,2695.0,0.0,0.0,0.0,1.0
e552bcf0-cd44-4309-9364-72497295f756,540.0,540.0,0.0,540.0,540.0,0.0,0.0,0.0,1.0
e553f2a2-9a91-44ff-ae9d-927e8e4d246b,3995.0,3995.0,0.0,3995.0,3995.0,0.0,0.0,0.0,1.0
e5544a64-7218-4613-a130-c119ac71d17f,36900.0,36900.0,0.0,36900.0,36900.0,0.0,0.0,0.0,1.0
e55a156e-4e95-4255-9cc6-1e53f3f5ce21,3595.0,3595.0,0.0,3595.0,3595.0,0.0,0.0,0.0,1.0
e56ea260-d22f-4474-b36d-9ded6c7d702f,5500.0,5500.0,0.0,5500.0,5500.0,0.0,0.0,0.0,1.0
e56ecd02-3eff-480f-88ae-fa49e696373e,24900.0,24900.0,0.0,24900.0,24900.0,0.0,0.0,0.0,1.0
e5729d61-562c-436d-aabb-611645f5e17f,4000.0,4000.0,0.0,4000.0,4000.0,0.0,0.0,0.0,1.0
e574fe41-7437-4b0a-9a5c-bf1db19c7e09,15500.0,15500.0,0.0,15500.0,15500.0,0.0,0.0,0.0,1.0
e5795f11-e54a-4cd8-9fe6-3a8429566e40,1695.0,1695.0,0.0,1695.0,1695.0,0.0,0.0,0.0,1.0
e57d55c7-17d1-4561-96ab-748c6e6abcad,3495.0,3495.0,0.0,3495.0,3495.0,0.0,0.0,0.0,1.0
e583cdd2-e5ae-41f3-8599-ea80157db1b4,495.0,495.0,0.0,495.0,495.0,0.0,0.0,0.0,1.0
e58b042a-50be-473d-bca3-54720577fc07,36900.0,36900.0,0.0,36900.0,36900.0,0.0,0.0,0.0,1.0
e58b4a65-a1f8-4056-81c1-e044e03cfe1b,2995.0,2995.0,0.0,2995.0,2995.0,0.0,0.0,0.0,1.0
e5940e21-59ec-4500-88cb-1e5f32513080,14900.0,14900.0,0.0,14900.0,14900.0,0.0,0.0,0.0,1.0
e5996baa-66ab-45ad-b78c-19d852df9ee6,10500.0,10500.0,0.0,10500.0,10500.0,0.0,0.0,0.0,1.0
e5a2efa3-4310-4f15-a702-18d858f987ea,1250.0,1250.0,0.0,1250.0,1250.0,0.0,0.0,0.0,1.0
e5b5ca9b-6f2d-4acb-b703-e517e18a737e,845.0,845.0,0.0,845.0,845.0,0.0,0.0,0.0,1.0
e5bd4396-94b3-446d-9d2c-7a4f5ecff382,745.0,745.0,0.0,745.0,745.0,0.0,0.0,0.0,1.0
e5c08806-863a-40a0-9ae7-c30fb4ddaf68,6900.0,6900.0,0.0,6900.0,6900.0,0.0,0.0,0.0,1.0
e5c45631-c05d-4847-9bab-30f6640d98da,1495.0,1495.0,0.0,1495.0,1495.0,0.0,0.0,0.0,1.0
e5c83847-6aec-4b61-bc5b-1ab019de9c76,1195.0,1195.0,0.0,1195.0,1195.0,0.0,0.0,0.0,1.0
e5db9a6c-e603-4e91-a62f-6a3388c8af5d,235.0,235.0,0.0,235.0,235.0,0.0,0.0,0.0,1.0
e5e27ea0-596b-4b04-82dc-a28659f08b05,12900.0,12900.0,0.0,12900.0,12900.0,0.0,0.0,0.0,1.0
e5e62bff-5cc4-4654-87f1-2556123936f2,595.0,595.0,0.0,595.0,595.0,0.0,0.0,0.0,1.0
e5e7010e-171e-4f39-9f49-90682fd92d06,1095.0,1095.0,0.0,1095.0,1095.0,0.0,0.0,0.0,1.0
e5e97785-e16f-474a-9818-95514ace5067,2195.0,2195.0,0.0,2195.0,2195.0,0.0,0.0,0.0,1.0
e5ec8d7a-37c6-4d89-af00-8f48999810cd,4300.0,4300.0,0.0,4300.0,4300.0,0.0,0.0,0.0,1.0
e5f35860-f436-4460-88dd-a255a8a36385,1495.0,1495.0,0.0,1495.0,1495.0,0.0,0.0,0.0,1.0
e6017130-3937-40fb-a7a6-dad5cc45dd4f,5700.0,5700.0,0.0,5700.0,5700.0,0.0,0.0,0.0,1.0
e606d7da-b94a-4b4d-a6cf-2b4a80477412,5295.0,5295.0,0.0,5295.0,5295.0,0.0,0.0,0.0,1.0
e60939d3-cc1d-48db-b11b-e0d5ea0e9ef1,2700.0,2700.0,0.0,2700.0,2700.0,0.0,0.0,0.0,1.0
e60d6704-4924-4305-bda5-c098c27c5b1e,11500.0,11500.0,0.0,11500.0,11500.0,0.0,0.0,0.0,1.0
e614ed90-1de8-4006-86d8-52ae523f1c17,840.0,840.0,0.0,840.0,840.0,0.0,0.0,0.0,1.0
e6152ecf-4b45-47de-bb4b-920a04ac2814,5995.0,5995.0,0.0,5995.0,5995.0,0.0,0.0,0.0,1.0
e61620ef-7313-496c-9a2f-0274184d9b87,125.0,125.0,0.0,125.0,125.0,0.0,0.0,0.0,1.0
e61b1b9a-554d-410d-898f-83dfd96cce47,1095.0,1095.0,0.0,1095.0,1095.0,0.0,0.0,0.0,1.0
e61b6f63-6866-4675-bc83-08b47a1fc920,2995.0,2995.0,0.0,2995.0,2995.0,0.0,0.0,0.0,1.0
e6209e5e-6ea4-41f9-ad43-c0da02d47311,1695.0,1695.0,0.0,1695.0,1695.0,0.0,0.0,0.0,1.0
e62b5150-d166-40d9-88c4-bb86b137b508,135.0,135.0,0.0,135.0,135.0,0.0,0.0,0.0,1.0
e6314d88-0997-4049-9e62-f5fc106da721,1995.0,1995.0,0.0,1995.0,1995.0,0.0,0.0,0.0,1.0
e6315a01-10b5-47ce-b21a-59cbcbd6f5a0,9900.0,9900.0,0.0,9900.0,9900.0,0.0,0.0,0.0,1.0
e6367d64-ef4c-4230-9553-82d3ae8a2b87,645.0,645.0,0.0,645.0,645.0,0.0,0.0,0.0,1.0
e63e386e-0758-4b6c-aeb9-e567c42c7e4d,2900.0,2900.0,0.0,2900.0,2900.0,0.0,0.0,0.0,1.0
e63f1409-34f6-4d52-937f-f42f1b71575a,2850.0,2850.0,0.0,2850.0,2850.0,0.0,0.0,0.0,1.0
e646af79-27ea-4fe9-a6f6-af4ac43146f7,6500.0,6500.0,0.0,6500.0,6500.0,0.0,0.0,0.0,1.0
e65a4a2e-0585-4ae4-a85f-a4a90540fb1f,2095.0,2095.0,0.0,2095.0,2095.0,0.0,0.0,0.0,1.0
e65c0de3-4e42-4464-a7b7-3d39ad3efcca,1740.0,1740.0,0.0,1740.0,1740.0,0.0,0.0,0.0,1.0
e661cabd-191d-4bed-b29f-911e14a71baa,1795.0,1795.0,0.0,1795.0,1795.0,0.0,0.0,0.0,1.0
e66c505f-dab6-43c1-98b9-8d861ebb6ad7,17000.0,17000.0,0.0,17000.0,17000.0,0.0,0.0,0.0,1.0
e67e9046-4f03-4d62-93ee-16746538f309,8980.0,8980.0,0.0,8980.0,8980.0,0.0,0.0,0.0,1.0
e6834773-9114-4f7e-8405-98f9074fb898,2815.0,2815.0,0.0,2815.0,2815.0,0.0,0.0,0.0,1.0
e69a070b-b136-4acb-93d7-d9d5fd9bfa46,2990.0,2990.0,0.0,2990.0,2990.0,0.0,0.0,0.0,1.0
e6a7f1f8-a8d1-46ce-b07c-6c381f09e995,840.0,840.0,0.0,840.0,840.0,0.0,0.0,0.0,1.0
e6a92a14-5745-44ed-b633-8bd9a5d075a3,375.0,375.0,0.0,375.0,375.0,0.0,0.0,0.0,1.0
e6ac52d8-4ed2-42f5-bf42-cd2f037cdd64,12900.0,12900.0,0.0,12900.0,12900.0,0.0,0.0,0.0,1.0
e6b392bf-5780-4760-a24a-44072ede6f03,14900.0,14900.0,0.0,14900.0,14900.0,0.0,0.0,0.0,1.0
e6b5bb1c-c02e-4290-b107-3440775d2d14,1995.0,1995.0,0.0,1995.0,1995.0,0.0,0.0,0.0,1.0
e6bc8c19-3f62-491c-9b33-a7144c20b05c,1400.0,1400.0,0.0,1400.0,1400.0,0.0,0.0,0.0,1.0
e6c65de0-52a0-44fe-a1e2-cfec63765b97,675.0,675.0,0.0,675.0,675.0,0.0,0.0,0.0,1.0
e6d08940-e460-4e46-96f8-aeedec109b02,1795.0,1795.0,0.0,1795.0,1795.0,0.0,0.0,0.0,1.0
e6d1495e-2ee3-41cc-8c30-a666e18a50c4,1395.0,1395.0,0.0,1395.0,1395.0,0.0,0.0,0.0,1.0
e6d502e8-2671-4dfa-8121-301426513de1,1995.0,1995.0,0.0,1995.0,1995.0,0.0,0.0,0.0,1.0
e6daa1da-f6c1-4aef-bafe-3280ae46a1bc,1749.0,1749.0,0.0,1749.0,1749.0,0.0,0.0,0.0,1.0
e6e13375-9e73-41e6-8614-32942ec00a62,675.0,675.0,0.0,675.0,675.0,0.0,0.0,0.0,1.0
e6e23c8f-bacd-47d6-ba29-c23ad98221de,4000.0,4000.0,0.0,4000.0,4000.0,0.0,0.0,0.0,1.0
e6e29066-e7e3-4938-a69e-817a40e1ce2c,3200.0,3200.0,0.0,3200.0,3200.0,0.0,0.0,0.0,1.0
e6f06a3c-2a37-4dc0-a8f1-44379a823aeb,120.0,120.0,0.0,120.0,120.0,0.0,0.0,0.0,1.0
e707f41d-96e7-43fd-816d-d3033bdb25a9,10100.0,10100.0,0.0,10100.0,10100.0,0.0,0.0,0.0,1.0
e70de905-588b-4549-befd-9408faadb274,1095.0,1095.0,0.0,1095.0,1095.0,0.0,0.0,0.0,1.0
e71120de-0d5c-4c1f-8b03-a67559455add,1200.0,1200.0,0.0,1200.0,1200.0,0.0,0.0,0.0,1.0
e72986e4-5fd1-4af5-9a89-c940adebafc9,5295.0,5295.0,0.0,5295.0,5295.0,0.0,0.0,0.0,1.0
e734c9a5-4b51-4ca6-bf11-d302a31684e6,1045.0,1045.0,0.0,1045.0,1045.0,0.0,0.0,0.0,1.0
e738694d-890d-4055-86f8-8434306d603c,545.0,545.0,0.0,545.0,545.0,0.0,0.0,0.0,1.0
e74fbc09-9ebe-4fce-8814-3f1318634421,1295.0,1295.0,0.0,1295.0,1295.0,0.0,0.0,0.0,1.0
e750a313-9b50-4a13-b742-3ae2d61a72f1,299.0,299.0,0.0,299.0,299.0,0.0,0.0,0.0,1.0
e75662ca-32cd-4d96-bfd5-7a5e5a2c902d,4000.0,4000.0,0.0,4000.0,4000.0,0.0,0.0,0.0,1.0
e75bd9f1-e52b-41d9-a050-3bbc52a92c98,2695.0,2695.0,0.0,2695.0,2695.0,0.0,0.0,0.0,1.0
e7627640-4a08-482a-a09d-3c661761ced4,2650.0,2650.0,0.0,2650.0,2650.0,0.0,0.0,0.0,1.0
e76493d4-d7da-4e70-92a0-0d06906ce3d7,8995.0,8995.0,0.0,8995.0,8995.0,0.0,0.0,0.0,1.0
e782a4ad-958a-49f7-bbc3-45fc1ef8e5a4,2800.0,2800.0,0.0,2800.0,2800.0,0.0,0.0,0.0,1.0
e785547f-606b-49ce-9152-e2c17e027179,24100.0,24100.0,0.0,24100.0,24100.0,0.0,0.0,0.0,1.0
e78df9b9-08c9-41be-b9d4-96d8605de3b2,2795.0,2795.0,0.0,2795.0,2795.0,0.0,0.0,0.0,1.0
e790d901-69d4-4130-93d6-3d6a3e3beb65,3195.0,3195.0,0.0,3195.0,3195.0,0.0,0.0,0.0,1.0
e7943449-d046-43e6-b839-3bf17a89e4c1,3399.0,3399.0,0.0,3399.0,3399.0,0.0,0.0,0.0,1.0
e7a299dd-6ce7-4f75-8e75-8479b4f7886a,6995.0,6995.0,0.0,6995.0,6995.0,0.0,0.0,0.0,1.0
e7a4e04b-1cab-4130-b416-42602268309a,7500.0,7500.0,0.0,7500.0,7500.0,0.0,0.0,0.0,1.0
e7a51d7d-e655-4fc2-9170-da39f53e4017,4795.0,4795.0,0.0,4795.0,4795.0,0.0,0.0,0.0,1.0
e7a5dbad-7144-4a0c-8fa8-a24a73d91485,800.0,800.0,0.0,800.0,800.0,0.0,0.0,0.0,1.0
e7a5dd5c-8220-4293-bfe6-ba72b8066ba8,19900.0,19900.0,0.0,19900.0,19900.0,0.0,0.0,0.0,1.0
e7a7d011-4aee-4ef3-a555-a8d0f77416fc,1895.0,1895.0,0.0,1895.0,1895.0,0.0,0.0,0.0,1.0
e7aebf19-44c1-41c3-af33-a3a52d1c4293,695.0,695.0,0.0,695.0,695.0,0.0,0.0,0.0,1.0
e7b26147-9efd-417d-bf6d-5a2ce96ed030,44900.0,44900.0,0.0,44900.0,44900.0,0.0,0.0,0.0,1.0
e7b74ca1-f791-4617-875f-622b7e876c02,1995.0,1995.0,0.0,1995.0,1995.0,0.0,0.0,0.0,1.0
e7bbabec-8a7d-478b-b509-9f0bde1a19d5,11500.0,11500.0,0.0,11500.0,11500.0,0.0,0.0,0.0,1.0
e7d22f32-25c7-46b8-9b17-e192cceb7e9a,645.0,645.0,0.0,645.0,645.0,0.0,0.0,0.0,1.0
e7d2e34e-dcf2-4135-b90f-f2acac2c3975,56900.0,56900.0,0.0,56900.0,56900.0,0.0,0.0,0.0,1.0
e7d313ad-d286-4be1-ad91-43ea29949b2b,14900.0,14900.0,0.0,14900.0,14900.0,0.0,0.0,0.0,1.0
e7d43a49-fd3a-49ff-89ac-814965e5728c,16900.0,16900.0,0.0,16900.0,16900.0,0.0,0.0,0.0,1.0
e7d84433-0554-4836-9713-e8f014ad9ead,1795.0,1795.0,0.0,1795.0,1795.0,0.0,0.0,0.0,1.0
e7db38d7-f74b-4323-a092-9cfc3a6bf717,2195.0,2195.0,0.0,2195.0,2195.0,0.0,0.0,0.0,1.0
e7dc6e83-e05e-4d16-a82d-c9dd66a29ab0,135.0,135.0,0.0,135.0,135.0,0.0,0.0,0.0,1.0
e7e5a271-0572-4a85-b270-f4b65d523c58,11900.0,11900.0,0.0,11900.0,11900.0,0.0,0.0,0.0,1.0
e7e5e4f7-37ea-4698-9d87-7a908a9bf612,1795.0,1795.0,0.0,1795.0,1795.0,0.0,0.0,0.0,1.0
e7eb1f4e-0d7e-45ba-80f8-6b5a59e17b76,3399.0,3399.0,0.0,3399.0,3399.0,0.0,0.0,0.0,1.0
e7efa79a-7b9b-4025-9806-f1147f4f1113,795.0,795.0,0.0,795.0,795.0,0.0,0.0,0.0,1.0
e7f2bea8-a5e8-4cc1-9c00-920307510d18,27900.0,27900.0,0.0,27900.0,27900.0,0.0,0.0,0.0,1.0
e7f5f755-07e2-491e-8363-1030c4405a6b,1650.0,1650.0,0.0,1650.0,1650.0,0.0,0.0,0.0,1.0
e7f7492a-b409-45c1-8f00-f395c0df7cb1,795.0,795.0,0.0,795.0,795.0,0.0,0.0,0.0,1.0
e81246b5-fac3-48d1-a56f-d45c2ace3ec3,1750.0,1750.0,0.0,1750.0,1750.0,0.0,0.0,0.0,1.0
e8159f8b-047f-453f-b2d9-a7104f86a47f,15900.0,15900.0,0.0,15900.0,15900.0,0.0,0.0,0.0,1.0
e816c53d-f306-4ae2-a9c2-c6d044528b53,2095.0,2095.0,0.0,2095.0,2095.0,0.0,0.0,0.0,1.0
e817f5dd-231e-4411-bef7-82f57f7bbdb4,5990.0,5990.0,0.0,5990.0,5990.0,0.0,0.0,0.0,1.0
e81d01b3-9e48-418c-b29a-59461fcf5ac7,2595.0,2595.0,0.0,2595.0,2595.0,0.0,0.0,0.0,1.0
e8208100-2a67-480a-aa3b-acb0618822b2,31900.0,31900.0,0.0,31900.0,31900.0,0.0,0.0,0.0,1.0
e8226d03-a4a4-4b1b-acd1-27ae1f1178b7,695.0,695.0,0.0,695.0,695.0,0.0,0.0,0.0,1.0
e82510a4-7cbb-4b8b-aba2-9295ac271c3a,10900.0,10900.0,0.0,10900.0,10900.0,0.0,0.0,0.0,1.0
e82a663d-fae2-4dd6-8155-7d33a9965d9b,4995.0,4995.0,0.0,4995.0,4995.0,0.0,0.0,0.0,1.0
e82b262b-bc80-4b40-96b6-755f18c616ae,6200.0,6200.0,0.0,6200.0,6200.0,0.0,0.0,0.0,1.0
e8361e5d-5347-4043-8acd-b47a9c9964f1,3690.0,3690.0,0.0,3690.0,3690.0,0.0,0.0,0.0,1.0
e8383844-f2e8-4d0f-8024-27e2ad7ad03b,1295.0,1295.0,0.0,1295.0,1295.0,0.0,0.0,0.0,1.0
e83baa51-cc3f-4fbd-ae3b-c23e16f16fbe,2100.0,2100.0,0.0,2100.0,2100.0,0.0,0.0,0.0,1.0
e83e0cc2-7f52-405a-b1d2-56e550ef3baf,6695.0,6695.0,0.0,6695.0,6695.0,0.0,0.0,0.0,1.0
e840b1ef-d1eb-4e5b-8ca5-61f24a37531d,700.0,700.0,0.0,700.0,700.0,0.0,0.0,0.0,1.0
e8412c2b-caa3-4a75-a2c5-bc88165866f5,169.0,169.0,0.0,169.0,169.0,0.0,0.0,0.0,1.0
e844dca6-479b-41e9-93a9-8d6e40260e12,24900.0,24900.0,0.0,24900.0,24900.0,0.0,0.0,0.0,1.0
e84e71da-9f65-4a84-b630-62a97e5c9388,1795.0,1795.0,0.0,1795.0,1795.0,0.0,0.0,0.0,1.0
e8526d67-bc58-420d-a189-42ccdbc3dc76,4630.0,4630.0,0.0,4630.0,4630.0,0.0,0.0,0.0,1.0
e8581626-8721-426b-b0dc-02efaad3feca,7090.0,7090.0,0.0,7090.0,7090.0,0.0,0.0,0.0,1.0
e85efaed-fbe1-4377-b98c-72f0f086180b,12900.0,12900.0,0.0,12900.0,12900.0,0.0,0.0,0.0,1.0
e85fc89b-4ec0-47b7-9b54-d20d043bae01,45.0,45.0,0.0,45.0,45.0,0.0,0.0,0.0,1.0
e864f3d1-b44d-4efb-a30b-1e9172d0dbca,11900.0,11900.0,0.0,11900.0,11900.0,0.0,0.0,0.0,1.0
e870de1d-9aeb-40c9-acff-c1d67f85cd88,5670.0,5670.0,0.0,5670.0,5670.0,0.0,0.0,0.0,1.0
e8763c5f-ecad-4fe2-b1bd-95c9d95442ff,14500.0,14500.0,0.0,14500.0,14500.0,0.0,0.0,0.0,1.0
e8852455-ff9d-452d-b818-073f83b578da,4295.0,4295.0,0.0,4295.0,4295.0,0.0,0.0,0.0,1.0
e88635dc-2eed-41f4-83e6-d41be470cc5b,995.0,995.0,0.0,995.0,995.0,0.0,0.0,0.0,1.0
e894912b-63ba-419d-b298-613fa7b0cf35,47900.0,47900.0,0.0,47900.0,47900.0,0.0,0.0,0.0,1.0
e897d621-9077-4ccb-9694-285c7f3f6e5e,11900.0,11900.0,0.0,11900.0,11900.0,0.0,0.0,0.0,1.0
e897fe7c-688b-4574-ade0-53d8c33ccd9b,8900.0,8900.0,0.0,8900.0,8900.0,0.0,0.0,0.0,1.0
e8a15c3c-a83d-4975-8cb6-47ad5679fcc6,495.0,495.0,0.0,495.0,495.0,0.0,0.0,0.0,1.0
e8a47620-faa7-40b8-be37-7a25213af657,1595.0,1595.0,0.0,1595.0,1595.0,0.0,0.0,0.0,1.0
e8a69ce7-51bd-4614-9bd5-1b44cc4dd9db,1795.0,1795.0,0.0,1795.0,1795.0,0.0,0.0,0.0,1.0
e8a6c65c-0e49-4640-b555-c8d8ea59ca4d,2200.0,2200.0,0.0,2200.0,2200.0,0.0,0.0,0.0,1.0
e8a884c9-4e51-4799-adfb-c1e8009da272,1195.0,1195.0,0.0,1195.0,1195.0,0.0,0.0,0.0,1.0
e8b4a57c-43a8-4279-a754-a3054ed1a779,2995.0,2995.0,0.0,2995.0,2995.0,0.0,0.0,0.0,1.0
e8bc7f9b-8a63-479d-8ad2-708e01c70b9c,1295.0,1295.0,0.0,1295.0,1295.0,0.0,0.0,0.0,1.0
e8c42bcf-dcbc-424d-b3a7-4f18fbddbbb5,2840.0,2840.0,0.0,2840.0,2840.0,0.0,0.0,0.0,1.0
e8d9aa26-423a-4a22-a7ea-ba6d3b845e54,1610.0,1610.0,0.0,1610.0,1610.0,0.0,0.0,0.0,1.0
e8d9f2d3-dd86-416c-ab4e-2f09c4774880,2645.0,2645.0,0.0,2645.0,2645.0,0.0,0.0,0.0,1.0
e8daefeb-a23e-40b7-92b4-726fe563401a,1395.0,1395.0,0.0,1395.0,1395.0,0.0,0.0,0.0,1.0
e8e6b24a-9a19-4c90-9156-ec701e5e4da7,2150.0,2150.0,0.0,2150.0,2150.0,0.0,0.0,0.0,1.0
e8e79bcb-fbd5-4911-b0f8-699adce10395,2800.0,2800.0,0.0,2800.0,2800.0,0.0,0.0,0.0,1.0
e8f9cb73-65b4-42f6-8b11-2497931827b7,3795.0,3795.0,0.0,3795.0,3795.0,0.0,0.0,0.0,1.0
e8fe31e5-e812-4f3f-970b-6895c9fec504,1450.0,1450.0,0.0,1450.0,1450.0,0.0,0.0,0.0,1.0
e90cb716-dae2-416d-be00-78ad4b6a3903,5495.0,5495.0,0.0,5495.0,5495.0,0.0,0.0,0.0,1.0
e91270a9-9086-4324-9bd8-eae5dd7309f8,21900.0,21900.0,0.0,21900.0,21900.0,0.0,0.0,0.0,1.0
e9166414-17e5-4fd4-b156-dedd8eaf4c87,1995.0,1995.0,0.0,1995.0,1995.0,0.0,0.0,0.0,1.0
e929563e-d3d6-41b1-9559-d83a67d70cc1,2495.0,2495.0,0.0,2495.0,2495.0,0.0,0.0,0.0,1.0
e9314aaa-e890-48ee-bee2-d393a20043c8,4495.0,4495.0,0.0,4495.0,4495.0,0.0,0.0,0.0,1.0
e9398665-df52-48c6-9b59-7aa0aa1a42af,4395.0,4395.0,0.0,4395.0,4395.0,0.0,0.0,0.0,1.0
e9456e2c-3a15-4aa9-9067-7108c15bae8e,45500.0,45500.0,0.0,45500.0,45500.0,0.0,0.0,0.0,1.0
e946cd2b-5796-4b37-a2da-402bd55a6aad,10900.0,10900.0,0.0,10900.0,10900.0,0.0,0.0,0.0,1.0
e947db56-a08d-43e7-981c-748ab6d47e55,5090.0,5090.0,0.0,5090.0,5090.0,0.0,0.0,0.0,1.0
e958fea6-bcef-4cfd-8b4b-298a8721ccc5,2295.0,2295.0,0.0,2295.0,2295.0,0.0,0.0,0.0,1.0
e959bc5f-606d-4a87-b919-1c6256a940f6,20900.0,20900.0,0.0,20900.0,20900.0,0.0,0.0,0.0,1.0
e95e777d-4b8d-4041-ad75-ae7c1e180396,2050.0,2050.0,0.0,2050.0,2050.0,0.0,0.0,0.0,1.0
e96191b1-d0a2-4f00-a035-2c475baff474,85.0,85.0,0.0,85.0,85.0,0.0,0.0,0.0,1.0
e9654fa5-b7c9-4afc-bba1-59c91061e269,295.0,295.0,0.0,295.0,295.0,0.0,0.0,0.0,1.0
e965fa1c-5970-4fbf-9ed8-6124d19eedce,6900.0,6900.0,0.0,6900.0,6900.0,0.0,0.0,0.0,1.0
e9687ae6-a187-4dfb-abe3-aacdc8a55da5,18900.0,18900.0,0.0,18900.0,18900.0,0.0,0.0,0.0,1.0
e9732aa8-107c-43bb-87eb-d62e570e6816,6050.0,6050.0,0.0,6050.0,6050.0,0.0,0.0,0.0,1.0
e97331e3-1fd2-4a9a-8ce3-4b65dba65c10,125.0,125.0,0.0,125.0,125.0,0.0,0.0,0.0,1.0
e974b55e-17f4-4d1c-b4da-4761dc43b511,18900.0,18900.0,0.0,18900.0,18900.0,0.0,0.0,0.0,1.0
e97975c8-5db1-490e-99e5-5752284c4c2f,7995.0,7995.0,0.0,7995.0,7995.0,0.0,0.0,0.0,1.0
e98e6a30-d2e2-4c84-aa69-efcd90efb9cc,1700.0,1700.0,0.0,1700.0,1700.0,0.0,0.0,0.0,1.0
e98f327d-2a7f-4cbf-b542-7b23a3cfe82a,12900.0,12900.0,0.0,12900.0,12900.0,0.0,0.0,0.0,1.0
e992196d-b537-41f1-84ae-95b85dc0529c,26900.0,26900.0,0.0,26900.0,26900.0,0.0,0.0,0.0,1.0
e999a9f0-51f7-4592-b638-12e69f1418c4,595.0,595.0,0.0,595.0,595.0,0.0,0.0,0.0,1.0
e99c44d9-e98f-4f8a-9c83-d84d34265c30,130.0,130.0,0.0,130.0,130.0,0.0,0.0,0.0,1.0
e99c9889-da3e-409f-8bc0-e620312b7103,12480.0,12480.0,0.0,12480.0,12480.0,0.0,0.0,0.0,1.0
e99e24ec-fb49-4f3b-8209-eaf2dd688c4e,2895.0,2895.0,0.0,2895.0,2895.0,0.0,0.0,0.0,1.0
e9b4c2d5-b4a2-47ed-a799-1705ee32c872,1795.0,1795.0,0.0,1795.0,1795.0,0.0,0.0,0.0,1.0
e9be57ba-0f9a-45da-b51c-4e3b02ea7b1b,595.0,595.0,0.0,595.0,595.0,0.0,0.0,0.0,1.0
e9c2372f-038f-42a1-89a4-975a5e5aab8c,990.0,990.0,0.0,990.0,990.0,0.0,0.0,0.0,1.0
e9c7bcac-ba49-4a2d-98d7-6dd9fd4ed70a,28900.0,28900.0,0.0,28900.0,28900.0,0.0,0.0,0.0,1.0
e9c7fdd4-a9e0-4950-82d1-77d9a9fa2b38,420.0,420.0,0.0,420.0,420.0,0.0,0.0,0.0,1.0
e9c932c2-df3f-41c1-9bc4-183936e967fc,795.0,795.0,0.0,795.0,795.0,0.0,0.0,0.0,1.0
e9cc1529-4704-4eb9-b5b1-581844bf1dd4,7900.0,7900.0,0.0,7900.0,7900.0,0.0,0.0,0.0,1.0
e9d77b8e-ecf8-4ae9-80c2-a78ab3ed1e8a,70.0,70.0,0.0,70.0,70.0,0.0,0.0,0.0,1.0
e9e68f89-bc4b-47c6-9138-70bd97967e7b,2195.0,2195.0,0.0,2195.0,2195.0,0.0,0.0,0.0,1.0
e9e8001e-6b91-4ac1-8a7b-0b023d59b6cc,2995.0,2995.0,0.0,2995.0,2995.0,0.0,0.0,0.0,1.0
e9e840fe-9580-4634-9dac-894dfd5d7be3,25900.0,25900.0,0.0,25900.0,25900.0,0.0,0.0,0.0,1.0
e9f12ce9-dd48-40c1-a1bf-c21281ff600a,11900.0,11900.0,0.0,11900.0,11900.0,0.0,0.0,0.0,1.0
e9f7dd8b-2b81-40c0-96f3-265d8a3730d6,980.0,980.0,0.0,980.0,980.0,0.0,0.0,0.0,1.0
e9fff28d-f84a-42c7-8bff-857292932c5e,2850.0,2850.0,0.0,2850.0,2850.0,0.0,0.0,0.0,1.0
ea02e6d8-7782-4ae0-8cf2-4ccedb606908,3595.0,3595.0,0.0,3595.0,3595.0,0.0,0.0,0.0,1.0
ea081dd4-d0fc-4599-9f9a-f9bbcb8494ca,5900.0,5900.0,0.0,5900.0,5900.0,0.0,0.0,0.0,1.0
ea0b8716-1a77-4d38-9b9c-d0acff47f8dd,2475.0,2475.0,0.0,2475.0,2475.0,0.0,0.0,0.0,1.0
ea0d0619-0481-4813-bd8b-1100e87bb686,2495.0,2495.0,0.0,2495.0,2495.0,0.0,0.0,0.0,1.0
ea182ebe-098a-4438-9808-8a1ae981f389,29900.0,29900.0,0.0,29900.0,29900.0,0.0,0.0,0.0,1.0
ea18518d-bce7-4198-a61a-dcff67abf27c,1295.0,1295.0,0.0,1295.0,1295.0,0.0,0.0,0.0,1.0
ea21797e-f945-46bc-a8c9-9e9009498aca,7200.0,7200.0,0.0,7200.0,7200.0,0.0,0.0,0.0,1.0
ea2391a4-7dc0-49b5-a69d-b436f1c98e50,1795.0,1795.0,0.0,1795.0,1795.0,0.0,0.0,0.0,1.0
ea2b914f-f07b-451f-acb3-3371ba291df0,16900.0,16900.0,0.0,16900.0,16900.0,0.0,0.0,0.0,1.0
ea31df35-5524-448a-992f-cb1c0b1a638a,1000.0,1000.0,0.0,1000.0,1000.0,0.0,0.0,0.0,1.0
ea33fcb4-c5b2-4833-9e96-47c42ecc3aac,1995.0,1995.0,0.0,1995.0,1995.0,0.0,0.0,0.0,1.0
ea39e84f-a89b-464a-a10e-106659e34089,18900.0,18900.0,0.0,18900.0,18900.0,0.0,0.0,0.0,1.0
ea3d5a07-c3ef-488c-ba2b-dc39c098262f,695.0,695.0,0.0,695.0,695.0,0.0,0.0,0.0,1.0
ea5010cf-40ae-40ef-bb84-1a1bab01bf39,4100.0,4100.0,0.0,4100.0,4100.0,0.0,0.0,0.0,1.0
ea6c257c-3272-4e61-ba45-70abb331d183,1550.0,1550.0,0.0,1550.0,1550.0,0.0,0.0,0.0,1.0
ea73a4f6-002d-4745-a037-e45db2e49d3d,895.0,895.0,0.0,895.0,895.0,0.0,0.0,0.0,1.0
ea8130ce-4dd8-4bec-8eab-4b50bce54cda,1350.0,1350.0,0.0,1350.0,1350.0,0.0,0.0,0.0,1.0
ea8997e4-943a-4e65-a193-0a4aedd38f87,17900.0,17900.0,0.0,17900.0,17900.0,0.0,0.0,0.0,1.0
ea8f83c3-654b-4697-9b7d-278dfc4a5244,325.0,325.0,0.0,325.0,325.0,0.0,0.0,0.0,1.0
ea990707-8f9a-4892-a88c-89e589fecf4c,6000.0,6000.0,0.0,6000.0,6000.0,0.0,0.0,0.0,1.0
ea9ba329-1ca4-4f8c-9009-2e3ef58eb65b,995.0,995.0,0.0,995.0,995.0,0.0,0.0,0.0,1.0
ea9e222e-1d25-4e2b-a2c8-90c1de5d788d,1130.0,1130.0,0.0,1130.0,1130.0,0.0,0.0,0.0,1.0
eaa5a53a-c871-40bd-9e40-a8347068e2ef,2850.0,2850.0,0.0,2850.0,2850.0,0.0,0.0,0.0,1.0
eaa9748e-5dce-4f8d-894c-c21a09907992,16900.0,16900.0,0.0,16900.0,16900.0,0.0,0.0,0.0,1.0
eaab4ec7-f84b-402b-b2e0-453b7c5dfdec,17900.0,17900.0,0.0,17900.0,17900.0,0.0,0.0,0.0,1.0
eab008d3-3a71-48b6-b10b-5e57e25d6d08,840.0,840.0,0.0,840.0,840.0,0.0,0.0,0.0,1.0
eabfc404-ed0e-43b8-80a4-2a29adc597b3,370.0,370.0,0.0,370.0,370.0,0.0,0.0,0.0,1.0
eac474c6-8ed6-407f-998f-dbd7d4de6684,16900.0,16900.0,0.0,16900.0,16900.0,0.0,0.0,0.0,1.0
eacbb236-b269-4326-98f9-08436ccfc8db,2795.0,2795.0,0.0,2795.0,2795.0,0.0,0.0,0.0,1.0
eacc7feb-66ca-4dab-a397-26914e37416a,435.0,435.0,0.0,435.0,435.0,0.0,0.0,0.0,1.0
ead1a4d2-9646-4f1c-86d7-b0004011c20d,31900.0,31900.0,0.0,31900.0,31900.0,0.0,0.0,0.0,1.0
ead47fa7-c123-4240-a618-88eb5b042590,740.0,740.0,0.0,740.0,740.0,0.0,0.0,0.0,1.0
ead53b0b-950a-4208-bee6-53b1c8ade25d,7995.0,7995.0,0.0,7995.0,7995.0,0.0,0.0,0.0,1.0
eadd1bb2-9d5a-4316-b4be-4414c9fb19f3,69900.0,69900.0,0.0,69900.0,69900.0,0.0,0.0,0.0,1.0
eae5954b-084a-4acb-8142-33000d140b71,1270.0,1270.0,0.0,1270.0,1270.0,0.0,0.0,0.0,1.0
eaee64d1-6e8b-4bc9-8189-b44c4719e24e,2795.0,2795.0,0.0,2795.0,2795.0,0.0,0.0,0.0,1.0
eaf18a29-05d9-46de-9555-e8cbb2aa9b62,990.0,990.0,0.0,990.0,990.0,0.0,0.0,0.0,1.0
eaf4ca9e-e33e-4fbe-aeb6-9641ea9dba81,545.0,545.0,0.0,545.0,545.0,0.0,0.0,0.0,1.0
eaf9855f-6e21-4778-a30d-7daa882e23c7,13900.0,13900.0,0.0,13900.0,13900.0,0.0,0.0,0.0,1.0
eb01fc84-0687-49dd-97b5-b60e3636c12b,995.0,995.0,0.0,995.0,995.0,0.0,0.0,0.0,1.0
eb084f99-2455-4e98-84e8-64658ea06ae0,1980.0,1980.0,0.0,1980.0,1980.0,0.0,0.0,0.0,1.0
eb204f2b-6397-4380-918e-87421ad44690,495.0,495.0,0.0,495.0,495.0,0.0,0.0,0.0,1.0
eb229232-13af-41ad-9ffd-5d16dc7fba94,12900.0,12900.0,0.0,12900.0,12900.0,0.0,0.0,0.0,1.0
eb26ae2b-c038-400a-ab68-641f11399475,11900.0,11900.0,0.0,11900.0,11900.0,0.0,0.0,0.0,1.0
eb2932f9-e856-4ea8-9a00-c168c174fb5c,5495.0,5495.0,0.0,5495.0,5495.0,0.0,0.0,0.0,1.0
eb2b3bd7-7563-4008-b416-9bede1f83058,28900.0,28900.0,0.0,28900.0,28900.0,0.0,0.0,0.0,1.0
eb2d352b-938d-4c35-ab27-d25de90ac995,19900.0,19900.0,0.0,19900.0,19900.0,0.0,0.0,0.0,1.0
eb301f39-1bff-4a6a-ad55-f13b44c34a5a,845.0,845.0,0.0,845.0,845.0,0.0,0.0,0.0,1.0
eb322a56-a60f-4c3d-8a0d-3d91ef6dc8e0,2450.0,2450.0,0.0,2450.0,2450.0,0.0,0.0,0.0,1.0
eb331443-2c2a-460b-bf57-2205d52a5a2c,7200.0,7200.0,0.0,7200.0,7200.0,0.0,0.0,0.0,1.0
eb3f2510-f317-498c-95c5-5296dbf0471a,9900.0,9900.0,0.0,9900.0,9900.0,0.0,0.0,0.0,1.0
eb41e3a8-6a11-461e-8f91-351c3774df86,445.0,445.0,0.0,445.0,445.0,0.0,0.0,0.0,1.0
eb49f728-3ca9-4f36-bcf2-202440599861,1425.0,1425.0,0.0,1425.0,1425.0,0.0,0.0,0.0,1.0
eb4e03be-24da-405a-8268-ccf071bf0674,16900.0,16900.0,0.0,16900.0,16900.0,0.0,0.0,0.0,1.0
eb51efda-20bf-4549-99c8-6ac9f15e627e,1105.0,1105.0,0.0,1105.0,1105.0,0.0,0.0,0.0,1.0
eb551d4c-c85a-4265-a539-316b4739f508,30900.0,30900.0,0.0,30900.0,30900.0,0.0,0.0,0.0,1.0
eb5a91ae-3ab3-46b1-a54d-2d986f331c4a,7495.0,7495.0,0.0,7495.0,7495.0,0.0,0.0,0.0,1.0
eb5edc76-fbdc-4ef6-8db4-9393dd6acbd6,16900.0,16900.0,0.0,16900.0,16900.0,0.0,0.0,0.0,1.0
eb5fb929-b0d1-4b3a-8fcd-3c7461a0601c,1900.0,1900.0,0.0,1900.0,1900.0,0.0,0.0,0.0,1.0
eb60ad26-37f8-4668-b991-4cc71d51223e,1045.0,1045.0,0.0,1045.0,1045.0,0.0,0.0,0.0,1.0
eb614057-7997-4bf7-8807-e3d2a3fea227,10500.0,10500.0,0.0,10500.0,10500.0,0.0,0.0,0.0,1.0
eb721b46-1163-403e-aba2-26dafd3a0220,8495.0,8495.0,0.0,8495.0,8495.0,0.0,0.0,0.0,1.0
eb82e9b3-cf81-4636-8ef0-2455c5912937,2195.0,2195.0,0.0,2195.0,2195.0,0.0,0.0,0.0,1.0
eb84ca56-ae46-4568-b711-86569194ba45,17500.0,17500.0,0.0,17500.0,17500.0,0.0,0.0,0.0,1.0
eb86b1d0-8688-4ecd-8d67-922721736c0c,9900.0,9900.0,0.0,9900.0,9900.0,0.0,0.0,0.0,1.0
eb873989-e3b1-41e5-8228-893d467c3ad6,365.0,365.0,0.0,365.0,365.0,0.0,0.0,0.0,1.0
eb99511f-2f2d-42e2-a4b8-a8bdb649129c,2695.0,2695.0,0.0,2695.0,2695.0,0.0,0.0,0.0,1.0
eb9ea8dc-52ed-4e73-9df7-8d8ef8534997,1650.0,1650.0,0.0,1650.0,1650.0,0.0,0.0,0.0,1.0
ebb133b9-a697-4448-b494-656a5029305e,2195.0,2195.0,0.0,2195.0,2195.0,0.0,0.0,0.0,1.0
ebb4e447-a6aa-4aa1-8ef1-378001701d85,650.0,650.0,0.0,650.0,650.0,0.0,0.0,0.0,1.0
ebb83bae-33db-4582-9c3e-48f942bdae0a,1095.0,1095.0,0.0,1095.0,1095.0,0.0,0.0,0.0,1.0
ebbbf982-34f0-4294-99ee-59f29a8247ee,20900.0,20900.0,0.0,20900.0,20900.0,0.0,0.0,0.0,1.0
ebbd92fd-ae16-403c-ae4a-6d89268d4a62,350.0,350.0,0.0,350.0,350.0,0.0,0.0,0.0,1.0
ebc0a7eb-d523-4830-ab94-b6d49ad4e63a,795.0,795.0,0.0,795.0,795.0,0.0,0.0,0.0,1.0
ebc4039b-dc36-4f97-922e-d9136fb06236,2880.0,2880.0,0.0,2880.0,2880.0,0.0,0.0,0.0,1.0
ebd05ca9-43cc-4d4c-ad2e-ab992e0b246f,1795.0,1795.0,0.0,1795.0,1795.0,0.0,0.0,0.0,1.0
ebd7e048-d362-4926-af2e-d378ea2ad722,1295.0,1295.0,0.0,1295.0,1295.0,0.0,0.0,0.0,1.0
ebd98686-2d46-40ba-bdd0-46efe84b6552,2895.0,2895.0,0.0,2895.0,2895.0,0.0,0.0,0.0,1.0
ebe18d5a-8825-410a-8e35-eea101a53f0c,1045.0,1045.0,0.0,1045.0,1045.0,0.0,0.0,0.0,1.0
ebf4f481-5202-4d3c-bab7-d7ac490dc2ce,5995.0,5995.0,0.0,5995.0,5995.0,0.0,0.0,0.0,1.0
ec0a537c-d7c1-4dbb-97b9-1d78ffcd3cb8,14900.0,14900.0,0.0,14900.0,14900.0,0.0,0.0,0.0,1.0
ec108a1a-7e75-48f8-a0ed-4f012501ec21,3110.0,3110.0,0.0,3110.0,3110.0,0.0,0.0,0.0,1.0
ec1a94ad-3960-4562-abda-a4d74df58d60,2995.0,2995.0,0.0,2995.0,2995.0,0.0,0.0,0.0,1.0
ec2c62f7-0dc4-43b4-ae8a-f5532d678ae1,2095.0,2095.0,0.0,2095.0,2095.0,0.0,0.0,0.0,1.0
ec2ef71d-c620-415a-8a8d-5995e6d2eee0,1799.0,1799.0,0.0,1799.0,1799.0,0.0,0.0,0.0,1.0
ec310d02-868a-4299-8c05-5e183c2ea6f3,4050.0,4050.0,0.0,4050.0,4050.0,0.0,0.0,0.0,1.0
ec438faa-2d29-40d3-bea3-2da69ef40d62,895.0,895.0,0.0,895.0,895.0,0.0,0.0,0.0,1.0
ec5e87dc-b07f-447b-966e-7ef96d6e9bfd,3600.0,3600.0,0.0,3600.0,3600.0,0.0,0.0,0.0,1.0
ec64cf4b-6888-472a-8fae-cc2b0a7a6439,9900.0,9900.0,0.0,9900.0,9900.0,0.0,0.0,0.0,1.0
ec67ad83-6a86-4193-b365-1bbafdfede42,5515.0,5515.0,0.0,5515.0,5515.0,0.0,0.0,0.0,1.0
ec6d1b33-4f50-480e-bdda-8f47afa4313d,1595.0,1595.0,0.0,1595.0,1595.0,0.0,0.0,0.0,1.0
ec722f5b-b5ab-4797-a581-e3d81d27c0e1,379.0,379.0,0.0,379.0,379.0,0.0,0.0,0.0,1.0
ec8332df-3248-43c3-802f-5b80d1179cc0,2795.0,2795.0,0.0,2795.0,2795.0,0.0,0.0,0.0,1.0
ec8684c0-764a-4069-917c-2fa5150adb04,3145.0,3145.0,0.0,3145.0,3145.0,0.0,0.0,0.0,1.0
ec9075f4-08a0-4481-899b-81476320a470,1695.0,1695.0,0.0,1695.0,1695.0,0.0,0.0,0.0,1.0
ec937a87-efaa-4de4-9301-96848d68826e,695.0,695.0,0.0,695.0,695.0,0.0,0.0,0.0,1.0
ec939cc5-5e4a-4659-b2c3-2aa17ec90743,11500.0,11500.0,0.0,11500.0,11500.0,0.0,0.0,0.0,1.0
ecaeb6f9-20dc-464c-84ef-e78bce7cc2e2,10500.0,10500.0,0.0,10500.0,10500.0,0.0,0.0,0.0,1.0
ecb50749-1bc2-4a07-a86a-f9a69312d7b6,6995.0,6995.0,0.0,6995.0,6995.0,0.0,0.0,0.0,1.0
ecb7ff32-24e9-47d9-bc6f-4f2894876a21,3695.0,3695.0,0.0,3695.0,3695.0,0.0,0.0,0.0,1.0
ecc0af11-86cf-40e6-aa4d-2bced382724f,1495.0,1495.0,0.0,1495.0,1495.0,0.0,0.0,0.0,1.0
ecc16863-e392-4eba-8b68-07035b69c38b,1050.0,1050.0,0.0,1050.0,1050.0,0.0,0.0,0.0,1.0
ecc63579-980d-4dfe-8761-1707bf0d8a48,12900.0,12900.0,0.0,12900.0,12900.0,0.0,0.0,0.0,1.0
eccf02db-8684-4c03-9d65-1d4484a78933,1395.0,1395.0,0.0,1395.0,1395.0,0.0,0.0,0.0,1.0
eccf3bd3-c344-4bc7-a763-51fafae35c85,370.0,370.0,0.0,370.0,370.0,0.0,0.0,0.0,1.0
ece9a8e6-cf60-4e04-8019-10b08e8333ef,22900.0,22900.0,0.0,22900.0,22900.0,0.0,0.0,0.0,1.0
ecefc464-8fa7-4e86-8b5e-ad54ec963770,695.0,695.0,0.0,695.0,695.0,0.0,0.0,0.0,1.0
ed00b8e6-f13a-4b7a-96ef-f225d6b1563f,2485.0,2485.0,0.0,2485.0,2485.0,0.0,0.0,0.0,1.0
ed05aed7-c878-4c14-8898-c5157c3ab821,8495.0,8495.0,0.0,8495.0,8495.0,0.0,0.0,0.0,1.0
ed0a3b5f-73e2-4523-be5c-64a374c21db5,1999.0,1999.0,0.0,1999.0,1999.0,0.0,0.0,0.0,1.0
ed0aaa61-bb72-4c57-b216-cdbdb312c5b6,895.0,895.0,0.0,895.0,895.0,0.0,0.0,0.0,1.0
ed0e2aee-9e77-44fb-81f6-4b4980edb593,14900.0,14900.0,0.0,14900.0,14900.0,0.0,0.0,0.0,1.0
ed1b397c-2cf4-43d6-b4ff-b15e594bdc57,52900.0,52900.0,0.0,52900.0,52900.0,0.0,0.0,0.0,1.0
ed1f6d0d-a5d8-4220-a702-459d70e8c47f,545.0,545.0,0.0,545.0,545.0,0.0,0.0,0.0,1.0
ed213a4d-dc55-4cde-a751-9be964a9ad6c,16900.0,16900.0,0.0,16900.0,16900.0,0.0,0.0,0.0,1.0
ed27d805-c885-4e92-9860-7ab0d060b10e,5495.0,5495.0,0.0,5495.0,5495.0,0.0,0.0,0.0,1.0
ed2df50e-28fb-44c1-81b5-95dc72b09ce8,1995.0,1995.0,0.0,1995.0,1995.0,0.0,0.0,0.0,1.0
ed2f1c74-8416-497b-bfa2-098016984acf,11900.0,11900.0,0.0,11900.0,11900.0,0.0,0.0,0.0,1.0
ed38ac86-c85a-420c-ab33-a2bf677817fc,16900.0,16900.0,0.0,16900.0,16900.0,0.0,0.0,0.0,1.0
ed3b28cb-6d27-4bdd-9642-42c17adaf4a7,16900.0,16900.0,0.0,16900.0,16900.0,0.0,0.0,0.0,1.0
ed413174-b8fd-49d7-a824-0cc042be7c52,3995.0,3995.0,0.0,3995.0,3995.0,0.0,0.0,0.0,1.0
ed4ac586-b9b0-4b93-930f-37c07fc4c410,545.0,545.0,0.0,545.0,545.0,0.0,0.0,0.0,1.0
ed4b3a68-794b-488a-94f3-0c35882a0db7,10900.0,10900.0,0.0,10900.0,10900.0,0.0,0.0,0.0,1.0
ed5578ee-1526-452a-9b87-6561417f0c24,2150.0,2150.0,0.0,2150.0,2150.0,0.0,0.0,0.0,1.0
ed557afd-e5b2-4c94-a46e-63e29d453447,105.0,105.0,0.0,105.0,105.0,0.0,0.0,0.0,1.0
ed56d248-5c81-43f1-b75d-0b467c815009,3780.0,3780.0,0.0,3780.0,3780.0,0.0,0.0,0.0,1.0
ed5cbe7d-0036-4302-9cc5-9eb3ad119f13,945.0,945.0,0.0,945.0,945.0,0.0,0.0,0.0,1.0
ed6d989c-fb4e-4b41-9b93-a105dc2ab7af,8995.0,8995.0,0.0,8995.0,8995.0,0.0,0.0,0.0,1.0
ed7e75ec-9bfa-44f6-aea6-92e6772a0a80,1245.0,1245.0,0.0,1245.0,1245.0,0.0,0.0,0.0,1.0
ed7ff4fd-99d4-4b71-ad5e-bc8c3cecde2e,22900.0,22900.0,0.0,22900.0,22900.0,0.0,0.0,0.0,1.0
ed82603e-e4a1-4187-9b6c-c478d05cbd52,5345.0,5345.0,494.9747468305833,4995.0,5695.0,350.0,0.09260519117503897,700.0,1.14014014014014
ed87eef5-1e10-44cc-8028-9675752e2f5a,4340.0,4340.0,0.0,4340.0,4340.0,0.0,0.0,0.0,1.0
ed8e4143-abb5-472d-bcb1-81a7345261ca,1195.0,1195.0,0.0,1195.0,1195.0,0.0,0.0,0.0,1.0
ed946859-af55-42f4-8aff-3597bda4dd7e,1045.0,1045.0,0.0,1045.0,1045.0,0.0,0.0,0.0,1.0
ed9ffff1-8494-408c-95e5-4a47e7dc8066,2195.0,2195.0,0.0,2195.0,2195.0,0.0,0.0,0.0,1.0
eda9df9a-faaa-46ef-8e1b-bc6cc33ffed1,1595.0,1595.0,0.0,1595.0,1595.0,0.0,0.0,0.0,1.0
edab8999-fdda-4b7f-aa91-1734f92612b2,745.0,745.0,0.0,745.0,745.0,0.0,0.0,0.0,1.0
edac381c-e3ac-40b7-8660-4d101498cfd6,13900.0,13900.0,0.0,13900.0,13900.0,0.0,0.0,0.0,1.0
edb27165-28ff-411d-88fd-5a3dc51d62ce,1895.0,1895.0,0.0,1895.0,1895.0,0.0,0.0,0.0,1.0
edb32364-dc89-409d-8d96-4d25df92a967,695.0,695.0,0.0,695.0,695.0,0.0,0.0,0.0,1.0
edb7f458-a80e-45d0-a880-b050d9494c69,1995.0,1995.0,0.0,1995.0,1995.0,0.0,0.0,0.0,1.0
edbec9d3-4649-4263-9c31-56aff60bf717,695.0,695.0,0.0,695.0,695.0,0.0,0.0,0.0,1.0
edc232b8-5940-45ac-8640-7c5966a92a01,8995.0,8995.0,0.0,8995.0,8995.0,0.0,0.0,0.0,1.0
edc5182d-c0a3-4100-9ec4-961a1a2bb20f,5990.0,5990.0,0.0,5990.0,5990.0,0.0,0.0,0.0,1.0
edc888d3-96ae-4b43-8c19-3f1ac6b6f72b,7395.0,7395.0,0.0,7395.0,7395.0,0.0,0.0,0.0,1.0
edcc950b-ff99-491d-b739-ea6067af18a7,12900.0,12900.0,0.0,12900.0,12900.0,0.0,0.0,0.0,1.0
eddca01d-1671-4e6e-b4de-ce538dcd6840,2195.0,2195.0,0.0,2195.0,2195.0,0.0,0.0,0.0,1.0
eddcd2a9-3b5e-4b75-b0fc-7dd8879dabba,6500.0,6500.0,0.0,6500.0,6500.0,0.0,0.0,0.0,1.0
eddedccb-0890-41da-b45a-3fa6c29cd19c,3495.0,3495.0,0.0,3495.0,3495.0,0.0,0.0,0.0,1.0
ede482e9-9193-432e-b88d-53fcd97ce2be,6995.0,6995.0,0.0,6995.0,6995.0,0.0,0.0,0.0,1.0
edeea9f3-6acf-4b29-af59-2e798a1617fc,1195.0,1195.0,0.0,1195.0,1195.0,0.0,0.0,0.0,1.0
edf46d6c-971e-4faf-a464-fe5b6a8877b0,2695.0,2695.0,0.0,2695.0,2695.0,0.0,0.0,0.0,1.0
edf4d6f6-be7c-4900-b893-1e0d28eb17f2,4495.0,4495.0,0.0,4495.0,4495.0,0.0,0.0,0.0,1.0
ee035c81-9be7-4308-b176-7b1460b72b27,13900.0,13900.0,0.0,13900.0,13900.0,0.0,0.0,0.0,1.0
ee0c2dfc-e52b-499c-9a98-005deaa8d8e6,10900.0,10900.0,0.0,10900.0,10900.0,0.0,0.0,0.0,1.0
ee1f182b-ccda-4497-9f8f-3ee4edf37238,2095.0,2095.0,0.0,2095.0,2095.0,0.0,0.0,0.0,1.0
ee200c26-8016-4301-9651-229046a76b62,11500.0,11500.0,0.0,11500.0,11500.0,0.0,0.0,0.0,1.0
ee21b91a-41b6-436a-ae8e-b6b5213b9130,9900.0,9900.0,0.0,9900.0,9900.0,0.0,0.0,0.0,1.0
ee225920-12aa-470a-a572-ee582786248e,3895.0,3895.0,0.0,3895.0,3895.0,0.0,0.0,0.0,1.0
ee244a7b-38ed-459a-870f-e8b74a62bd5a,9900.0,9900.0,0.0,9900.0,9900.0,0.0,0.0,0.0,1.0
ee288121-f098-48c7-b4e7-cee4ac823b3c,5140.0,5140.0,0.0,5140.0,5140.0,0.0,0.0,0.0,1.0
ee301b2f-8512-49c3-b337-84376f0b85f5,2850.0,2850.0,0.0,2850.0,2850.0,0.0,0.0,0.0,1.0
ee3c035e-8d03-443f-8134-56735d27d26d,7995.0,7995.0,0.0,7995.0,7995.0,0.0,0.0,0.0,1.0
ee4c18e7-cca9-4364-90ad-cf52cec37801,995.0,995.0,0.0,995.0,995.0,0.0,0.0,0.0,1.0
ee5abdf1-a34b-4adb-9293-d0ae9e0cd7ce,10200.0,10200.0,0.0,10200.0,10200.0,0.0,0.0,0.0,1.0
ee5bef8b-3773-4186-bac0-33c0588a8e08,1395.0,1395.0,0.0,1395.0,1395.0,0.0,0.0,0.0,1.0
ee6655bf-bb37-4232-bb7d-6248b08dd0f0,745.0,745.0,0.0,745.0,745.0,0.0,0.0,0.0,1.0
ee74fb79-b476-430a-90a6-9e1e0423d07d,33900.0,33900.0,0.0,33900.0,33900.0,0.0,0.0,0.0,1.0
ee7d0807-47e7-4753-8283-963d40a8323d,6950.0,6950.0,0.0,6950.0,6950.0,0.0,0.0,0.0,1.0
ee874f1e-e93f-4020-a3de-f5b35c161cbc,2499.0,2499.0,0.0,2499.0,2499.0,0.0,0.0,0.0,1.0
ee9096e0-8911-44c6-aa7a-7f34eaeb1bbd,6480.0,6480.0,0.0,6480.0,6480.0,0.0,0.0,0.0,1.0
ee99ed62-8176-4498-ba8e-b84848af2c69,1895.0,1895.0,0.0,1895.0,1895.0,0.0,0.0,0.0,1.0
ee9c3cff-f3da-4802-a3c6-c62719cc69d7,7995.0,7995.0,0.0,7995.0,7995.0,0.0,0.0,0.0,1.0
ee9c6559-2103-4044-8528-72cd0c3d56e7,450.0,450.0,0.0,450.0,450.0,0.0,0.0,0.0,1.0
eea314c9-0bba-409b-b75d-e94913bd7e6c,3800.0,3800.0,0.0,3800.0,3800.0,0.0,0.0,0.0,1.0
eea7a8fe-46c9-44e4-9543-08f8a7e5824c,3595.0,3595.0,0.0,3595.0,3595.0,0.0,0.0,0.0,1.0
eeaa570f-8349-43aa-8e7c-a69175a10a1f,17900.0,17900.0,0.0,17900.0,17900.0,0.0,0.0,0.0,1.0
eeabdcdf-dfd9-4344-9b12-8689fd7e810d,6050.0,6050.0,0.0,6050.0,6050.0,0.0,0.0,0.0,1.0
eeb54e60-7cfb-4201-bcd3-a7aeee107406,445.0,445.0,0.0,445.0,445.0,0.0,0.0,0.0,1.0
eebcfc66-c37f-4b54-bcf0-0e0259d3448f,16900.0,16900.0,0.0,16900.0,16900.0,0.0,0.0,0.0,1.0
eedd59ad-8295-49f0-9c54-d61ae7b46661,10900.0,10900.0,0.0,10900.0,10900.0,0.0,0.0,0.0,1.0
eee180e8-98ec-40c0-9cfd-2a21a46bb261,2545.0,2545.0,0.0,2545.0,2545.0,0.0,0.0,0.0,1.0
eee1b63e-468f-4f0c-9f2e-8a6c3f9ffb3c,1395.0,1395.0,0.0,1395.0,1395.0,0.0,0.0,0.0,1.0
eee1de73-537d-42b2-969a-3f932cf49394,12900.0,12900.0,0.0,12900.0,12900.0,0.0,0.0,0.0,1.0
eeecc2ed-a7d8-447e-8a55-5c2c6def6dd1,26500.0,26500.0,0.0,26500.0,26500.0,0.0,0.0,0.0,1.0
eef30c30-6b44-4214-9ac3-710d43390de1,299.0,299.0,0.0,299.0,299.0,0.0,0.0,0.0,1.0
eef75068-3696-40ff-a873-230246e509c4,1195.0,1195.0,0.0,1195.0,1195.0,0.0,0.0,0.0,1.0
eefa60e4-4a92-437f-8605-d5604c1e39e3,1100.0,1100.0,0.0,1100.0,1100.0,0.0,0.0,0.0,1.0
eefad2c1-a43e-478e-a2bf-4712246c1cf3,2800.0,2800.0,0.0,2800.0,2800.0,0.0,0.0,0.0,1.0
eefad549-3e71-4a6d-b7cc-c457364ab1d3,2850.0,2850.0,0.0,2850.0,2850.0,0.0,0.0,0.0,1.0
eefd0196-6bf6-417e-82dc-737da1eaa50a,1095.0,1095.0,0.0,1095.0,1095.0,0.0,0.0,0.0,1.0
ef02176f-4a54-40da-81be-bb344ff7afbc,26900.0,26900.0,0.0,26900.0,26900.0,0.0,0.0,0.0,1.0
ef099e4f-fd34-46cc-baeb-89e94069e641,14900.0,14900.0,0.0,14900.0,14900.0,0.0,0.0,0.0,1.0
ef0f8f50-fcfe-4888-8ed1-4af257bf66dd,4995.0,4995.0,0.0,4995.0,4995.0,0.0,0.0,0.0,1.0
ef1306ed-aef3-4db8-849b-426a9f565f19,1950.0,1950.0,0.0,1950.0,1950.0,0.0,0.0,0.0,1.0
ef1ac49c-285d-4c64-8dc0-a345c8ffbfce,12480.0,12480.0,0.0,12480.0,12480.0,0.0,0.0,0.0,1.0
ef2211ab-bd92-4ec7-af55-5b37f1bbcd37,5195.0,5195.0,0.0,5195.0,5195.0,0.0,0.0,0.0,1.0
ef2f6d31-0190-4b78-9b3e-7a197f4bc653,3995.0,3995.0,0.0,3995.0,3995.0,0.0,0.0,0.0,1.0
ef31ab59-67c3-4098-a12a-e1a8ce77678a,39900.0,39900.0,0.0,39900.0,39900.0,0.0,0.0,0.0,1.0
ef32ad4c-a9e0-4b82-a37d-12b81a77c3e1,3150.0,3150.0,0.0,3150.0,3150.0,0.0,0.0,0.0,1.0
ef32effe-9f04-4338-9a63-03229ba1cbd6,1495.0,1495.0,0.0,1495.0,1495.0,0.0,0.0,0.0,1.0
ef362dad-38f0-4bc9-b367-60b723299fe2,465.0,465.0,0.0,465.0,465.0,0.0,0.0,0.0,1.0
ef37850b-3baf-47c0-997e-2c562369b1e6,4215.0,4215.0,0.0,4215.0,4215.0,0.0,0.0,0.0,1.0
ef3ebe13-fa6a-4b56-8d51-af75d2bc3e94,2295.0,2295.0,0.0,2295.0,2295.0,0.0,0.0,0.0,1.0
ef4092b4-e144-4c3b-904d-e189381b4deb,2700.0,2700.0,0.0,2700.0,2700.0,0.0,0.0,0.0,1.0
ef40a0a8-fae7-443c-865a-9331760de17a,1440.0,1440.0,0.0,1440.0,1440.0,0.0,0.0,0.0,1.0
ef40b0b0-35d2-4a17-b1e5-08ed364e04e6,4795.0,4795.0,0.0,4795.0,4795.0,0.0,0.0,0.0,1.0
ef48e6e3-9d43-4724-bd85-8829e20fb249,3195.0,3195.0,0.0,3195.0,3195.0,0.0,0.0,0.0,1.0
ef565ac4-5e60-432b-9bcd-63ef4f897b6a,370.0,370.0,0.0,370.0,370.0,0.0,0.0,0.0,1.0
ef62f1c7-0bc2-417e-8b7e-2a9defb7c99c,10500.0,10500.0,0.0,10500.0,10500.0,0.0,0.0,0.0,1.0
ef6657bc-7c6c-419b-945f-f78fb92dade3,1995.0,1995.0,0.0,1995.0,1995.0,0.0,0.0,0.0,1.0
ef6c5ad6-23b3-4cfc-9906-53a78e35182b,18500.0,18500.0,0.0,18500.0,18500.0,0.0,0.0,0.0,1.0
ef6de1c2-8166-4364-936b-3e821be4128f,8245.0,8245.0,353.5533905932738,7995.0,8495.0,250.0,0.042880944886995,500.0,1.0625390869293307
ef739db7-0bff-4c7b-9346-ce6c5209243f,10900.0,10900.0,0.0,10900.0,10900.0,0.0,0.0,0.0,1.0
ef78b8ec-769d-4db8-8a85-248bd38aeca8,26900.0,26900.0,0.0,26900.0,26900.0,0.0,0.0,0.0,1.0
ef7bb670-e079-45ca-a653-ec13c3838eaf,2295.0,2295.0,0.0,2295.0,2295.0,0.0,0.0,0.0,1.0
ef7d1ac9-4561-499d-b61c-018cbe21cdde,1195.0,1195.0,0.0,1195.0,1195.0,0.0,0.0,0.0,1.0
ef7e62e7-2bf3-4086-a2c6-764405cacdce,3995.0,3995.0,0.0,3995.0,3995.0,0.0,0.0,0.0,1.0
ef8527f6-0bc3-47e1-b264-e46a7bd133bd,1095.0,1095.0,0.0,1095.0,1095.0,0.0,0.0,0.0,1.0
ef866bf7-bbe8-43ca-a61b-a92eb2d3a484,16900.0,16900.0,0.0,16900.0,16900.0,0.0,0.0,0.0,1.0
ef93c8df-fd04-4cae-b183-9abae76dc429,2195.0,2195.0,0.0,2195.0,2195.0,0.0,0.0,0.0,1.0
ef975833-634f-4d10-9a01-fca584023898,2545.0,2545.0,0.0,2545.0,2545.0,0.0,0.0,0.0,1.0
efa4a706-4874-443c-a23f-0d58f37ed7c2,140.0,140.0,0.0,140.0,140.0,0.0,0.0,0.0,1.0
efa4ebf6-453b-4e15-aab6-7a1f58a7ea7d,1495.0,1495.0,0.0,1495.0,1495.0,0.0,0.0,0.0,1.0
efb0fe8c-f939-475c-9aca-35841256a2a1,1999.0,1999.0,0.0,1999.0,1999.0,0.0,0.0,0.0,1.0
efb470c3-6192-43a9-a611-b0c47fc73b53,17900.0,17900.0,0.0,17900.0,17900.0,0.0,0.0,0.0,1.0
efb7f053-bdef-4315-80d4-436668f4ce75,465.0,465.0,0.0,465.0,465.0,0.0,0.0,0.0,1.0
efb8065b-4dfe-4abd-b363-a03efa7319ca,1195.0,1195.0,0.0,1195.0,1195.0,0.0,0.0,0.0,1.0
efb994ad-1cb6-43ed-b00e-2a56346e4c5d,415.0,415.0,0.0,415.0,415.0,0.0,0.0,0.0,1.0
efbd303c-2151-46d2-b486-0ec6e6a2fe4e,1095.0,1095.0,0.0,1095.0,1095.0,0.0,0.0,0.0,1.0
efe00934-18a9-4210-9263-afe123eea3e9,4900.0,4900.0,0.0,4900.0,4900.0,0.0,0.0,0.0,1.0
efe29304-d733-4441-a1cd-460119970e0a,695.0,695.0,0.0,695.0,695.0,0.0,0.0,0.0,1.0
efe29f18-424d-4afc-85de-f43f04ace59e,3395.0,3395.0,0.0,3395.0,3395.0,0.0,0.0,0.0,1.0
efe71c08-5d1b-4393-9cc0-895039ff3e18,17900.0,17900.0,0.0,17900.0,17900.0,0.0,0.0,0.0,1.0
efede1ee-8336-43c0-8d16-04542c37a23c,33900.0,33900.0,0.0,33900.0,33900.0,0.0,0.0,0.0,1.0
eff0e34b-1b48-4cc2-8858-086fc8a4dfc5,9900.0,9900.0,0.0,9900.0,9900.0,0.0,0.0,0.0,1.0
eff0ea00-4e9d-4446-8b58-5f14081109f6,9900.0,9900.0,0.0,9900.0,9900.0,0.0,0.0,0.0,1.0
eff19750-7b6c-426d-8ba7-4b2ed0ea49bc,4795.0,4795.0,0.0,4795.0,4795.0,0.0,0.0,0.0,1.0
eff8cb69-6546-458d-b4c3-3fc68d9ff0ba,13000.0,13000.0,0.0,13000.0,13000.0,0.0,0.0,0.0,1.0
effbc4c6-6eb4-46d5-b3eb-da231661eeee,4795.0,4795.0,0.0,4795.0,4795.0,0.0,0.0,0.0,1.0
f00560cc-ba5e-41d8-8557-70d773f7aca0,4295.0,4295.0,0.0,4295.0,4295.0,0.0,0.0,0.0,1.0
f0087f9a-e759-493f-8459-34abc2fe5a55,4495.0,4495.0,0.0,4495.0,4495.0,0.0,0.0,0.0,1.0
f01651e2-5a5a-4d6b-85af-c5e6b1faa637,249.0,249.0,0.0,249.0,249.0,0.0,0.0,0.0,1.0
f01751ad-91f4-4be5-9249-632ab911c31f,1295.0,1295.0,0.0,1295.0,1295.0,0.0,0.0,0.0,1.0
f017a138-010e-4d84-ad87-a4a02e1c4df5,2295.0,2295.0,0.0,2295.0,2295.0,0.0,0.0,0.0,1.0
f01acce1-7d88-4d95-a78d-43b27a2bc0b0,8980.0,8980.0,0.0,8980.0,8980.0,0.0,0.0,0.0,1.0
f01f4bec-ac0d-4ea2-a6ad-a9f466f6d311,4495.0,4495.0,0.0,4495.0,4495.0,0.0,0.0,0.0,1.0
f021195e-e920-49d6-8386-0b187f71ccbb,225.0,225.0,0.0,225.0,225.0,0.0,0.0,0.0,1.0
f022bfff-e280-4ced-b814-ab3d1bfc96d9,1095.0,1095.0,0.0,1095.0,1095.0,0.0,0.0,0.0,1.0
f022d52a-c388-42fe-96bc-0b075c3d1637,100.0,100.0,0.0,100.0,100.0,0.0,0.0,0.0,1.0
f030591a-c0fb-4b13-a605-f7bddf6c80ea,950.0,950.0,0.0,950.0,950.0,0.0,0.0,0.0,1.0
f0344960-f394-46cf-856b-26658eaba443,2200.0,2200.0,0.0,2200.0,2200.0,0.0,0.0,0.0,1.0
f034f2c9-0c38-49ac-ada4-2577b6a0e763,5995.0,5995.0,0.0,5995.0,5995.0,0.0,0.0,0.0,1.0
f03844fd-6912-4fdf-878a-62446b163de5,135.0,135.0,0.0,135.0,135.0,0.0,0.0,0.0,1.0
f042f2dc-b595-4af6-a64a-70359d940a1c,375.0,375.0,0.0,375.0,375.0,0.0,0.0,0.0,1.0
f048df69-a4ce-4ba5-8610-e9a3e75e0ddd,2500.0,2500.0,0.0,2500.0,2500.0,0.0,0.0,0.0,1.0
f05e7062-d43e-40b6-9119-f2e75eeb5b47,8500.0,8500.0,0.0,8500.0,8500.0,0.0,0.0,0.0,1.0
f07dac1a-627b-4693-bd72-b5d32e015e2f,11000.0,11000.0,0.0,11000.0,11000.0,0.0,0.0,0.0,1.0
f0844129-fd1b-4471-bde9-d4f35c367cca,1095.0,1095.0,0.0,1095.0,1095.0,0.0,0.0,0.0,1.0
f0916695-9899-49e5-8327-436cd75d7399,10900.0,10900.0,0.0,10900.0,10900.0,0.0,0.0,0.0,1.0
f0a05cdc-2d23-435c-baa6-545c8c24ae16,1895.0,1895.0,0.0,1895.0,1895.0,0.0,0.0,0.0,1.0
f0a1113c-90cf-4652-9aec-241b9c1e1497,25900.0,25900.0,0.0,25900.0,25900.0,0.0,0.0,0.0,1.0
f0a24306-4b66-4542-93e7-4fbd06e3fa92,1995.0,1995.0,0.0,1995.0,1995.0,0.0,0.0,0.0,1.0
f0a43475-611a-4229-a986-3a480e7c0ec3,1295.0,1295.0,0.0,1295.0,1295.0,0.0,0.0,0.0,1.0
f0a54247-7ee8-42b1-97c6-be38979a6c0a,3495.0,3495.0,0.0,3495.0,3495.0,0.0,0.0,0.0,1.0
f0a6140d-3b16-456d-8442-150a8cca1b0e,9900.0,9900.0,0.0,9900.0,9900.0,0.0,0.0,0.0,1.0
f0a71919-f74d-4be2-82c8-ca316fe2ecf9,4090.0,4090.0,0.0,4090.0,4090.0,0.0,0.0,0.0,1.0
f0b018f5-e119-4eaf-a8c7-6258ed422a5d,39500.0,39500.0,0.0,39500.0,39500.0,0.0,0.0,0.0,1.0
f0b0f455-b575-4c73-aef2-e71631645d0f,2570.0,2570.0,0.0,2570.0,2570.0,0.0,0.0,0.0,1.0
f0b8091c-59f8-4f38-acc3-a1366b21c5d9,23900.0,23900.0,0.0,23900.0,23900.0,0.0,0.0,0.0,1.0
f0b8dacb-ef60-412c-b00f-90746b5b9c74,1095.0,1095.0,0.0,1095.0,1095.0,0.0,0.0,0.0,1.0
f0baa9e6-4a04-4a2d-baf7-dacfe495c2a3,610.0,610.0,0.0,610.0,610.0,0.0,0.0,0.0,1.0
f0c4c361-4ae9-4d0a-9d7c-fbee9c80b33e,18900.0,18900.0,0.0,18900.0,18900.0,0.0,0.0,0.0,1.0
f0c617c8-5fac-4a51-8533-49c8d43e91f9,6500.0,6500.0,0.0,6500.0,6500.0,0.0,0.0,0.0,1.0
f0c6f737-f954-4d84-b7f1-5d98aa7a089e,695.0,695.0,0.0,695.0,695.0,0.0,0.0,0.0,1.0
f0d2668f-4cee-46b8-aae7-1737b1e4ba05,3795.0,3795.0,0.0,3795.0,3795.0,0.0,0.0,0.0,1.0
f0e5a909-c909-45a5-8aeb-db335f01032d,23900.0,23900.0,0.0,23900.0,23900.0,0.0,0.0,0.0,1.0
f0ebcaee-1d54-4907-bf8c-2ddbe28784b0,14900.0,14900.0,0.0,14900.0,14900.0,0.0,0.0,0.0,1.0
f0f02271-a5ca-4b01-9fad-290489bc3698,3170.0,3170.0,0.0,3170.0,3170.0,0.0,0.0,0.0,1.0
f0f0e301-fdee-42e3-94a1-4dfcb54eff5f,2599.0,2599.0,0.0,2599.0,2599.0,0.0,0.0,0.0,1.0
f0f3428b-8aa8-4b5b-b170-36da51edade1,9495.0,9495.0,0.0,9495.0,9495.0,0.0,0.0,0.0,1.0
f0f52d49-be85-4069-bf4c-394b9bcf641c,1595.0,1595.0,0.0,1595.0,1595.0,0.0,0.0,0.0,1.0
f0fa100a-0329-4fa6-89ed-95dc956dc7e8,17900.0,17900.0,0.0,17900.0,17900.0,0.0,0.0,0.0,1.0
f10acdcd-214c-42c7-9cbc-da69103d6179,14900.0,14900.0,0.0,14900.0,14900.0,0.0,0.0,0.0,1.0
f10fa04a-162c-4b6c-820b-0ce3c070a27e,8900.0,8900.0,0.0,8900.0,8900.0,0.0,0.0,0.0,1.0
f1164723-d7b6-438d-94c8-c2af7e3580ea,1795.0,1795.0,0.0,1795.0,1795.0,0.0,0.0,0.0,1.0
f11ce2ae-e880-40eb-8333-5d9a52f8ee05,6630.0,6630.0,0.0,6630.0,6630.0,0.0,0.0,0.0,1.0
f1222b85-f7f9-466b-93b2-7473f66b5dd7,1995.0,1995.0,0.0,1995.0,1995.0,0.0,0.0,0.0,1.0
f12b8c4b-f743-47cd-9b72-6023cfe54480,1995.0,1995.0,0.0,1995.0,1995.0,0.0,0.0,0.0,1.0
f136ca7b-36f6-4d41-82b4-215325bd6911,10500.0,10500.0,0.0,10500.0,10500.0,0.0,0.0,0.0,1.0
f13ec2c6-92f0-4985-ac86-bfd6a2949107,1295.0,1295.0,0.0,1295.0,1295.0,0.0,0.0,0.0,1.0
f14d8666-586c-4162-9053-bf9440ca2629,85.0,85.0,0.0,85.0,85.0,0.0,0.0,0.0,1.0
f1521478-c6e7-440e-b674-bab52c892fa5,5750.0,5750.0,0.0,5750.0,5750.0,0.0,0.0,0.0,1.0
f153781f-2d9c-485d-9468-3a03f81c5cba,3995.0,3995.0,0.0,3995.0,3995.0,0.0,0.0,0.0,1.0
f153da46-90c6-4a0e-98fb-bd19f62ea90e,4395.0,4395.0,0.0,4395.0,4395.0,0.0,0.0,0.0,1.0
f159b225-0375-4fde-8774-6812adcc7e89,1600.0,1600.0,0.0,1600.0,1600.0,0.0,0.0,0.0,1.0
f1621007-fae1-43a2-b65f-85208d138709,2995.0,2995.0,0.0,2995.0,2995.0,0.0,0.0,0.0,1.0
f1732341-12f4-4eca-96b4-bd676ab8cae5,1545.0,1545.0,0.0,1545.0,1545.0,0.0,0.0,0.0,1.0
f178b76b-c868-4112-ba4e-a6aee1c367d6,1195.0,1195.0,0.0,1195.0,1195.0,0.0,0.0,0.0,1.0
f178e052-408a-4a3f-9389-e7bb253675a8,49900.0,49900.0,0.0,49900.0,49900.0,0.0,0.0,0.0,1.0
f184a5af-5428-4510-8ff9-53ad94cc4542,1650.0,1650.0,0.0,1650.0,1650.0,0.0,0.0,0.0,1.0
f186498f-4581-42fd-83c9-83b2926d1ae2,475.0,475.0,0.0,475.0,475.0,0.0,0.0,0.0,1.0
f18de5b4-283b-4832-8bac-1ac3d20d8ce9,2795.0,2795.0,0.0,2795.0,2795.0,0.0,0.0,0.0,1.0
f19f2ccc-46e4-40f0-8f26-e13ceb02339f,1495.0,1495.0,0.0,1495.0,1495.0,0.0,0.0,0.0,1.0
f1a23578-d76b-4fa1-8587-e4bd599b2b4b,3200.0,3200.0,0.0,3200.0,3200.0,0.0,0.0,0.0,1.0
f1a8d71f-029d-40e5-ac73-c68df323f4d6,3400.0,3400.0,0.0,3400.0,3400.0,0.0,0.0,0.0,1.0
f1aae6a9-ba8d-4e53-8784-fd071f7b8377,3450.0,3450.0,0.0,3450.0,3450.0,0.0,0.0,0.0,1.0
f1ad562e-8513-4a5b-a637-b3c30150932c,3499.0,3499.0,0.0,3499.0,3499.0,0.0,0.0,0.0,1.0
f1b39945-c9f9-4a3c-b545-aacdcafba595,2645.0,2645.0,0.0,2645.0,2645.0,0.0,0.0,0.0,1.0
f1b7d76f-52f2-419c-8925-beb2e07097a4,32900.0,32900.0,0.0,32900.0,32900.0,0.0,0.0,0.0,1.0
f1c23556-b4ac-49a4-a095-8036c5c20332,2995.0,2995.0,0.0,2995.0,2995.0,0.0,0.0,0.0,1.0
f1c28c1c-793b-4444-92d9-d5eb3da7b56c,4495.0,4495.0,0.0,4495.0,4495.0,0.0,0.0,0.0,1.0
f1c64ded-e064-4d22-9e92-aca6690a1069,695.0,695.0,0.0,695.0,695.0,0.0,0.0,0.0,1.0
f1d4cbc2-31c9-4cd0-a5b8-c0073787db13,395.0,395.0,0.0,395.0,395.0,0.0,0.0,0.0,1.0
f1da5171-001b-45cf-8e1a-4f8f29e7024f,1095.0,1095.0,0.0,1095.0,1095.0,0.0,0.0,0.0,1.0
f1dac9f0-6828-4f93-8e16-48be9fb04f7a,1395.0,1395.0,0.0,1395.0,1395.0,0.0,0.0,0.0,1.0
f1db00f3-1aef-4f46-8cc7-cdc5874c9e09,6995.0,6995.0,0.0,6995.0,6995.0,0.0,0.0,0.0,1.0
f1de3e48-00ea-4754-b8a7-425a53ff7d40,1645.0,1645.0,0.0,1645.0,1645.0,0.0,0.0,0.0,1.0
f1e01c65-70df-4dfe-ad2a-13d03c66bdb1,1465.0,1465.0,0.0,1465.0,1465.0,0.0,0.0,0.0,1.0
f1ea3231-b77a-4ff8-b057-728f9e9b186b,9900.0,9900.0,0.0,9900.0,9900.0,0.0,0.0,0.0,1.0
f1ed92ab-ece9-417a-aedb-90655d9400d3,1895.0,1895.0,0.0,1895.0,1895.0,0.0,0.0,0.0,1.0
f1eebf34-5e27-4508-a1c6-1fc4c2c9840d,10400.0,10400.0,0.0,10400.0,10400.0,0.0,0.0,0.0,1.0
f1f146a5-c432-466b-833f-4c623f9ca6eb,19900.0,19900.0,0.0,19900.0,19900.0,0.0,0.0,0.0,1.0
f2004aaa-546f-4b56-b3e8-0351a2eb6389,1095.0,1095.0,0.0,1095.0,1095.0,0.0,0.0,0.0,1.0
f20eaef6-b1f0-4ced-ab7c-c3acc8837f88,10900.0,10900.0,0.0,10900.0,10900.0,0.0,0.0,0.0,1.0
f2155387-29b3-4d7e-a2ba-81cd3b4d3d2b,1650.0,1650.0,0.0,1650.0,1650.0,0.0,0.0,0.0,1.0
f21b2275-a3fb-447a-b398-a7973be04e0e,385.0,385.0,0.0,385.0,385.0,0.0,0.0,0.0,1.0
f21d20b4-4ca1-4b63-b23b-ca74cba446fd,3150.0,3150.0,0.0,3150.0,3150.0,0.0,0.0,0.0,1.0
f220c89c-4299-42cf-b96c-95887a665a2d,15900.0,15900.0,0.0,15900.0,15900.0,0.0,0.0,0.0,1.0
f221690b-5362-47f9-a230-89789ced8856,645.0,645.0,0.0,645.0,645.0,0.0,0.0,0.0,1.0
f222164f-e124-417f-b1d4-27cfef14abce,2240.0,2240.0,0.0,2240.0,2240.0,0.0,0.0,0.0,1.0
f225a5cf-78c8-44fa-b659-e61be7d56427,1495.0,1495.0,0.0,1495.0,1495.0,0.0,0.0,0.0,1.0
f22636c9-0896-460d-bb4c-4a4aaeaa5b38,4995.0,4995.0,0.0,4995.0,4995.0,0.0,0.0,0.0,1.0
f22aad41-52b4-4146-b294-dff05af993c9,3995.0,3995.0,0.0,3995.0,3995.0,0.0,0.0,0.0,1.0
f22ac44f-858a-4d30-8cef-c6de760e15fb,745.0,745.0,0.0,745.0,745.0,0.0,0.0,0.0,1.0
f2319e5e-f85b-4292-a7fe-e43e7284398c,11900.0,11900.0,0.0,11900.0,11900.0,0.0,0.0,0.0,1.0
f231b5d3-e7b2-4485-9e27-7352ff6c2437,14900.0,14900.0,0.0,14900.0,14900.0,0.0,0.0,0.0,1.0
f23ce9e1-cab0-4867-ad7c-af2458552308,1799.0,1799.0,0.0,1799.0,1799.0,0.0,0.0,0.0,1.0
f23e5501-c839-4ae9-b0b3-0b09c9e2301b,19900.0,19900.0,0.0,19900.0,19900.0,0.0,0.0,0.0,1.0
f2411442-d64b-4916-baa8-6452010ce4cb,2350.0,2350.0,0.0,2350.0,2350.0,0.0,0.0,0.0,1.0
f24dfdb8-89b4-4951-bbf5-13f60a7d99ae,1995.0,1995.0,0.0,1995.0,1995.0,0.0,0.0,0.0,1.0
f253c1cb-c3cb-4922-a36a-944476961838,14980.0,14980.0,0.0,14980.0,14980.0,0.0,0.0,0.0,1.0
f2567bff-98a5-4a70-9b81-5a1ce714469c,3995.0,3995.0,0.0,3995.0,3995.0,0.0,0.0,0.0,1.0
f25d1108-abfd-439e-a382-fca6929a5582,10900.0,10900.0,0.0,10900.0,10900.0,0.0,0.0,0.0,1.0
f268cc82-d63f-4354-86c3-d8fe99a92cb2,30900.0,30900.0,0.0,30900.0,30900.0,0.0,0.0,0.0,1.0
f26dbf34-1d7d-4986-945c-837ee7a56779,745.0,745.0,0.0,745.0,745.0,0.0,0.0,0.0,1.0
f27547ba-7948-42a2-b8ff-1aa426594f7a,6995.0,6995.0,0.0,6995.0,6995.0,0.0,0.0,0.0,1.0
f27ff288-8908-4740-853d-3199559872a3,31900.0,31900.0,0.0,31900.0,31900.0,0.0,0.0,0.0,1.0
f280e60b-bc05-431f-9f61-3a35a832af2d,1145.0,1145.0,0.0,1145.0,1145.0,0.0,0.0,0.0,1.0
f28751ff-0ba4-49dc-bae9-9a7828ad23ef,260.0,260.0,0.0,260.0,260.0,0.0,0.0,0.0,1.0
f289794f-df1a-4324-b0cc-a0c5a22d2541,750.0,750.0,0.0,750.0,750.0,0.0,0.0,0.0,1.0
f293faf7-bcf0-4089-a9b7-49d386133119,8900.0,8900.0,0.0,8900.0,8900.0,0.0,0.0,0.0,1.0
f2949899-e2fb-432e-a840-f68e281bcc36,5195.0,5195.0,0.0,5195.0,5195.0,0.0,0.0,0.0,1.0
f29bf3ca-01c3-4fc6-a613-34a2271c2af1,3050.0,3050.0,0.0,3050.0,3050.0,0.0,0.0,0.0,1.0
f2a7c824-17da-4bda-a695-142fbcfcb84e,5900.0,5900.0,0.0,5900.0,5900.0,0.0,0.0,0.0,1.0
f2afe089-2c20-42fe-8558-29ccf625bd11,6900.0,6900.0,0.0,6900.0,6900.0,0.0,0.0,0.0,1.0
f2bf92e9-b1db-4a92-819f-9497003d12ea,3995.0,3995.0,0.0,3995.0,3995.0,0.0,0.0,0.0,1.0
f2c95e0c-dfd9-43cf-af76-c07c71142f64,42900.0,42900.0,0.0,42900.0,42900.0,0.0,0.0,0.0,1.0
f2cdeada-6e73-4ccc-a958-12538bb4f28e,345.0,345.0,0.0,345.0,345.0,0.0,0.0,0.0,1.0
f2ce5d77-7072-4cec-a02b-f872acdd60a6,450.0,450.0,0.0,450.0,450.0,0.0,0.0,0.0,1.0
f2d045d6-b2d6-4729-a587-0f4aec384104,3400.0,3400.0,0.0,3400.0,3400.0,0.0,0.0,0.0,1.0
f2d6b694-7b2a-44b0-9752-0d1a62377ce2,1995.0,1995.0,0.0,1995.0,1995.0,0.0,0.0,0.0,1.0
f2e23d55-dbb9-46f5-98b8-6f5ebe7df0f3,3500.0,3500.0,0.0,3500.0,3500.0,0.0,0.0,0.0,1.0
f2f43592-8bd1-4f51-912d-da5b9d14c025,16900.0,16900.0,0.0,16900.0,16900.0,0.0,0.0,0.0,1.0
f2f9c609-531e-4b55-bb25-10d34f95330a,2995.0,2995.0,0.0,2995.0,2995.0,0.0,0.0,0.0,1.0
f31b794c-bed8-4cf2-b56e-16b8b1384d04,17900.0,17900.0,0.0,17900.0,17900.0,0.0,0.0,0.0,1.0
f31e3077-4218-4a79-b548-284b2b73b26d,1495.0,1495.0,0.0,1495.0,1495.0,0.0,0.0,0.0,1.0
f32c7e2b-51d2-4261-831c-2fda8c908dce,14900.0,14900.0,0.0,14900.0,14900.0,0.0,0.0,0.0,1.0
f3302e8b-36ad-4f68-b9c5-3d167812b509,2295.0,2295.0,0.0,2295.0,2295.0,0.0,0.0,0.0,1.0
f33347a2-e2a0-4306-842b-4e8bba975e24,895.0,895.0,0.0,895.0,895.0,0.0,0.0,0.0,1.0
f33360ca-68f7-47bb-bcfb-feee825db49f,5340.0,5340.0,0.0,5340.0,5340.0,0.0,0.0,0.0,1.0
f33a16b6-00f1-4859-a9df-42de38f04ede,800.0,800.0,0.0,800.0,800.0,0.0,0.0,0.0,1.0
f33ab27b-32dc-43e8-933d-93b566a9a44d,990.0,990.0,0.0,990.0,990.0,0.0,0.0,0.0,1.0
f33c9474-9b7d-45d4-84fa-90e6bb859698,4995.0,4995.0,0.0,4995.0,4995.0,0.0,0.0,0.0,1.0
f33df1e9-b8e6-4a96-aac2-a35a5b17107b,1295.0,1295.0,0.0,1295.0,1295.0,0.0,0.0,0.0,1.0
f3514192-2ea9-4ef8-81bf-6f526e67708e,2200.0,2200.0,0.0,2200.0,2200.0,0.0,0.0,0.0,1.0
f35b8944-4588-46c8-9a07-b4dc1464de68,5995.0,5995.0,0.0,5995.0,5995.0,0.0,0.0,0.0,1.0
f36a3b60-f94b-4e12-a17d-90b337bb217c,1995.0,1995.0,0.0,1995.0,1995.0,0.0,0.0,0.0,1.0
f36a640b-5a0e-4d27-9cb8-ea07ba7f90a6,2895.0,2895.0,0.0,2895.0,2895.0,0.0,0.0,0.0,1.0
f371a840-899e-4403-902a-22141058205a,3680.0,3680.0,0.0,3680.0,3680.0,0.0,0.0,0.0,1.0
f373daa1-1230-4c69-8d5a-98c69a184e4d,4995.0,4995.0,0.0,4995.0,4995.0,0.0,0.0,0.0,1.0
f37ea63d-a27c-4c64-82d1-752e676bd542,645.0,645.0,0.0,645.0,645.0,0.0,0.0,0.0,1.0
f381ae8b-5f3c-42d6-88b9-d41059061103,195.0,195.0,0.0,195.0,195.0,0.0,0.0,0.0,1.0
f382662f-a64b-4f78-8989-cdaa4d4b8aa5,80.0,80.0,0.0,80.0,80.0,0.0,0.0,0.0,1.0
f3931701-b864-49d1-ac6e-62e92d6e39f9,5995.0,5995.0,0.0,5995.0,5995.0,0.0,0.0,0.0,1.0
f3941e73-59e8-4136-96c5-a8250f67dbcb,2395.0,2395.0,0.0,2395.0,2395.0,0.0,0.0,0.0,1.0
f3943060-27ab-45e3-abb9-ce0e80cb7d8b,19900.0,19900.0,0.0,19900.0,19900.0,0.0,0.0,0.0,1.0
f39b2e8f-574c-4034-869a-8cb42bcd2427,3795.0,3795.0,0.0,3795.0,3795.0,0.0,0.0,0.0,1.0
f39b4387-e70a-4f08-baa1-b9a66617e574,4500.0,4500.0,0.0,4500.0,4500.0,0.0,0.0,0.0,1.0
f3a8a1e7-5823-4d19-aa02-3e61eb9f37d7,3995.0,3995.0,0.0,3995.0,3995.0,0.0,0.0,0.0,1.0
f3b23ae4-6ba5-4c1d-9227-c1624a26a52d,4995.0,4995.0,0.0,4995.0,4995.0,0.0,0.0,0.0,1.0
f3c340f8-357c-44e8-94f0-1dcd87501fd3,3395.0,3395.0,0.0,3395.0,3395.0,0.0,0.0,0.0,1.0
f3c3cd96-ca5c-4b49-9109-0effbf11608f,29900.0,29900.0,0.0,29900.0,29900.0,0.0,0.0,0.0,1.0
f3ca3cc9-3562-4963-a859-9198e309267c,2395.0,2395.0,0.0,2395.0,2395.0,0.0,0.0,0.0,1.0
f3cc2a66-c7d3-430d-9136-86766b71181b,8495.0,8495.0,0.0,8495.0,8495.0,0.0,0.0,0.0,1.0
f3ce45d4-ae19-4338-b197-b3e2c63b88df,10900.0,10900.0,0.0,10900.0,10900.0,0.0,0.0,0.0,1.0
f3cf24f9-70f4-4279-925d-b2d949a4c786,11900.0,11900.0,0.0,11900.0,11900.0,0.0,0.0,0.0,1.0
f3d167c6-efba-4c7b-8dae-5b958f87d188,1395.0,1395.0,0.0,1395.0,1395.0,0.0,0.0,0.0,1.0
f3d5a7fc-b028-4f50-bb20-2d9af329b12b,1795.0,1795.0,0.0,1795.0,1795.0,0.0,0.0,0.0,1.0
f3d640f8-b7ca-46dc-9381-0c088ea6dc36,9900.0,9900.0,0.0,9900.0,9900.0,0.0,0.0,0.0,1.0
f3d6e748-4e7a-41ed-91c5-e0f32d9b7fed,12900.0,12900.0,0.0,12900.0,12900.0,0.0,0.0,0.0,1.0
f3db70ab-d657-4ad4-ac5b-5463483daedf,4995.0,4995.0,0.0,4995.0,4995.0,0.0,0.0,0.0,1.0
f3dcca68-b036-4219-a16e-82c8d1846f7a,990.0,990.0,0.0,990.0,990.0,0.0,0.0,0.0,1.0
f3e95504-c95d-4c49-84f4-55b1622487a7,7390.0,7390.0,0.0,7390.0,7390.0,0.0,0.0,0.0,1.0
f3ea21ab-86bf-421e-bf06-23de29c8ae17,5140.0,5140.0,0.0,5140.0,5140.0,0.0,0.0,0.0,1.0
f3f008ed-70e8-4767-bd25-d0e08b3d3497,2200.0,2200.0,0.0,2200.0,2200.0,0.0,0.0,0.0,1.0
f3f94f9c-3106-444c-bb86-ea1dadb5bcab,13900.0,13900.0,0.0,13900.0,13900.0,0.0,0.0,0.0,1.0
f3fad019-5e9b-4aea-8a8e-0f3f351a31df,4465.0,4465.0,0.0,4465.0,4465.0,0.0,0.0,0.0,1.0
f401099f-db20-4111-ae3a-2f286babef2f,2295.0,2295.0,0.0,2295.0,2295.0,0.0,0.0,0.0,1.0
f4092a4c-2148-458c-87ae-b725d46fafae,20900.0,20900.0,0.0,20900.0,20900.0,0.0,0.0,0.0,1.0
f40d3b20-a988-439a-ae62-9b896b1b97a2,30900.0,30900.0,0.0,30900.0,30900.0,0.0,0.0,0.0,1.0
f40d7a20-b072-4771-b856-ce7a16ca3226,13900.0,13900.0,0.0,13900.0,13900.0,0.0,0.0,0.0,1.0
f40e436f-71d7-4c7e-b062-f1d6f79da42d,9900.0,9900.0,0.0,9900.0,9900.0,0.0,0.0,0.0,1.0
f413013c-fb8a-4882-9f57-39392b0521bf,3995.0,3995.0,0.0,3995.0,3995.0,0.0,0.0,0.0,1.0
f4131a3a-ec19-424e-85b3-d7f0af497722,4295.0,4295.0,0.0,4295.0,4295.0,0.0,0.0,0.0,1.0
f41373d0-1d74-489c-8378-b4cef2b77ea2,1045.0,1045.0,0.0,1045.0,1045.0,0.0,0.0,0.0,1.0
f422f11e-e919-4eab-816e-7f437acc6089,3865.0,3865.0,0.0,3865.0,3865.0,0.0,0.0,0.0,1.0
f43c7813-6490-4f5f-bdb2-53f736050f8b,3000.0,3000.0,0.0,3000.0,3000.0,0.0,0.0,0.0,1.0
f44555a8-2b51-4b35-a4cc-4adf375ce095,9900.0,9900.0,0.0,9900.0,9900.0,0.0,0.0,0.0,1.0
f44582ee-75d3-4545-a500-04d50c19d7ff,995.0,995.0,0.0,995.0,995.0,0.0,0.0,0.0,1.0
f447757c-b1ce-4ae5-93e9-9523d8732def,945.0,945.0,0.0,945.0,945.0,0.0,0.0,0.0,1.0
f452e342-f07e-4509-b07d-0b9f745e239f,6995.0,6995.0,0.0,6995.0,6995.0,0.0,0.0,0.0,1.0
f455cfd5-315c-4461-a347-19c49c4022fb,2895.0,2895.0,848.5281374238571,2295.0,3495.0,600.0,0.29310125645038243,1200.0,1.522875816993464
f4578ff5-0fa0-4e7b-8bab-d4dd3d08634f,285.0,285.0,0.0,285.0,285.0,0.0,0.0,0.0,1.0
f45d6ccc-baa9-4643-8373-621709f2b095,1225.0,1225.0,0.0,1225.0,1225.0,0.0,0.0,0.0,1.0
f45ed1bc-8fd7-459f-81d8-cf46f0cccbae,1695.0,1695.0,0.0,1695.0,1695.0,0.0,0.0,0.0,1.0
f465b902-66d7-4b99-a455-b60fa95c7ffb,4995.0,4995.0,0.0,4995.0,4995.0,0.0,0.0,0.0,1.0
f46ae6be-4169-47e1-b1f5-226a8d99c35d,8900.0,8900.0,0.0,8900.0,8900.0,0.0,0.0,0.0,1.0
f46da489-acab-4263-85e6-4351e2b7bf4b,895.0,895.0,0.0,895.0,895.0,0.0,0.0,0.0,1.0
f471ae29-eab0-41b1-ab89-2658eec7c4d6,4295.0,4295.0,0.0,4295.0,4295.0,0.0,0.0,0.0,1.0
f47c880d-1213-42b2-8873-6d11e1248441,695.0,695.0,0.0,695.0,695.0,0.0,0.0,0.0,1.0
f47d428a-079b-4e30-bb0a-1f12b383381f,895.0,895.0,0.0,895.0,895.0,0.0,0.0,0.0,1.0
f48cbd2b-8eaa-4baa-9271-6a45a6626246,3440.0,3440.0,0.0,3440.0,3440.0,0.0,0.0,0.0,1.0
f493606d-ce30-4266-9aca-c5050062d44f,695.0,695.0,0.0,695.0,695.0,0.0,0.0,0.0,1.0
f494864a-a1eb-4f84-a5d1-01390927ca43,1695.0,1695.0,0.0,1695.0,1695.0,0.0,0.0,0.0,1.0
f4a2589b-06a8-4fa2-83bd-afb97103c11f,10900.0,10900.0,0.0,10900.0,10900.0,0.0,0.0,0.0,1.0
f4a7e2c7-3abf-4f85-b9f1-ae4b46f63105,5995.0,5995.0,0.0,5995.0,5995.0,0.0,0.0,0.0,1.0
f4acecb3-bf4d-452f-8f50-b072001af3f5,4995.0,4995.0,0.0,4995.0,4995.0,0.0,0.0,0.0,1.0
f4ae9c92-4977-4b48-aadf-e6d79c322626,445.0,445.0,0.0,445.0,445.0,0.0,0.0,0.0,1.0
f4c06f98-8b87-4f12-b853-87f0be5c2277,485.0,485.0,0.0,485.0,485.0,0.0,0.0,0.0,1.0
f4c7d7d3-40f5-403d-ac17-54e0c2362164,95.0,95.0,0.0,95.0,95.0,0.0,0.0,0.0,1.0
f4cad7b4-5910-4631-96c3-08450adba94d,54900.0,54900.0,0.0,54900.0,54900.0,0.0,0.0,0.0,1.0
f4d1129b-fb71-41ec-8fe0-5ba968e6daad,4200.0,4200.0,0.0,4200.0,4200.0,0.0,0.0,0.0,1.0
f4dcf3fe-7962-4d83-8941-8d36df2f1f92,1095.0,1095.0,0.0,1095.0,1095.0,0.0,0.0,0.0,1.0
f4e1770f-d5f3-4a8d-8524-a7d8938a4090,1290.0,1290.0,0.0,1290.0,1290.0,0.0,0.0,0.0,1.0
f4f8980a-d829-4bf6-bd5f-4eb9b1c05352,1795.0,1795.0,0.0,1795.0,1795.0,0.0,0.0,0.0,1.0
f50dbdf6-a6f3-4b85-89e7-54dfe85a43fe,3995.0,3995.0,0.0,3995.0,3995.0,0.0,0.0,0.0,1.0
f51346a4-d0cf-44db-8de4-754232b1bf89,24900.0,24900.0,0.0,24900.0,24900.0,0.0,0.0,0.0,1.0
f51dd44d-fc82-4342-99d6-761466955c8e,3795.0,3795.0,0.0,3795.0,3795.0,0.0,0.0,0.0,1.0
f5290f7c-d979-487c-800f-03db0b2680e0,1395.0,1395.0,0.0,1395.0,1395.0,0.0,0.0,0.0,1.0
f529fddf-961f-4b09-8528-4c7e46acec8b,2695.0,2695.0,0.0,2695.0,2695.0,0.0,0.0,0.0,1.0
f52c414f-2ed5-4d8f-8cb9-64053df92bff,14900.0,14900.0,0.0,14900.0,14900.0,0.0,0.0,0.0,1.0
f52da5ec-a2c7-4867-9fd8-c3a21d1518a3,4995.0,4995.0,0.0,4995.0,4995.0,0.0,0.0,0.0,1.0
f53241c7-7f36-42f8-987f-bdc7981894b8,545.0,545.0,0.0,545.0,545.0,0.0,0.0,0.0,1.0
f53b99b6-8500-4120-9ba9-4be863178686,2990.0,2990.0,0.0,2990.0,2990.0,0.0,0.0,0.0,1.0
f54b34c1-2df2-44d3-b6f1-dba48a31a019,4900.0,4900.0,0.0,4900.0,4900.0,0.0,0.0,0.0,1.0
f553a40f-c8d3-40cc-bfb7-b9f8e4587bee,2000.0,2000.0,0.0,2000.0,2000.0,0.0,0.0,0.0,1.0
f55b4f0f-384d-4d63-b193-27186a276c39,1895.0,1895.0,0.0,1895.0,1895.0,0.0,0.0,0.0,1.0
f56290a6-f467-4114-af72-8e8e3adb576c,1395.0,1395.0,0.0,1395.0,1395.0,0.0,0.0,0.0,1.0
f563d3a2-6f67-483f-b650-7b6a1e80aaa5,9590.0,9590.0,0.0,9590.0,9590.0,0.0,0.0,0.0,1.0
f5649204-7101-46b1-867e-8c9f247da28e,2095.0,2095.0,0.0,2095.0,2095.0,0.0,0.0,0.0,1.0
f56874fa-a6a1-455d-8e12-5e3bb38d8eb4,16900.0,16900.0,0.0,16900.0,16900.0,0.0,0.0,0.0,1.0
f56bb077-6199-4b40-bb4b-31eb8d8bdaea,35900.0,35900.0,0.0,35900.0,35900.0,0.0,0.0,0.0,1.0
f56ffe11-7ca3-44c9-a84b-ba9631dbc227,10500.0,10500.0,0.0,10500.0,10500.0,0.0,0.0,0.0,1.0
f57317b1-2ff6-490d-a80f-68569f11c69b,140.0,140.0,0.0,140.0,140.0,0.0,0.0,0.0,1.0
f577e23b-e30a-4eb1-83c4-6942fea45d31,16900.0,16900.0,0.0,16900.0,16900.0,0.0,0.0,0.0,1.0
f578d39f-6c06-4d65-aa43-df6732942103,5295.0,5295.0,0.0,5295.0,5295.0,0.0,0.0,0.0,1.0
f5842e18-fa3a-4d84-bac9-b7525927b752,4600.0,4600.0,0.0,4600.0,4600.0,0.0,0.0,0.0,1.0
f58ba76a-8dfa-4200-8383-25c21d251de7,495.0,495.0,0.0,495.0,495.0,0.0,0.0,0.0,1.0
f58bf2d1-a90d-43ad-aa08-b96c9fac1ce1,9900.0,9900.0,0.0,9900.0,9900.0,0.0,0.0,0.0,1.0
f59657cd-008b-4ff5-870c-68ead4490c1b,4495.0,4495.0,0.0,4495.0,4495.0,0.0,0.0,0.0,1.0
f59c1146-b460-4adf-9f5e-2a864a054af8,2995.0,2995.0,0.0,2995.0,2995.0,0.0,0.0,0.0,1.0
f5aab2e3-8fdd-41d6-af9b-59d89c9406ae,3595.0,3595.0,0.0,3595.0,3595.0,0.0,0.0,0.0,1.0
f5b57883-0d62-4ad8-aaf6-475743e08a9e,895.0,895.0,0.0,895.0,895.0,0.0,0.0,0.0,1.0
f5b5e151-d8b7-4a68-bea1-dd4d5c4bd0d3,2295.0,2295.0,0.0,2295.0,2295.0,0.0,0.0,0.0,1.0
f5bc4030-71aa-4da3-a3f0-ea54f40461ed,5995.0,5995.0,0.0,5995.0,5995.0,0.0,0.0,0.0,1.0
f5d84368-3463-4f18-b6fc-5f996595047e,1795.0,1795.0,0.0,1795.0,1795.0,0.0,0.0,0.0,1.0
f5eb09c1-5c11-46ed-b6be-ca10980d8d3e,12500.0,12500.0,0.0,12500.0,12500.0,0.0,0.0,0.0,1.0
f5ec225b-88ba-49f8-b19c-1aca26eae55f,650.0,650.0,0.0,650.0,650.0,0.0,0.0,0.0,1.0
f5ef8678-eaee-4086-a702-5a3cfbb9ef4c,265.0,265.0,0.0,265.0,265.0,0.0,0.0,0.0,1.0
f605d479-9596-4de5-bc8e-716c49d6a980,1995.0,1995.0,0.0,1995.0,1995.0,0.0,0.0,0.0,1.0
f60c2cf0-8ee9-4ad6-afab-bd8c8c923c34,1995.0,1995.0,0.0,1995.0,1995.0,0.0,0.0,0.0,1.0
f61074bb-af3f-40a3-b662-2475f1c6b46c,395.0,395.0,0.0,395.0,395.0,0.0,0.0,0.0,1.0
f6179d4c-fabc-4840-9842-038f9cb007bc,545.0,545.0,0.0,545.0,545.0,0.0,0.0,0.0,1.0
f61f313c-0b3e-4734-a7cb-e24d5662d917,13900.0,13900.0,0.0,13900.0,13900.0,0.0,0.0,0.0,1.0
f6260534-148e-4a28-9ebb-229829f29232,2295.0,2295.0,0.0,2295.0,2295.0,0.0,0.0,0.0,1.0
f62716e5-c911-4fd4-9626-e0db987911ec,18900.0,18900.0,0.0,18900.0,18900.0,0.0,0.0,0.0,1.0
f629517f-de75-45ff-b5d2-c013bf3e0cf7,2995.0,2995.0,0.0,2995.0,2995.0,0.0,0.0,0.0,1.0
f62e8c06-321a-495d-91b8-d9695652414b,4799.0,4799.0,0.0,4799.0,4799.0,0.0,0.0,0.0,1.0
f63d14b1-e7d1-4bb0-b456-572227bb8825,445.0,445.0,0.0,445.0,445.0,0.0,0.0,0.0,1.0
f6432c81-c78c-4b6c-8830-fb4a7b86e220,5995.0,5995.0,0.0,5995.0,5995.0,0.0,0.0,0.0,1.0
f644230c-3a7a-4850-886f-a42ae1e7acde,1795.0,1795.0,0.0,1795.0,1795.0,0.0,0.0,0.0,1.0
f656446f-f883-4fce-8db4-531fdc63668f,1995.0,1995.0,0.0,1995.0,1995.0,0.0,0.0,0.0,1.0
f6676eeb-cba8-40f9-bf9a-b2b61aab9e05,1695.0,1695.0,0.0,1695.0,1695.0,0.0,0.0,0.0,1.0
f667f232-0026-4e01-84b8-4ed6af891d23,2995.0,2995.0,0.0,2995.0,2995.0,0.0,0.0,0.0,1.0
f675da99-a509-4f48-a790-3bc9075b0e64,14900.0,14900.0,0.0,14900.0,14900.0,0.0,0.0,0.0,1.0
f6796345-316a-4b62-abbf-90e73bdecf85,12480.0,12480.0,0.0,12480.0,12480.0,0.0,0.0,0.0,1.0
f67c1eeb-17a7-4a2d-b79e-ef5a38984d71,10500.0,10500.0,0.0,10500.0,10500.0,0.0,0.0,0.0,1.0
f67e4db8-15eb-46a8-a1c5-86a664245704,465.0,465.0,0.0,465.0,465.0,0.0,0.0,0.0,1.0
f67f1ec3-0d5a-4c83-a6a0-cd67856fa615,1795.0,1795.0,0.0,1795.0,1795.0,0.0,0.0,0.0,1.0
f687881c-64bc-485a-ab06-3046b9799771,2600.0,2600.0,0.0,2600.0,2600.0,0.0,0.0,0.0,1.0
f690882a-f6c3-415a-a65f-71dc8460a30e,17900.0,17900.0,0.0,17900.0,17900.0,0.0,0.0,0.0,1.0
f691a863-e8fe-4622-87e8-68117efcae3c,4800.0,4800.0,0.0,4800.0,4800.0,0.0,0.0,0.0,1.0
f693f191-21f7-42ad-bb75-8d7c14e00484,1500.0,1500.0,0.0,1500.0,1500.0,0.0,0.0,0.0,1.0
f69a7e57-38c6-469a-a8ff-b1566dd1143b,6495.0,6495.0,0.0,6495.0,6495.0,0.0,0.0,0.0,1.0
f69ae7bf-7a74-4ca6-9908-c3ba0a05bcb5,385.0,385.0,0.0,385.0,385.0,0.0,0.0,0.0,1.0
f69e8a7d-a067-47d4-b483-eed6391fecf8,1650.0,1650.0,0.0,1650.0,1650.0,0.0,0.0,0.0,1.0
f69fe11a-0891-4e6a-afed-49fea438e88f,3060.0,3060.0,0.0,3060.0,3060.0,0.0,0.0,0.0,1.0
f6ab46ab-0a8e-4c7b-ba51-9ce823ad286f,695.0,695.0,0.0,695.0,695.0,0.0,0.0,0.0,1.0
f6af66db-e9b0-43a2-b78b-ed1b2a4c9f67,240.0,240.0,0.0,240.0,240.0,0.0,0.0,0.0,1.0
f6b1aa3a-1067-4562-997a-e9ffd1a8b369,4495.0,4495.0,0.0,4495.0,4495.0,0.0,0.0,0.0,1.0
f6c86ea2-fec7-4735-b6e1-1fbb1d238365,35900.0,35900.0,0.0,35900.0,35900.0,0.0,0.0,0.0,1.0
f6ebd248-46eb-41ff-af07-82e049ed9c99,285.0,285.0,0.0,285.0,285.0,0.0,0.0,0.0,1.0
f6f60574-d59c-4270-99e1-7ebd792f0a30,32900.0,32900.0,0.0,32900.0,32900.0,0.0,0.0,0.0,1.0
f7015513-13a1-436f-8409-f6253fca7c20,13900.0,13900.0,0.0,13900.0,13900.0,0.0,0.0,0.0,1.0
f702958e-2b5b-4e61-a608-c001542dd79c,5670.0,5670.0,0.0,5670.0,5670.0,0.0,0.0,0.0,1.0
f706bc2d-247d-48b7-a167-0bbcf59d24f8,1095.0,1095.0,0.0,1095.0,1095.0,0.0,0.0,0.0,1.0
f70ab607-ec93-494a-93ab-36a8a3dfd2f4,13900.0,13900.0,0.0,13900.0,13900.0,0.0,0.0,0.0,1.0
f70e970b-ed09-48a3-995a-72f083d9e27e,14500.0,14500.0,0.0,14500.0,14500.0,0.0,0.0,0.0,1.0
f70f2396-463a-4fd3-8877-d090a4ab88ac,8295.0,8295.0,0.0,8295.0,8295.0,0.0,0.0,0.0,1.0
f71e7cd9-8c20-404f-9f7e-c6e56eaffb89,10800.0,10800.0,0.0,10800.0,10800.0,0.0,0.0,0.0,1.0
f72da3f1-3c20-46b3-9ebb-898ad1df4ea0,2695.0,2695.0,0.0,2695.0,2695.0,0.0,0.0,0.0,1.0
f7302e4a-7dec-41a6-b5f6-5646b60209d4,8900.0,8900.0,0.0,8900.0,8900.0,0.0,0.0,0.0,1.0
f7370b71-bfac-409e-9734-d1b26d7b5c26,44900.0,44900.0,0.0,44900.0,44900.0,0.0,0.0,0.0,1.0
f738aacf-e0d0-46b8-acab-1ed652193bca,8900.0,8900.0,0.0,8900.0,8900.0,0.0,0.0,0.0,1.0
f73a202c-d428-436a-8b5c-375550859181,2145.0,2145.0,0.0,2145.0,2145.0,0.0,0.0,0.0,1.0
f7435b55-c1f2-4e42-9468-884337a5e0f8,780.0,780.0,0.0,780.0,780.0,0.0,0.0,0.0,1.0
f745865e-8d8a-4784-91e2-f9c17aedd373,460.0,460.0,0.0,460.0,460.0,0.0,0.0,0.0,1.0
f74cbc37-c20a-4bad-85b1-87965c64965a,1615.0,1615.0,0.0,1615.0,1615.0,0.0,0.0,0.0,1.0
f7547803-ce2b-4c0a-8bb7-db4408ca286d,545.0,545.0,0.0,545.0,545.0,0.0,0.0,0.0,1.0
f760496d-3f0d-4ba6-802b-6813deee2b41,1800.0,1800.0,0.0,1800.0,1800.0,0.0,0.0,0.0,1.0
f761ccc8-f13b-43c5-8b51-ed3594162f70,14900.0,14900.0,0.0,14900.0,14900.0,0.0,0.0,0.0,1.0
f76e678d-3fa6-4d26-a92f-915b656eea4d,89.0,89.0,0.0,89.0,89.0,0.0,0.0,0.0,1.0
f76fdea6-f4d3-46da-b297-c130ba685a35,845.0,845.0,0.0,845.0,845.0,0.0,0.0,0.0,1.0
f77134df-01eb-4f2d-ad73-413fad4249d2,695.0,695.0,0.0,695.0,695.0,0.0,0.0,0.0,1.0
f77772d8-0c13-4951-bfbe-8249cb1e428e,6495.0,6495.0,0.0,6495.0,6495.0,0.0,0.0,0.0,1.0
f77ae986-68f2-4d61-941c-7463e45de638,1350.0,1350.0,0.0,1350.0,1350.0,0.0,0.0,0.0,1.0
f77d69dd-a7e5-49b0-8aeb-00397e230280,13900.0,13900.0,0.0,13900.0,13900.0,0.0,0.0,0.0,1.0
f77ea362-ea0e-46fa-9893-3d12504bba86,2995.0,2995.0,0.0,2995.0,2995.0,0.0,0.0,0.0,1.0
f77ecb51-89c3-4b0c-bd2f-6314e670f9c3,1890.0,1890.0,0.0,1890.0,1890.0,0.0,0.0,0.0,1.0
f782ff01-c85c-47b8-9b0d-53d21620dba4,33900.0,33900.0,0.0,33900.0,33900.0,0.0,0.0,0.0,1.0
f7849119-984f-446d-af76-5c5ef2730365,12900.0,12900.0,0.0,12900.0,12900.0,0.0,0.0,0.0,1.0
f78d6bea-e44c-4190-9c64-66e350d278ee,9500.0,9500.0,0.0,9500.0,9500.0,0.0,0.0,0.0,1.0
f78f3226-b035-4419-ad95-847cb2883d38,120.0,120.0,0.0,120.0,120.0,0.0,0.0,0.0,1.0
f793cd34-70f5-43f1-833e-bc15f2aec9e6,1345.0,1345.0,0.0,1345.0,1345.0,0.0,0.0,0.0,1.0
f79db0bd-0efe-4561-9719-f79cb7887a15,495.0,495.0,0.0,495.0,495.0,0.0,0.0,0.0,1.0
f7a098a4-b022-48c6-89c1-de096b1b77ed,11900.0,11900.0,0.0,11900.0,11900.0,0.0,0.0,0.0,1.0
f7b597b3-2862-4b8e-b17a-2559863f6b87,2770.0,2770.0,0.0,2770.0,2770.0,0.0,0.0,0.0,1.0
f7b5f405-151c-4b46-99e1-0e8406ed823c,12900.0,12900.0,0.0,12900.0,12900.0,0.0,0.0,0.0,1.0
f7badae5-07df-4d67-af7b-bd492f409724,595.0,595.0,0.0,595.0,595.0,0.0,0.0,0.0,1.0
f7c26701-043a-46f3-8631-a4110c71df69,4495.0,4495.0,0.0,4495.0,4495.0,0.0,0.0,0.0,1.0
f7c3729c-4674-4b9b-b8d6-699e40ca88d3,9900.0,9900.0,0.0,9900.0,9900.0,0.0,0.0,0.0,1.0
f7c8cc5c-229e-4121-99a9-962ca5bcc317,1645.0,1645.0,0.0,1645.0,1645.0,0.0,0.0,0.0,1.0
f7d00f3f-7929-4757-9823-1fa2baedf6f9,7495.0,7495.0,0.0,7495.0,7495.0,0.0,0.0,0.0,1.0
f7e2b9fe-eb56-4dd4-827f-7bbe2453db08,39900.0,39900.0,0.0,39900.0,39900.0,0.0,0.0,0.0,1.0
f7e6622a-6b09-4a4f-884a-8d52de5412aa,4595.0,4595.0,0.0,4595.0,4595.0,0.0,0.0,0.0,1.0
f7e8dd90-d918-4011-80e1-d32f6802c40a,910.0,910.0,0.0,910.0,910.0,0.0,0.0,0.0,1.0
f7eb4fc0-4375-417a-9131-741155844b53,7900.0,7900.0,0.0,7900.0,7900.0,0.0,0.0,0.0,1.0
f80068c8-4bec-4950-a126-8eb43c15aecd,1020.0,1020.0,0.0,1020.0,1020.0,0.0,0.0,0.0,1.0
f8082c9c-c595-4f5a-a7f4-71cd39d1a88d,1195.0,1195.0,0.0,1195.0,1195.0,0.0,0.0,0.0,1.0
f814deca-4071-4882-91ec-e6dca30cb4e2,1495.0,1495.0,0.0,1495.0,1495.0,0.0,0.0,0.0,1.0
f815394b-795a-4b93-ab54-e70b13da237f,2695.0,2695.0,0.0,2695.0,2695.0,0.0,0.0,0.0,1.0
f817dc38-3dc9-41cb-baeb-0be098797c14,1895.0,1895.0,0.0,1895.0,1895.0,0.0,0.0,0.0,1.0
f81e631a-5758-4910-9ef2-1f2eb91b3055,27900.0,27900.0,0.0,27900.0,27900.0,0.0,0.0,0.0,1.0
f820c8bd-c339-41f4-be65-c997a4f4f32c,5995.0,5995.0,0.0,5995.0,5995.0,0.0,0.0,0.0,1.0
f8227789-3cc4-4b04-b7b7-d3db021bc472,2195.0,2195.0,0.0,2195.0,2195.0,0.0,0.0,0.0,1.0
f822f942-91f2-4f1e-a9ef-20354a628c5b,13900.0,13900.0,0.0,13900.0,13900.0,0.0,0.0,0.0,1.0
f827b5e7-1645-43e9-b976-4006248b999e,2850.0,2850.0,0.0,2850.0,2850.0,0.0,0.0,0.0,1.0
f83b6ed2-bb91-4e60-9c44-8255cf1cb75a,6995.0,6995.0,0.0,6995.0,6995.0,0.0,0.0,0.0,1.0
f83fb642-caba-439a-9798-4787946004bd,2295.0,2295.0,0.0,2295.0,2295.0,0.0,0.0,0.0,1.0
f83fe1d9-99ab-44db-bbc1-f69e28f724f1,1799.0,1799.0,0.0,1799.0,1799.0,0.0,0.0,0.0,1.0
f8417a3c-4541-46e9-8421-dc99a6b97951,2700.0,2700.0,0.0,2700.0,2700.0,0.0,0.0,0.0,1.0
f84756ac-11c1-42cc-a613-45be798772ef,6195.0,6195.0,0.0,6195.0,6195.0,0.0,0.0,0.0,1.0
f84b87f1-1c64-452a-b466-5832a670f816,1795.0,1795.0,0.0,1795.0,1795.0,0.0,0.0,0.0,1.0
f85414fd-9b0e-4974-8e01-7ed3ca8cca1b,15500.0,15500.0,0.0,15500.0,15500.0,0.0,0.0,0.0,1.0
f85ae7d0-24b6-4533-91b4-f57dca5dbcf3,2030.0,2030.0,0.0,2030.0,2030.0,0.0,0.0,0.0,1.0
f8764841-f356-4fb8-8602-d6d7706b8ef7,1495.0,1495.0,0.0,1495.0,1495.0,0.0,0.0,0.0,1.0
f884357f-a255-4934-b729-4d77c12f06c9,3495.0,3495.0,0.0,3495.0,3495.0,0.0,0.0,0.0,1.0
f8857b7d-4f9c-4a3b-9fa5-225645a59edc,1245.0,1245.0,0.0,1245.0,1245.0,0.0,0.0,0.0,1.0
f888952b-54eb-4a29-b55c-d40f89c117a6,2995.0,2995.0,0.0,2995.0,2995.0,0.0,0.0,0.0,1.0
f88a27f3-f501-40f7-9435-e79e7eddaaf3,10500.0,10500.0,0.0,10500.0,10500.0,0.0,0.0,0.0,1.0
f88d095c-c1e9-473b-871a-707530ed4f03,28900.0,28900.0,0.0,28900.0,28900.0,0.0,0.0,0.0,1.0
f8989dfd-1754-4107-be89-362a1507a51b,2650.0,2650.0,0.0,2650.0,2650.0,0.0,0.0,0.0,1.0
f8a1e79b-ce4c-4d16-b117-d51902a08835,39900.0,39900.0,0.0,39900.0,39900.0,0.0,0.0,0.0,1.0
f8a6d432-9409-429b-8b92-2e8c08fa1f1f,7995.0,7995.0,0.0,7995.0,7995.0,0.0,0.0,0.0,1.0
f8ab17fe-fea5-4217-bd54-c5e80825f2e3,2795.0,2795.0,0.0,2795.0,2795.0,0.0,0.0,0.0,1.0
f8ac4782-ad67-4e11-9564-88aa0b5dd300,23900.0,23900.0,0.0,23900.0,23900.0,0.0,0.0,0.0,1.0
f8adedc4-4b9e-4206-ae9d-305982fe4db9,10500.0,10500.0,0.0,10500.0,10500.0,0.0,0.0,0.0,1.0
f8af0162-4560-4cde-9fe1-c4c8ee58a999,395.0,395.0,0.0,395.0,395.0,0.0,0.0,0.0,1.0
f8b1e0dc-5ef9-43b9-82c7-8f1fce7712b9,4695.0,4695.0,0.0,4695.0,4695.0,0.0,0.0,0.0,1.0
f8bb0cec-8b31-4b12-b865-78f4aa6a9863,7400.0,7400.0,0.0,7400.0,7400.0,0.0,0.0,0.0,1.0
f8bbf639-0cbd-4117-a2f5-accd4e5ebd02,100.0,100.0,0.0,100.0,100.0,0.0,0.0,0.0,1.0
f8cbf18f-9399-4ac5-a397-780ef2f688ad,6830.0,6830.0,0.0,6830.0,6830.0,0.0,0.0,0.0,1.0
f8d3d8fa-fa27-4d0f-8952-f8aa0b81c844,2395.0,2395.0,0.0,2395.0,2395.0,0.0,0.0,0.0,1.0
f8ddcdc6-8f0e-4129-827a-4be17a8e3cb5,995.0,995.0,0.0,995.0,995.0,0.0,0.0,0.0,1.0
f8de3ca6-3f10-4cae-a34e-1ff6aeefd981,415.0,415.0,0.0,415.0,415.0,0.0,0.0,0.0,1.0
f8ea7dfb-9192-403d-8304-da560b5de9f9,8995.0,8995.0,0.0,8995.0,8995.0,0.0,0.0,0.0,1.0
f8edfc16-91c2-46cc-8795-08a1787e3164,4280.0,4280.0,0.0,4280.0,4280.0,0.0,0.0,0.0,1.0
f8eff729-af78-422b-a2d4-549f67937946,6495.0,6495.0,0.0,6495.0,6495.0,0.0,0.0,0.0,1.0
f8f27ff2-73ae-48ac-a972-eced96009883,9500.0,9500.0,0.0,9500.0,9500.0,0.0,0.0,0.0,1.0
f8f75b91-e86b-43e1-af4b-644d1826dbcc,1995.0,1995.0,0.0,1995.0,1995.0,0.0,0.0,0.0,1.0
f8ff8423-a5ce-4621-8cec-584e2cda5e9a,1980.0,1980.0,0.0,1980.0,1980.0,0.0,0.0,0.0,1.0
f9088ae3-5aa1-4615-809b-08f870cebde3,50.0,50.0,0.0,50.0,50.0,0.0,0.0,0.0,1.0
f90bc65e-d728-449c-9829-77dee8391406,995.0,995.0,0.0,995.0,995.0,0.0,0.0,0.0,1.0
f90ee324-be1e-4547-b4d7-6f6ffcc899d6,12900.0,12900.0,0.0,12900.0,12900.0,0.0,0.0,0.0,1.0
f9202942-bd4c-4c4e-b7a8-e35be0a68e32,10900.0,10900.0,0.0,10900.0,10900.0,0.0,0.0,0.0,1.0
f924bf25-b8ed-4c62-b1e8-a559d50a3aa6,11000.0,11000.0,0.0,11000.0,11000.0,0.0,0.0,0.0,1.0
f92644b3-a803-4416-9b13-28216d6835b0,13500.0,13500.0,0.0,13500.0,13500.0,0.0,0.0,0.0,1.0
f92ce0c5-431f-464b-96e8-5ff26e2d7c89,15900.0,15900.0,0.0,15900.0,15900.0,0.0,0.0,0.0,1.0
f92d28c7-594c-4498-9bfd-45b3dc70cbd6,8500.0,8500.0,0.0,8500.0,8500.0,0.0,0.0,0.0,1.0
f93132b1-b63b-46ef-9d99-2b45acc7e160,1095.0,1095.0,0.0,1095.0,1095.0,0.0,0.0,0.0,1.0
f932f0ed-9801-46cc-89c6-6a541c2e8fcf,155.0,155.0,0.0,155.0,155.0,0.0,0.0,0.0,1.0
f93cf88f-0333-4321-984e-8cb0ff6d1307,895.0,895.0,0.0,895.0,895.0,0.0,0.0,0.0,1.0
f95e32e1-3ca3-4b6e-9c88-305cc667e274,1795.0,1795.0,0.0,1795.0,1795.0,0.0,0.0,0.0,1.0
f964babe-37e6-4d9b-b0c3-336bbbb2b513,2700.0,2700.0,0.0,2700.0,2700.0,0.0,0.0,0.0,1.0
f977b0c9-499b-4892-8199-efeb574cedfa,3495.0,3495.0,0.0,3495.0,3495.0,0.0,0.0,0.0,1.0
f98d35cf-8744-4858-973d-6fcf19bafb82,2850.0,2850.0,0.0,2850.0,2850.0,0.0,0.0,0.0,1.0
f9996c7e-ce68-49b0-af87-5c5ff57c828f,10500.0,10500.0,0.0,10500.0,10500.0,0.0,0.0,0.0,1.0
f9aaaeda-137f-49c5-92f3-54318331c22e,1095.0,1095.0,0.0,1095.0,1095.0,0.0,0.0,0.0,1.0
f9b038cb-c8a2-460a-9fe5-e2b5837e59be,1495.0,1495.0,0.0,1495.0,1495.0,0.0,0.0,0.0,1.0
f9ba3b28-3b42-4dc3-b698-986a80ca12bf,55.0,55.0,0.0,55.0,55.0,0.0,0.0,0.0,1.0
f9dcfb2d-b5c0-475b-bff5-6e9ab57d6c19,995.0,995.0,0.0,995.0,995.0,0.0,0.0,0.0,1.0
f9dd1fe3-6842-4ddc-9c76-3cef8c5ee84a,495.0,495.0,0.0,495.0,495.0,0.0,0.0,0.0,1.0
f9ec518f-7c74-4a81-86b0-51faf64ade95,3299.0,3299.0,0.0,3299.0,3299.0,0.0,0.0,0.0,1.0
f9fb18e9-b1e6-4022-8645-ce82464a8117,995.0,995.0,0.0,995.0,995.0,0.0,0.0,0.0,1.0
f9fba58d-c583-4ff3-95ac-87bf43c9d668,7200.0,7200.0,0.0,7200.0,7200.0,0.0,0.0,0.0,1.0
fa0c0d81-853c-42fd-b6b0-5c15dd6b3a7f,22900.0,22900.0,0.0,22900.0,22900.0,0.0,0.0,0.0,1.0
fa1879cd-29b5-4c0a-8b7e-a7e66c888d22,3295.0,3295.0,0.0,3295.0,3295.0,0.0,0.0,0.0,1.0
fa1bf5f6-2438-4dc7-b63b-d865bcad487d,650.0,650.0,0.0,650.0,650.0,0.0,0.0,0.0,1.0
fa21f852-926b-484e-b25e-a288446299a2,2095.0,2095.0,0.0,2095.0,2095.0,0.0,0.0,0.0,1.0
fa2259b3-0cdc-465e-bea0-151763e698dd,2700.0,2700.0,0.0,2700.0,2700.0,0.0,0.0,0.0,1.0
fa3221fc-3536-4121-a1dd-15639a48049a,30900.0,30900.0,0.0,30900.0,30900.0,0.0,0.0,0.0,1.0
fa32d703-30d4-46ac-9013-0f2d96d86922,265.0,265.0,0.0,265.0,265.0,0.0,0.0,0.0,1.0
fa3dd7ac-dfd7-48bb-abed-f4a2e7909546,525.0,525.0,0.0,525.0,525.0,0.0,0.0,0.0,1.0
fa41f9c3-6581-4260-827b-c91599dba435,3995.0,3995.0,0.0,3995.0,3995.0,0.0,0.0,0.0,1.0
fa458622-e270-4094-b99f-5154d037c8a1,3795.0,3795.0,0.0,3795.0,3795.0,0.0,0.0,0.0,1.0
fa505529-9c82-4817-b4cf-6a8e13f9499d,12900.0,12900.0,0.0,12900.0,12900.0,0.0,0.0,0.0,1.0
fa555390-3edd-4b5a-9cb4-53076a9537d4,700.0,700.0,0.0,700.0,700.0,0.0,0.0,0.0,1.0
fa6347f7-a1f7-4beb-9056-550629cdb599,1400.0,1400.0,0.0,1400.0,1400.0,0.0,0.0,0.0,1.0
fa6c0308-2ef6-4b94-a362-1e88151936ab,845.0,845.0,0.0,845.0,845.0,0.0,0.0,0.0,1.0
fa7104ec-42c4-486f-bec7-5ee89ec531b3,10900.0,10900.0,0.0,10900.0,10900.0,0.0,0.0,0.0,1.0
fa736c76-7e01-458e-9183-dbbb46880663,260.0,260.0,0.0,260.0,260.0,0.0,0.0,0.0,1.0
fa77ad74-ceaf-4645-97d3-66860ecb0246,1995.0,1995.0,0.0,1995.0,1995.0,0.0,0.0,0.0,1.0
fa7f4827-5e9d-4925-80f3-4c8e2548bb6a,2000.0,2000.0,0.0,2000.0,2000.0,0.0,0.0,0.0,1.0
fa7fbe74-0745-4671-9cce-d9e060b6b191,895.0,895.0,0.0,895.0,895.0,0.0,0.0,0.0,1.0
fa8b2cd2-c8e3-49dd-bf04-93d452617827,85.0,85.0,0.0,85.0,85.0,0.0,0.0,0.0,1.0
fa94a09f-844b-469b-bf14-cf06ad520a40,895.0,895.0,0.0,895.0,895.0,0.0,0.0,0.0,1.0
fa99c5d2-e4a8-4c3b-bc75-331423cbffbd,12500.0,12500.0,0.0,12500.0,12500.0,0.0,0.0,0.0,1.0
fa9f4c49-89ec-4d8c-940d-898e6f68aa1d,23900.0,23900.0,0.0,23900.0,23900.0,0.0,0.0,0.0,1.0
faa17baf-b100-4752-9806-ee649c98f7d4,2950.0,2950.0,0.0,2950.0,2950.0,0.0,0.0,0.0,1.0
faa42fc9-730c-4c7c-bf4d-a51f9115ad45,46900.0,46900.0,0.0,46900.0,46900.0,0.0,0.0,0.0,1.0
faa70520-a86a-4cad-a554-3b91ab7a2eea,1995.0,1995.0,0.0,1995.0,1995.0,0.0,0.0,0.0,1.0
faae85fd-ccf3-4398-aeb3-da7bac597a44,1195.0,1195.0,0.0,1195.0,1195.0,0.0,0.0,0.0,1.0
fab73fed-e85b-4d51-b166-3dbca87996ea,1595.0,1595.0,0.0,1595.0,1595.0,0.0,0.0,0.0,1.0
fabd3cea-95b4-4a34-aa4c-0ff0d35cacab,4050.0,4050.0,0.0,4050.0,4050.0,0.0,0.0,0.0,1.0
facb4412-2f27-4a5f-9625-629abe900bd6,4695.0,4695.0,0.0,4695.0,4695.0,0.0,0.0,0.0,1.0
facf77a5-2b8c-40d7-8a07-57625460e9f3,4395.0,4395.0,0.0,4395.0,4395.0,0.0,0.0,0.0,1.0
fae41c87-f61a-44aa-aaaa-70c17173de19,1530.0,1530.0,0.0,1530.0,1530.0,0.0,0.0,0.0,1.0
fae60ec1-3f99-4967-89a4-af56bc24b404,4995.0,4995.0,0.0,4995.0,4995.0,0.0,0.0,0.0,1.0
fae7f395-a431-44a3-b575-d069ffb8c4bd,4695.0,4695.0,0.0,4695.0,4695.0,0.0,0.0,0.0,1.0
faec9456-04f0-4c64-a7d3-67d9667da50d,1700.0,1700.0,0.0,1700.0,1700.0,0.0,0.0,0.0,1.0
faf527f8-f3d4-4488-9a3b-a684598f7a1e,2095.0,2095.0,0.0,2095.0,2095.0,0.0,0.0,0.0,1.0
fb03ec08-f4ee-47a9-91ff-4a3c564e37e6,1195.0,1195.0,0.0,1195.0,1195.0,0.0,0.0,0.0,1.0
fb0722bf-9940-4d5a-80d8-d23a6350f363,1050.0,1050.0,0.0,1050.0,1050.0,0.0,0.0,0.0,1.0
fb0fc438-6ddf-4141-b027-9588713bee30,100.0,100.0,0.0,100.0,100.0,0.0,0.0,0.0,1.0
fb1678a7-3b22-402d-8f8b-fa5366250603,695.0,695.0,0.0,695.0,695.0,0.0,0.0,0.0,1.0
fb1dbf25-1dfa-40ad-b471-83551038e6cc,34900.0,34900.0,0.0,34900.0,34900.0,0.0,0.0,0.0,1.0
fb1eaa0a-f60b-432c-b770-8dd5aceaf43b,495.0,495.0,0.0,495.0,495.0,0.0,0.0,0.0,1.0
fb218b99-242b-4051-8f47-03b5772d5434,3495.0,3495.0,0.0,3495.0,3495.0,0.0,0.0,0.0,1.0
fb27703a-1b2b-44b8-ab62-d9475a2b90d2,795.0,795.0,0.0,795.0,795.0,0.0,0.0,0.0,1.0
fb2bcda6-00e1-4d94-a170-947fdfb8db08,295.0,295.0,0.0,295.0,295.0,0.0,0.0,0.0,1.0
fb387ec1-ef34-40d7-af4c-a95d9767b4f5,845.0,845.0,0.0,845.0,845.0,0.0,0.0,0.0,1.0
fb39d848-e616-4ae0-9c71-60919b73bf78,120.0,120.0,0.0,120.0,120.0,0.0,0.0,0.0,1.0
fb4427ed-3e2e-4c17-9a66-8fcfd205c10d,795.0,795.0,0.0,795.0,795.0,0.0,0.0,0.0,1.0
fb46ced6-815a-4e57-b76c-c49029e00c4d,3995.0,3995.0,0.0,3995.0,3995.0,0.0,0.0,0.0,1.0
fb55f960-a7d5-4ad2-a4a4-0c23a3db5077,1795.0,1795.0,0.0,1795.0,1795.0,0.0,0.0,0.0,1.0
fb598e04-e4f6-4230-947e-d8c9b44c5ff7,11500.0,11500.0,0.0,11500.0,11500.0,0.0,0.0,0.0,1.0
fb5d46ec-4d44-4300-b944-195c1cee7bd6,435.0,435.0,0.0,435.0,435.0,0.0,0.0,0.0,1.0
fb60f157-696c-4fb8-b6ca-ee8c89016265,43900.0,43900.0,0.0,43900.0,43900.0,0.0,0.0,0.0,1.0
fb6260bf-fd15-4bcb-8c9a-388aac3a1ec9,16900.0,16900.0,0.0,16900.0,16900.0,0.0,0.0,0.0,1.0
fb62b3ca-575d-4aa2-9ba2-26da9bd687b0,8980.0,8980.0,0.0,8980.0,8980.0,0.0,0.0,0.0,1.0
fb6342a9-c2b8-4e95-8003-042c93a83677,3000.0,3000.0,0.0,3000.0,3000.0,0.0,0.0,0.0,1.0
fb67f39d-3536-4ba9-9406-3f1ed8b81900,43900.0,43900.0,0.0,43900.0,43900.0,0.0,0.0,0.0,1.0
fb6f151c-af0f-4c89-b45e-eef95d3f9267,5995.0,5995.0,707.1067811865476,5495.0,6495.0,500.0,0.11794942138224312,1000.0,1.1819836214740673
fb714f50-63cf-4b51-9d30-80f126e8e81c,7995.0,7995.0,0.0,7995.0,7995.0,0.0,0.0,0.0,1.0
fb742213-cfc1-4401-a9f2-e255922eb20a,11500.0,11500.0,0.0,11500.0,11500.0,0.0,0.0,0.0,1.0
fb783fd0-daf8-428d-8759-e58d85abcf13,18900.0,18900.0,0.0,18900.0,18900.0,0.0,0.0,0.0,1.0
fb81398f-9d31-4b12-8ebe-72035319c569,1795.0,1795.0,0.0,1795.0,1795.0,0.0,0.0,0.0,1.0
fb81a7a9-a481-44e0-bbde-b6fbf9dc7aa4,8995.0,8995.0,0.0,8995.0,8995.0,0.0,0.0,0.0,1.0
fb8d8e32-ec53-4a0c-8fdc-bdf2d1e40e6d,1345.0,1345.0,0.0,1345.0,1345.0,0.0,0.0,0.0,1.0
fb948721-5190-48ed-bc7a-bbcc75521c06,2800.0,2800.0,0.0,2800.0,2800.0,0.0,0.0,0.0,1.0
fb96f24e-fdca-44f2-9d05-ad4a59936af4,5295.0,5295.0,0.0,5295.0,5295.0,0.0,0.0,0.0,1.0
fb974322-bba7-4121-9c1d-538dc003f311,595.0,595.0,0.0,595.0,595.0,0.0,0.0,0.0,1.0
fb9d1d13-3a24-415d-b19a-4c0d7098efe8,5350.0,5350.0,0.0,5350.0,5350.0,0.0,0.0,0.0,1.0
fba0c7a6-732f-46e3-9df1-82b3af57f8e5,15900.0,15900.0,0.0,15900.0,15900.0,0.0,0.0,0.0,1.0
fbadab8a-1711-4248-9bd5-7bc97b672a19,15900.0,15900.0,0.0,15900.0,15900.0,0.0,0.0,0.0,1.0
fbaf7d74-4ce3-408a-9d9b-3801736ec61a,12900.0,12900.0,0.0,12900.0,12900.0,0.0,0.0,0.0,1.0
fbb92a3d-9452-431e-92cc-6dd92efbdf8e,3595.0,3595.0,0.0,3595.0,3595.0,0.0,0.0,0.0,1.0
fbb94596-f8b3-483b-9928-f0839591ab49,135.0,135.0,0.0,135.0,135.0,0.0,0.0,0.0,1.0
fbbf4f8b-0dcd-44c5-a1fd-2f0a21995792,5500.0,5500.0,0.0,5500.0,5500.0,0.0,0.0,0.0,1.0
fbc1b1e2-103f-4f58-a2cd-e098a2a73137,5495.0,5495.0,0.0,5495.0,5495.0,0.0,0.0,0.0,1.0
fbc4e472-c6ae-4c96-aaf3-248aacf3342d,1900.0,1900.0,0.0,1900.0,1900.0,0.0,0.0,0.0,1.0
fbc9fb1c-8737-4085-90a5-39435a6f814a,2995.0,2995.0,0.0,2995.0,2995.0,0.0,0.0,0.0,1.0
fbcc9d22-f5ab-4126-b117-4e6fe561eecb,11900.0,11900.0,0.0,11900.0,11900.0,0.0,0.0,0.0,1.0
fbd968f3-63b1-44e0-812a-200238e4a238,11900.0,11900.0,0.0,11900.0,11900.0,0.0,0.0,0.0,1.0
fbe27cfb-25bf-4b7b-b2eb-7625ffb79ac4,24900.0,24900.0,0.0,24900.0,24900.0,0.0,0.0,0.0,1.0
fbe7f520-5a23-42f6-870e-0a7bd2c43e96,3995.0,3995.0,0.0,3995.0,3995.0,0.0,0.0,0.0,1.0
fbebfd2c-4325-4574-8b54-ab4114a1a40f,22900.0,22900.0,0.0,22900.0,22900.0,0.0,0.0,0.0,1.0
fbefaf71-555d-491a-80d7-102c4624fe58,545.0,545.0,0.0,545.0,545.0,0.0,0.0,0.0,1.0
fbfe8ef0-6ee7-44f0-917d-b7413311b179,2030.0,2030.0,0.0,2030.0,2030.0,0.0,0.0,0.0,1.0
fc0249b2-c2e4-412e-941f-3c3a5bcad81b,1095.0,1095.0,0.0,1095.0,1095.0,0.0,0.0,0.0,1.0
fc0f05d6-b45f-40d1-80a8-aa3a61f4eacc,12500.0,12500.0,0.0,12500.0,12500.0,0.0,0.0,0.0,1.0
fc173a09-44c4-4343-be12-75df2b8e958f,895.0,895.0,0.0,895.0,895.0,0.0,0.0,0.0,1.0
fc2899fa-0c65-4ca5-b07c-21e14a1cf7ad,745.0,745.0,0.0,745.0,745.0,0.0,0.0,0.0,1.0
fc2c6a42-42e6-4b94-b37b-f54883acde4d,1095.0,1095.0,0.0,1095.0,1095.0,0.0,0.0,0.0,1.0
fc2d4b02-7fdc-4f2f-b99f-1ece1c9df48c,2090.0,2090.0,0.0,2090.0,2090.0,0.0,0.0,0.0,1.0
fc2fd489-7a8f-4842-ace0-1f993719e229,3995.0,3995.0,0.0,3995.0,3995.0,0.0,0.0,0.0,1.0
fc3cb04c-4583-442f-876f-4032ad27e5af,7995.0,7995.0,0.0,7995.0,7995.0,0.0,0.0,0.0,1.0
fc403832-f9d8-414b-ac78-0c1b896b98c8,1195.0,1195.0,0.0,1195.0,1195.0,0.0,0.0,0.0,1.0
fc429b33-481e-4f7c-807b-fbbd5c285a13,3170.0,3170.0,0.0,3170.0,3170.0,0.0,0.0,0.0,1.0
fc4444d8-41b4-41f6-944a-30f890c5e6af,10900.0,10900.0,0.0,10900.0,10900.0,0.0,0.0,0.0,1.0
fc464118-ea62-4c15-ab05-92f5ae764bea,13500.0,13500.0,0.0,13500.0,13500.0,0.0,0.0,0.0,1.0
fc5136da-9127-40cf-9b54-326f35f7364d,1395.0,1395.0,0.0,1395.0,1395.0,0.0,0.0,0.0,1.0
fc533a67-50fa-4194-b1fb-d349fa82f840,1195.0,1195.0,0.0,1195.0,1195.0,0.0,0.0,0.0,1.0
fc572921-3ef1-4c17-b951-01efc652e230,14900.0,14900.0,0.0,14900.0,14900.0,0.0,0.0,0.0,1.0
fc5bd29e-e02a-47b0-9dc2-89c44f991422,1895.0,1895.0,0.0,1895.0,1895.0,0.0,0.0,0.0,1.0
fc617c62-19ed-409d-8bbe-d130381a8ccd,120.0,120.0,0.0,120.0,120.0,0.0,0.0,0.0,1.0
fc63c3a2-46af-4592-84c6-72839b60816f,24900.0,24900.0,0.0,24900.0,24900.0,0.0,0.0,0.0,1.0
fc66f4a7-47b8-4e33-aa71-9d5b4c0b8837,2030.0,2030.0,0.0,2030.0,2030.0,0.0,0.0,0.0,1.0
fc77b40d-9da7-465d-8a6b-1ff21001b949,545.0,545.0,0.0,545.0,545.0,0.0,0.0,0.0,1.0
fc7d7097-3e30-45a3-9042-2e97cd204992,445.0,445.0,0.0,445.0,445.0,0.0,0.0,0.0,1.0
fc82d465-f8c8-48e6-a67f-d3fbc37a16dd,2299.0,2299.0,0.0,2299.0,2299.0,0.0,0.0,0.0,1.0
fc83cec8-7d24-47d3-8262-70972e0a8d4f,22900.0,22900.0,0.0,22900.0,22900.0,0.0,0.0,0.0,1.0
fc85c1ca-d075-4357-b094-dce886de46a4,1595.0,1595.0,0.0,1595.0,1595.0,0.0,0.0,0.0,1.0
fc8fe47f-e01d-47ce-bf00-6f33e389acc5,4630.0,4630.0,0.0,4630.0,4630.0,0.0,0.0,0.0,1.0
fca4de42-e3d6-4e78-9e09-bf825037d87e,540.0,540.0,0.0,540.0,540.0,0.0,0.0,0.0,1.0
fca73d21-f28a-465c-85c8-ba1fc5659f15,745.0,745.0,0.0,745.0,745.0,0.0,0.0,0.0,1.0
fcac3547-d0bf-4336-bc8b-cd096226e1ec,16900.0,16900.0,0.0,16900.0,16900.0,0.0,0.0,0.0,1.0
fcb83fc7-44ac-4828-bbb9-7ff5a6e09558,3795.0,3795.0,0.0,3795.0,3795.0,0.0,0.0,0.0,1.0
fcc317e1-d813-4ad0-8819-54ddbd295ce9,3685.0,3685.0,0.0,3685.0,3685.0,0.0,0.0,0.0,1.0
fcc3d5cb-4db7-4d05-8e44-f349ccca5135,1695.0,1695.0,0.0,1695.0,1695.0,0.0,0.0,0.0,1.0
fccc2453-83d1-45cd-a2cc-424788000d2a,3195.0,3195.0,0.0,3195.0,3195.0,0.0,0.0,0.0,1.0
fcd57a59-e89e-49be-b558-3f7467750136,5295.0,5295.0,0.0,5295.0,5295.0,0.0,0.0,0.0,1.0
fce02743-f2b7-4a41-babd-9aa56000871e,3950.0,3950.0,0.0,3950.0,3950.0,0.0,0.0,0.0,1.0
fce0b39a-772c-4fa2-83c3-5cd57fdb9658,335.0,335.0,0.0,335.0,335.0,0.0,0.0,0.0,1.0
fcee052c-6515-4cf7-a96b-571585d4629c,125.0,125.0,0.0,125.0,125.0,0.0,0.0,0.0,1.0
fd015ec3-3685-44a1-aa2b-6aec6837eeb8,2800.0,2800.0,0.0,2800.0,2800.0,0.0,0.0,0.0,1.0
fd0f2960-80d9-464a-a3e0-2e1ded311203,12900.0,12900.0,0.0,12900.0,12900.0,0.0,0.0,0.0,1.0
fd1cb41a-7135-4a73-acde-90e6adc256d6,11900.0,11900.0,0.0,11900.0,11900.0,0.0,0.0,0.0,1.0
fd27e33e-5410-418d-adfb-7d5e18cdadee,4795.0,4795.0,0.0,4795.0,4795.0,0.0,0.0,0.0,1.0
fd3cb518-c1fb-418f-9f5f-210f8c506e8f,1695.0,1695.0,0.0,1695.0,1695.0,0.0,0.0,0.0,1.0
fd6201d5-12bb-4c6a-9159-83b6626e890a,845.0,845.0,0.0,845.0,845.0,0.0,0.0,0.0,1.0
fd62f741-050c-464f-9edb-f1f2bd8504ca,1295.0,1295.0,0.0,1295.0,1295.0,0.0,0.0,0.0,1.0
fd6e9059-d333-493b-96e6-0221c9661837,1900.0,1900.0,0.0,1900.0,1900.0,0.0,0.0,0.0,1.0
fd738d21-f5c5-4649-8422-1e07cd671d0d,13900.0,13900.0,0.0,13900.0,13900.0,0.0,0.0,0.0,1.0
fd78c162-1957-4273-b0af-e79f00145c11,13500.0,13500.0,0.0,13500.0,13500.0,0.0,0.0,0.0,1.0
fd7a3e6b-3c81-45b6-ad8e-49e6c046b693,1695.0,1695.0,0.0,1695.0,1695.0,0.0,0.0,0.0,1.0
fd7b3f3d-8ae0-48f4-b36c-991453609749,11900.0,11900.0,0.0,11900.0,11900.0,0.0,0.0,0.0,1.0
fd7f2827-e060-4d11-9348-7d34f28c300a,1245.0,1245.0,0.0,1245.0,1245.0,0.0,0.0,0.0,1.0
fd808564-407b-4481-903f-99f2d49ace8e,795.0,795.0,0.0,795.0,795.0,0.0,0.0,0.0,1.0
fd812582-72da-4512-986d-00fd597dc5ef,1099.0,1099.0,0.0,1099.0,1099.0,0.0,0.0,0.0,1.0
fd958ce9-bf00-4048-a7b3-de4a1beddde2,9900.0,9900.0,0.0,9900.0,9900.0,0.0,0.0,0.0,1.0
fda1ace4-3429-4a4a-b525-bd55757dfaee,1995.0,1995.0,0.0,1995.0,1995.0,0.0,0.0,0.0,1.0
fda2ce3c-afd9-4a43-b4a4-683982abef0c,3295.0,3295.0,0.0,3295.0,3295.0,0.0,0.0,0.0,1.0
fda7bc5a-f18e-4720-b9d6-448e49286f06,6500.0,6500.0,0.0,6500.0,6500.0,0.0,0.0,0.0,1.0
fdb39edf-131f-4a1b-af34-2566cb2dab24,595.0,595.0,0.0,595.0,595.0,0.0,0.0,0.0,1.0
fdc19245-69b3-49a8-926f-000fccceb16d,310.0,310.0,0.0,310.0,310.0,0.0,0.0,0.0,1.0
fdc2afc6-c4d0-4042-9e43-faf32e1bf8f1,10900.0,10900.0,0.0,10900.0,10900.0,0.0,0.0,0.0,1.0
fdc4a979-40b7-4844-9035-3245756879c6,20900.0,20900.0,0.0,20900.0,20900.0,0.0,0.0,0.0,1.0
fdd0336b-c486-4fa5-a96b-8b79c1f18374,1245.0,1245.0,0.0,1245.0,1245.0,0.0,0.0,0.0,1.0
fdd04c8b-551e-491d-bb6a-cf18f7e2840c,1885.0,1885.0,0.0,1885.0,1885.0,0.0,0.0,0.0,1.0
fddd80a4-4f37-4e7e-9e47-7a90e50a130c,595.0,595.0,0.0,595.0,595.0,0.0,0.0,0.0,1.0
fde801ef-542e-4950-81c4-c14911d3824a,7900.0,7900.0,0.0,7900.0,7900.0,0.0,0.0,0.0,1.0
fdf20b9c-42f4-4b8e-95da-37300339b437,995.0,995.0,0.0,995.0,995.0,0.0,0.0,0.0,1.0
fdf22480-a5a7-46d6-8b87-30a0ed2dba41,5940.0,5940.0,0.0,5940.0,5940.0,0.0,0.0,0.0,1.0
fdf89414-b22d-494e-a14c-d90f903e40ec,490.0,490.0,0.0,490.0,490.0,0.0,0.0,0.0,1.0
fe14e292-2c0b-44c3-a276-872a79dec409,19900.0,19900.0,0.0,19900.0,19900.0,0.0,0.0,0.0,1.0
fe179874-527d-4900-9471-de96cd6118b8,1445.0,1445.0,0.0,1445.0,1445.0,0.0,0.0,0.0,1.0
fe17fe06-6b01-438e-9890-83be740ad12f,6995.0,6995.0,0.0,6995.0,6995.0,0.0,0.0,0.0,1.0
fe2ac28d-c419-45c9-ac0f-2e7029451f1c,575.0,575.0,0.0,575.0,575.0,0.0,0.0,0.0,1.0
fe2e486c-1ed2-45dd-92a8-1a341320538f,6995.0,6995.0,0.0,6995.0,6995.0,0.0,0.0,0.0,1.0
fe3ade00-c1b7-4087-9a23-5586ee9cd99f,1150.0,1150.0,0.0,1150.0,1150.0,0.0,0.0,0.0,1.0
fe3d9f73-feda-4016-a03f-748126d61a9f,780.0,780.0,0.0,780.0,780.0,0.0,0.0,0.0,1.0
fe50b55f-cdc2-4a65-bbcb-22ae383831b1,10500.0,10500.0,0.0,10500.0,10500.0,0.0,0.0,0.0,1.0
fe525f4e-b150-4bdb-89a6-fff71f653f32,1195.0,1195.0,0.0,1195.0,1195.0,0.0,0.0,0.0,1.0
fe5c9563-f8ac-48fb-89d7-9be30d894654,995.0,995.0,0.0,995.0,995.0,0.0,0.0,0.0,1.0
fe5cfe65-b027-4dfb-8f18-81ef60474c38,9900.0,9900.0,0.0,9900.0,9900.0,0.0,0.0,0.0,1.0
fe661583-6377-4493-b1c1-756abba29823,595.0,595.0,0.0,595.0,595.0,0.0,0.0,0.0,1.0
fe6637be-a50a-4a0f-ab57-206e9f69cd70,65.0,65.0,0.0,65.0,65.0,0.0,0.0,0.0,1.0
fe7a44e9-30dd-46a7-a633-14e829a5e56a,17900.0,17900.0,0.0,17900.0,17900.0,0.0,0.0,0.0,1.0
fe7e4b83-a853-4f83-95ab-4f1abdd7d572,415.0,415.0,0.0,415.0,415.0,0.0,0.0,0.0,1.0
fe83361c-d94a-4dca-ad95-d9ca8793754c,8995.0,8995.0,0.0,8995.0,8995.0,0.0,0.0,0.0,1.0
fe8a0897-0666-4875-b2c1-dbb90f2bb413,495.0,495.0,0.0,495.0,495.0,0.0,0.0,0.0,1.0
fe8c8999-8a68-4893-9acc-165fdda8a307,17500.0,17500.0,0.0,17500.0,17500.0,0.0,0.0,0.0,1.0
fe8d4599-2a26-498b-83af-5f941a9d0161,4490.0,4490.0,0.0,4490.0,4490.0,0.0,0.0,0.0,1.0
fe91af93-073b-4921-b98e-0c6299d482de,320.0,320.0,0.0,320.0,320.0,0.0,0.0,0.0,1.0
fe936965-b54a-4321-a829-57cdcf6ca561,1350.0,1350.0,0.0,1350.0,1350.0,0.0,0.0,0.0,1.0
fe93840f-b6cb-4aa6-82e3-92608f786d03,3995.0,3995.0,0.0,3995.0,3995.0,0.0,0.0,0.0,1.0
feaefc96-e845-4c84-b1ce-5087afefc555,2410.0,2410.0,0.0,2410.0,2410.0,0.0,0.0,0.0,1.0
feafc752-d182-46c6-b6ee-15aa91e3d1f6,1840.0,1840.0,0.0,1840.0,1840.0,0.0,0.0,0.0,1.0
feb33923-c173-4af8-9470-582a80baf437,8900.0,8900.0,0.0,8900.0,8900.0,0.0,0.0,0.0,1.0
feb6b73a-8105-4d6c-bbfc-d9c316ca2b9b,1945.0,1945.0,0.0,1945.0,1945.0,0.0,0.0,0.0,1.0
febfbb36-b58f-4e00-820d-6cbf4d6442b2,1095.0,1095.0,0.0,1095.0,1095.0,0.0,0.0,0.0,1.0
fec3fc3b-0067-43fb-b5a6-617eedc64cf2,3695.0,3695.0,0.0,3695.0,3695.0,0.0,0.0,0.0,1.0
fecca1da-b427-4e2f-8a7c-86a6d880f555,22900.0,22900.0,0.0,22900.0,22900.0,0.0,0.0,0.0,1.0
fed93562-373f-475e-8d72-6c0cd38845a2,5995.0,5995.0,0.0,5995.0,5995.0,0.0,0.0,0.0,1.0
fedc0821-b57d-4cab-9222-a0dfa3437bcf,995.0,995.0,0.0,995.0,995.0,0.0,0.0,0.0,1.0
fee415d1-9907-448a-a882-dd5ae5d8bcfa,6695.0,6695.0,0.0,6695.0,6695.0,0.0,0.0,0.0,1.0
fee5a4e4-e822-4a34-9163-696a297bb4b8,9900.0,9900.0,0.0,9900.0,9900.0,0.0,0.0,0.0,1.0
feea04f5-7d58-4d27-b864-6c9457a3ea8e,1795.0,1795.0,0.0,1795.0,1795.0,0.0,0.0,0.0,1.0
fef33272-5162-4ac3-83a5-21e6fe37f7c2,2480.0,2480.0,0.0,2480.0,2480.0,0.0,0.0,0.0,1.0
fefb081b-231e-4d2a-9ba7-f9eba927f972,545.0,545.0,0.0,545.0,545.0,0.0,0.0,0.0,1.0
fefd3b5e-24dd-4f38-86bb-bbee44eec425,2695.0,2695.0,0.0,2695.0,2695.0,0.0,0.0,0.0,1.0
ff01df47-01aa-4f57-9295-3b9d6426ad12,2395.0,2395.0,0.0,2395.0,2395.0,0.0,0.0,0.0,1.0
ff086b25-d568-4f9d-9a0a-29874fd7feba,5195.0,5195.0,0.0,5195.0,5195.0,0.0,0.0,0.0,1.0
ff0b6aac-8ca0-4ae9-aed6-7f75fa6337cb,695.0,695.0,0.0,695.0,695.0,0.0,0.0,0.0,1.0
ff199659-e46a-4074-acb6-365940b777fd,5495.0,5495.0,0.0,5495.0,5495.0,0.0,0.0,0.0,1.0
ff1b0f0a-3c27-460e-b7cb-e64437ea4b4d,895.0,895.0,0.0,895.0,895.0,0.0,0.0,0.0,1.0
ff27b820-3bf3-4b1c-8e7c-02f9b75e1ea2,745.0,745.0,0.0,745.0,745.0,0.0,0.0,0.0,1.0
ff28a66a-4ef5-4f65-88ec-5fb324c0c5ea,1695.0,1695.0,0.0,1695.0,1695.0,0.0,0.0,0.0,1.0
ff2a06a2-62db-4862-a85b-11a5d4dfb78e,1395.0,1395.0,0.0,1395.0,1395.0,0.0,0.0,0.0,1.0
ff303f7d-fd43-4e76-aa00-78d3077ed399,9495.0,9495.0,0.0,9495.0,9495.0,0.0,0.0,0.0,1.0
ff3d6cff-ea4e-4ca5-840b-ee2a077fabdd,3995.0,3995.0,0.0,3995.0,3995.0,0.0,0.0,0.0,1.0
ff5cf6be-4e3c-4715-8782-ed4033a5c99e,995.0,995.0,0.0,995.0,995.0,0.0,0.0,0.0,1.0
ff5fdfb8-32ee-4d60-a1b3-1af3e1bd5f0d,1499.0,1499.0,0.0,1499.0,1499.0,0.0,0.0,0.0,1.0
ff68c259-fd17-4f40-b958-cc7e3173cebc,2900.0,2900.0,0.0,2900.0,2900.0,0.0,0.0,0.0,1.0
ff76f875-bf00-4360-a792-82e677c3238c,1095.0,1095.0,0.0,1095.0,1095.0,0.0,0.0,0.0,1.0
ff7b32f6-db12-48ab-aa32-f044a2d8f137,1995.0,1995.0,0.0,1995.0,1995.0,0.0,0.0,0.0,1.0
ff858c2f-ed51-4c3a-9187-df7094263fb7,1495.0,1495.0,0.0,1495.0,1495.0,0.0,0.0,0.0,1.0
ff85e6c6-6939-4078-8478-731996d76935,1595.0,1595.0,0.0,1595.0,1595.0,0.0,0.0,0.0,1.0
ff86ee7c-c637-4766-b01f-0f9d9307b3f0,19900.0,19900.0,0.0,19900.0,19900.0,0.0,0.0,0.0,1.0
ff88ef95-e782-4f6a-9ba7-4c4683832665,995.0,995.0,0.0,995.0,995.0,0.0,0.0,0.0,1.0
ff8f9bc8-6f80-4efd-97d9-711517c0aade,3295.0,3295.0,0.0,3295.0,3295.0,0.0,0.0,0.0,1.0
ff911c7c-3967-41cd-b5d3-d7d8f1559189,2895.0,2895.0,0.0,2895.0,2895.0,0.0,0.0,0.0,1.0
ff9350b3-9723-4f86-84c2-56a2abba5fba,645.0,645.0,0.0,645.0,645.0,0.0,0.0,0.0,1.0
ff93f763-0d77-4513-8a58-b1cc8c16e113,1795.0,1795.0,0.0,1795.0,1795.0,0.0,0.0,0.0,1.0
ff9507c0-15de-480b-b5ac-f16f7317ff83,1195.0,1195.0,0.0,1195.0,1195.0,0.0,0.0,0.0,1.0
ff962669-6fcb-4752-944d-2db79bf54e55,2500.0,2500.0,0.0,2500.0,2500.0,0.0,0.0,0.0,1.0
ffa1f703-09fe-4f9c-afa6-55b641f0a6b7,3799.0,3799.0,0.0,3799.0,3799.0,0.0,0.0,0.0,1.0
ffa97ee1-07a4-44d6-97bc-8773d0032506,1260.0,1260.0,0.0,1260.0,1260.0,0.0,0.0,0.0,1.0
ffaa4c8e-21e4-483c-a9e8-a335d37ead0d,3990.0,3990.0,0.0,3990.0,3990.0,0.0,0.0,0.0,1.0
ffb17fac-3563-48bc-ac9e-ac582a5ce6ae,11900.0,11900.0,0.0,11900.0,11900.0,0.0,0.0,0.0,1.0
ffb66513-d457-4a25-9452-995d213be803,12900.0,12900.0,0.0,12900.0,12900.0,0.0,0.0,0.0,1.0
ffb72abf-3af2-45a1-ad4c-35c74bf83f12,7495.0,7495.0,0.0,7495.0,7495.0,0.0,0.0,0.0,1.0
ffbc9c7e-6467-4fff-b300-ebfe4094a32c,3695.0,3695.0,0.0,3695.0,3695.0,0.0,0.0,0.0,1.0
ffc2379f-a0c1-493a-8ac7-21e89827eaaa,6995.0,6995.0,0.0,6995.0,6995.0,0.0,0.0,0.0,1.0
ffc42965-2ee5-4c13-b830-df44138af435,30900.0,30900.0,0.0,30900.0,30900.0,0.0,0.0,0.0,1.0
ffc4dfb9-89c3-44ba-9351-7417312fa4e3,3695.0,3695.0,0.0,3695.0,3695.0,0.0,0.0,0.0,1.0
ffc713d1-6d93-4fc2-b9c0-6093b2a63496,4495.0,4495.0,0.0,4495.0,4495.0,0.0,0.0,0.0,1.0
ffc9013a-7daf-4af2-a55f-34d52b0dd701,895.0,895.0,0.0,895.0,895.0,0.0,0.0,0.0,1.0
ffcc1a5e-6560-4193-96ea-38f21319b954,1145.0,1145.0,0.0,1145.0,1145.0,0.0,0.0,0.0,1.0
ffdf9bb2-dec9-4e04-9540-dc563ea7adfc,1260.0,1260.0,0.0,1260.0,1260.0,0.0,0.0,0.0,1.0
ffe3bbce-6e75-4ba3-941e-5709629d047e,995.0,995.0,0.0,995.0,995.0,0.0,0.0,0.0,1.0
ffe457f1-ff38-422f-9b75-2e4903879571,8900.0,8900.0,0.0,8900.0,8900.0,0.0,0.0,0.0,1.0
ffee8eca-bd89-4970-b50e-283a46026dd5,3595.0,3595.0,0.0,3595.0,3595.0,0.0,0.0,0.0,1.0
fff207c5-7f3c-4892-8589-cf77ee8578fb,40900.0,40900.0,0.0,40900.0,40900.0,0.0,0.0,0.0,1.0
fff629fb-63e9-4102-9177-4da17b0784d6,12900.0,12900.0,0.0,12900.0,12900.0,0.0,0.0,0.0,1.0
fffe81b2-3871-4392-b59d-ac26d82d0462,4295.0,4295.0,0.0,4295.0,4295.0,0.0,0.0,0.0,1.0
